1790.000000
1782.000000
1774.000000
1766.000000
1758.000000
1750.000000
1742.000000
1734.000000
1742.000000
1734.000000
1730.000000
1722.000000
1714.000000
1706.000000
1698.000000
1690.000000
1682.000000
1674.000000
1670.000000
1662.000000
1654.000000
1646.000000
1638.000000
1630.000000
1626.000000
1622.000000
1618.000000
1610.000000
1602.000000
1594.000000
1586.000000
1578.000000
1574.000000
1566.000000
1558.000000
1550.000000
1546.000000
1538.000000
1530.000000
1522.000000
1514.000000
1506.000000
1502.000000
1498.000000
1490.000000
1498.000000
1490.000000
1494.000000
1486.000000
1478.000000
1470.000000
1462.000000
1454.000000
1450.000000
1442.000000
1434.000000
1426.000000
1418.000000
1410.000000
1402.000000
1394.000000
1386.000000
1378.000000
1370.000000
1362.000000
1358.000000
1354.000000
1346.000000
1338.000000
1330.000000
1322.000000
1318.000000
1310.000000
1302.000000
1302.000000
1294.000000
1294.000000
1286.000000
1282.000000
1274.000000
1266.000000
1262.000000
1258.000000
1250.000000
1250.000000
1242.000000
1234.000000
1226.000000
1222.000000
1214.000000
1214.000000
1222.000000
1214.000000
1210.000000
1202.000000
1194.000000
1186.000000
1178.000000
1186.000000
1194.000000
