1.000000
0.998055
0.996119
0.994186
0.992249
0.990312
0.988367
0.986419
0.984467
0.982522
0.980590
0.978673
0.976761
0.974832
0.972921
0.971012
0.969112
0.967231
0.965354
0.963478
0.961624
0.959767
0.957933
0.956105
0.954280
0.952439
0.950606
0.948785
0.946965
0.945175
0.943371
0.941608
0.939842
0.938087
0.936324
0.934560
0.932806
0.931050
0.929315
0.927573
0.925822
0.924099
0.922395
0.920689
0.918991
0.917279
0.915597
0.913927
0.912249
0.910582
0.908916
0.907288
0.905635
0.904025
0.902422
0.900818
0.899193
0.897582
0.895960
0.894377
0.892739
0.891160
0.889555
0.887965
0.886361
0.884759
0.883179
0.881566
0.879953
0.878366
0.876752
0.875166
0.873553
0.871974
0.870382
0.868772
0.867137
0.865544
0.863947
0.862370
0.860741
0.859177
0.857588
0.856035
0.854483
0.852967
0.851439
0.849947
0.848424
0.846943
0.845436
0.843960
0.842469
0.840985
0.839533
0.838064
0.836592
0.835113
0.833655
0.832181
0.830667
0.829226
0.827747
0.826272
0.824797
0.823339
0.821869
0.820429
0.818961
0.817511
0.816045
0.814612
0.813147
0.811686
0.810283
0.808841
0.807426
0.805988
0.804541
0.803110
0.801685
0.800303
0.798933
0.797549
0.796176
0.794758
0.793373
0.792001
0.790629
0.789239
0.787837
0.786481
0.785062
0.783668
0.782273
0.780888
0.779485
0.778092
0.776713
0.775348
0.773998
0.772670
0.771353
0.770028
0.768707
0.767401
0.766120
0.764823
0.763542
0.762244
0.760934
0.759690
0.758390
0.757141
0.755871
0.754617
0.753367
0.752152
0.750941
0.749739
0.748488
0.747310
0.746096
0.744868
0.743633
0.742412
0.741210
0.739991
0.738768
0.737581
0.736382
0.735183
0.733947
0.732739
0.731541
0.730301
0.729087
0.727883
0.726655
0.725461
0.724184
0.722958
0.721719
0.720502
0.719253
0.718046
0.716823
0.715637
0.714389
0.713173
0.711948
0.710786
0.709637
0.708480
0.707355
0.706188
0.705042
0.703926
0.702794
0.701662
0.700508
0.699425
0.698290
0.697173
0.696076
0.694992
0.693896
0.692841
0.691735
0.690693
0.689613
0.688602
0.687530
0.686489
0.685483
0.684428
0.683403
0.682359
0.681361
0.680345
0.679322
0.678330
0.677347
0.676328
0.675349
0.674353
0.673396
0.672477
0.671505
0.670570
0.669611
0.668699
0.667751
0.666844
0.665914
0.665005
0.664046
0.663159
0.662241
0.661346
0.660434
0.659505
0.658631
0.657737
0.656827
0.655936
0.655036
0.654197
0.653306
0.652476
0.651573
0.650727
0.649885
0.649040
0.648199
0.647339
0.646458
0.645610
0.644723
0.643847
0.642883
0.642004
0.641061
0.640121
0.639201
0.638293
0.637395
0.636490
0.635588
0.634682
0.633774
0.632878
0.631976
0.631091
0.630243
0.629324
0.628443
0.627600
0.626719
0.625909
0.625012
0.624169
0.623274
0.622422
0.621513
0.620661
0.619758
0.618892
0.617950
0.617026
0.616155
0.615243
0.614369
0.613496
0.612667
0.611791
0.610922
0.610102
0.609261
0.608420
0.607522
0.606809
0.605995
0.605199
0.604426
0.603629
0.602807
0.602062
0.601246
0.600466
0.599647
0.598897
0.598077
0.597295
0.596535
0.595759
0.594989
0.594191
0.593421
0.592642
0.591880
0.591110
0.590408
0.589648
0.588897
0.588135
0.587407
0.586717
0.585969
0.585249
0.584532
0.583854
0.583159
0.582484
0.581799
0.581144
0.580410
0.579742
0.579005
0.578283
0.577601
0.576874
0.576194
0.575477
0.574798
0.574098
0.573391
0.572733
0.572058
0.571383
0.570670
0.570002
0.569342
0.568695
0.568044
0.567407
0.566731
0.566084
0.565406
0.564746
0.564050
0.563387
0.562724
0.562080
0.561465
0.560843
0.560232
0.559649
0.559074
0.558513
0.557980
0.557392
0.556800
0.556223
0.555661
0.555072
0.554524
0.553985
0.553431
0.552936
0.552402
0.551866
0.551339
0.550831
0.550261
0.549757
0.549185
0.548667
0.548097
0.547543
0.547011
0.546470
0.545963
0.545404
0.544902
0.544335
0.543788
0.543248
0.542697
0.542141
0.541580
0.541103
0.540576
0.540040
0.539521
0.539031
0.538474
0.538013
0.537462
0.536997
0.536464
0.535982
0.535444
0.534948
0.534486
0.533999
0.533527
0.533047
0.532608
0.532135
0.531668
0.531178
0.530737
0.530255
0.529741
0.529254
0.528796
0.528389
0.527928
0.527491
0.527020
0.526605
0.526161
0.525758
0.525317
0.524910
0.524454
0.524027
0.523567
0.523067
0.522642
0.522141
0.521692
0.521226
0.520781
0.520297
0.519859
0.519431
0.518982
0.518514
0.518036
0.517592
0.517117
0.516682
0.516254
0.515838
0.515378
0.514974
0.514540
0.514121
0.513672
0.513258
0.512817
0.512407
0.512003
0.511591
0.511186
0.510790
0.510448
0.510066
0.509680
0.509287
0.508920
0.508556
0.508180
0.507768
0.507384
0.506946
0.506526
0.506158
0.505741
0.505297
0.504866
0.504455
0.504039
0.503581
0.503138
0.502705
0.502203
0.501712
0.501274
0.500799
0.500333
0.499888
0.499418
0.498941
0.498484
0.498101
0.497651
0.497229
0.496852
0.496442
0.496020
0.495585
0.495200
0.494750
0.494280
0.493852
0.493434
0.493014
0.492558
0.492158
0.491704
0.491244
0.490818
0.490370
0.489914
0.489471
0.489029
0.488559
0.488118
0.487641
0.487231
0.486791
0.486326
0.485874
0.485455
0.485045
0.484602
0.484154
0.483681
0.483221
0.482751
0.482329
0.481868
0.481419
0.480952
0.480479
0.480036
0.479594
0.479198
0.478718
0.478261
0.477798
0.477341
0.476823
0.476320
0.475859
0.475343
0.474822
0.474316
0.473806
0.473266
0.472699
0.472169
0.471599
0.471033
0.470485
0.469931
0.469346
0.468759
0.468220
0.467642
0.467074
0.466501
0.465942
0.465420
0.464896
0.464408
0.463888
0.463389
0.462867
0.462383
0.461859
0.461398
0.460921
0.460464
0.460000
0.459522
0.459063
0.458579
0.458089
0.457600
0.457149
0.456689
0.456202
0.455727
0.455284
0.454782
0.454293
0.453851
0.453368
0.452927
0.452469
0.451996
0.451463
0.450969
0.450487
0.449968
0.449427
0.448895
0.448411
0.447855
0.447347
0.446855
0.446347
0.445801
0.445358
0.444897
0.444416
0.443894
0.443445
0.442963
0.442455
0.442006
0.441578
0.441137
0.440711
0.440318
0.439886
0.439462
0.439014
0.438604
0.438160
0.437698
0.437215
0.436785
0.436356
0.435903
0.435485
0.435020
0.434601
0.434157
0.433756
0.433348
0.432941
0.432517
0.432071
0.431608
0.431139
0.430758
0.430280
0.429844
0.429403
0.428939
0.428456
0.427979
0.427553
0.427062
0.426541
0.426055
0.425566
0.425044
0.424532
0.424071
0.423519
0.422990
0.422470
0.421957
0.421439
0.420914
0.420449
0.419924
0.419380
0.418862
0.418328
0.417837
0.417335
0.416837
0.416292
0.415753
0.415173
0.414644
0.414068
0.413519
0.412937
0.412355
0.411768
0.411162
0.410566
0.409912
0.409285
0.408643
0.408040
0.407391
0.406708
0.406076
0.405490
0.404814
0.404168
0.403534
0.402915
0.402327
0.401715
0.401145
0.400536
0.399912
0.399287
0.398674
0.398074
0.397489
0.396954
0.396360
0.395760
0.395178
0.394586
0.393978
0.393399
0.392788
0.392196
0.391564
0.390957
0.390348
0.389696
0.389098
0.388477
0.387835
0.387212
0.386611
0.385996
0.385425
0.384840
0.384291
0.383731
0.383162
0.382574
0.382015
0.381479
0.380945
0.380389
0.379849
0.379311
0.378780
0.378267
0.377767
0.377277
0.376744
0.376207
0.375640
0.375077
0.374606
0.374054
0.373558
0.373035
0.372489
0.371946
0.371424
0.370946
0.370428
0.369879
0.369413
0.368889
0.368341
0.367808
0.367341
0.366801
0.366277
0.365758
0.365214
0.364717
0.364150
0.363696
0.363132
0.362586
0.362032
0.361484
0.360962
0.360448
0.359913
0.359361
0.358840
0.358315
0.357798
0.357295
0.356827
0.356320
0.355766
0.355246
0.354743
0.354241
0.353704
0.353222
0.352720
0.352255
0.351764
0.351252
0.350740
0.350280
0.349725
0.349221
0.348710
0.348216
0.347703
0.347195
0.346748
0.346271
0.345820
0.345362
0.344889
0.344414
0.343955
0.343497
0.342997
0.342480
0.342022
0.341577
0.341110
0.340711
0.340236
0.339813
0.339386
0.338949
0.338537
0.338093
0.337700
0.337265
0.336789
0.336350
0.335910
0.335466
0.334980
0.334478
0.334022
0.333560
0.333120
0.332707
0.332256
0.331850
0.331424
0.330977
0.330605
0.330221
0.329807
0.329431
0.329097
0.328699
0.328324
0.327947
0.327540
0.327157
0.326801
0.326441
0.326101
0.325713
0.325386
0.325065
0.324679
0.324368
0.324007
0.323640
0.323315
0.322974
0.322622
0.322268
0.322010
0.321659
0.321341
0.321042
0.320668
0.320354
0.320010
0.319711
0.319387
0.319066
0.318725
0.318435
0.318113
0.317861
0.317566
0.317204
0.316903
0.316612
0.316239
0.315916
0.315610
0.315267
0.314903
0.314576
0.314235
0.313899
0.313530
0.313190
0.312859
0.312538
0.312231
0.311853
0.311468
0.311182
0.310778
0.310454
0.310118
0.309742
0.309420
0.309075
0.308781
0.308459
0.308125
0.307800
0.307479
0.307152
0.306817
0.306533
0.306189
0.305864
0.305545
0.305221
0.304897
0.304612
0.304240
0.303939
0.303572
0.303252
0.302925
0.302574
0.302273
0.301928
0.301523
0.301226
0.300865
0.300545
0.300182
0.299858
0.299562
0.299271
0.298957
0.298667
0.298336
0.298040
0.297714
0.297355
0.297084
0.296742
0.296348
0.296044
0.295746
0.295417
0.295108
0.294740
0.294441
0.294108
0.293831
0.293572
0.293356
0.293063
0.292861
0.292611
0.292394
0.292172
0.291900
0.291654
0.291392
0.291122
0.290865
0.290580
0.290393
0.290188
0.289930
0.289738
0.289459
0.289284
0.289111
0.288907
0.288713
0.288611
0.288437
0.288313
0.288151
0.288053
0.287934
0.287747
0.287624
0.287546
0.287354
0.287222
0.287092
0.286991
0.286891
0.286788
0.286692
0.286592
0.286466
0.286321
0.286204
0.286089
0.285983
0.285804
0.285667
0.285604
0.285464
0.285390
0.285275
0.285174
0.285072
0.284926
0.284825
0.284732
0.284615
0.284491
0.284351
0.284245
0.284140
0.284016
0.283880
0.283763
0.283647
0.283539
0.283420
0.283330
0.283185
0.283094
0.282975
0.282839
0.282694
0.282535
0.282398
0.282216
0.282006
0.281877
0.281694
0.281557
0.281427
0.281241
0.281052
0.280888
0.280698
0.280518
0.280344
0.280174
0.279998
0.279754
0.279597
0.279444
0.279222
0.279027
0.278881
0.278683
0.278506
0.278327
0.278181
0.277996
0.277825
0.277651
0.277471
0.277257
0.277102
0.276889
0.276723
0.276574
0.276342
0.276114
0.275927
0.275735
0.275507
0.275282
0.275126
0.274968
0.274782
0.274621
0.274370
0.274160
0.273973
0.273756
0.273524
0.273329
0.273126
0.272909
0.272704
0.272566
0.272395
0.272187
0.272046
0.271923
0.271712
0.271562
0.271423
0.271277
0.271124
0.270983
0.270887
0.270743
0.270590
0.270466
0.270346
0.270191
0.270065
0.269878
0.269710
0.269550
0.269335
0.269207
0.269014
0.268875
0.268752
0.268587
0.268474
0.268297
0.268144
0.267997
0.267817
0.267661
0.267503
0.267347
0.267202
0.266982
0.266845
0.266675
0.266471
0.266295
0.266068
0.265908
0.265746
0.265561
0.265396
0.265183
0.265011
0.264800
0.264562
0.264376
0.264153
0.263969
0.263779
0.263542
0.263301
0.263102
0.262846
0.262623
0.262394
0.262141
0.261929
0.261635
0.261443
0.261247
0.260986
0.260783
0.260613
0.260387
0.260168
0.259942
0.259752
0.259530
0.259306
0.259096
0.258890
0.258635
0.258473
0.258250
0.258085
0.257897
0.257650
0.257411
0.257204
0.256973
0.256730
0.256460
0.256286
0.256060
0.255841
0.255614
0.255341
0.255113
0.254865
0.254595
0.254336
0.254091
0.253821
0.253529
0.253265
0.253028
0.252796
0.252516
0.252292
0.252081
0.251796
0.251533
0.251300
0.251060
0.250822
0.250568
0.250345
0.250095
0.249836
0.249594
0.249323
0.249055
0.248822
0.248521
0.248255
0.248007
0.247700
0.247421
0.247072
0.246773
0.246495
0.246160
0.245883
0.245538
0.245262
0.244965
0.244652
0.244351
0.244045
0.243794
0.243543
0.243241
0.242999
0.242718
0.242488
0.242276
0.242035
0.241849
0.241647
0.241450
0.241262
0.241048
0.240872
0.240633
0.240422
0.240231
0.240033
0.239796
0.239607
0.239378
0.239133
0.238918
0.238717
0.238509
0.238313
0.238103
0.237886
0.237626
0.237430
0.237237
0.236982
0.236756
0.236570
0.236301
0.236076
0.235838
0.235615
0.235377
0.235130
0.234892
0.234685
0.234422
0.234238
0.233985
0.233783
0.233560
0.233294
0.233052
0.232835
0.232607
0.232402
0.232154
0.232000
0.231787
0.231602
0.231365
0.231124
0.230916
0.230709
0.230488
0.230321
0.230159
0.229991
0.229818
0.229672
0.229576
0.229466
0.229282
0.229166
0.229069
0.228954
0.228825
0.228720
0.228603
0.228514
0.228405
0.228290
0.228113
0.227965
0.227817
0.227625
0.227448
0.227279
0.227072
0.226861
0.226664
0.226425
0.226217
0.225954
0.225726
0.225497
0.225212
0.224982
0.224674
0.224400
0.224135
0.223838
0.223567
0.223321
0.223068
0.222806
0.222497
0.222233
0.221939
0.221670
0.221413
0.221113
0.220842
0.220555
0.220284
0.220025
0.219738
0.219521
0.219195
0.218950
0.218696
0.218468
0.218196
0.217971
0.217715
0.217455
0.217233
0.217029
0.216781
0.216559
0.216325
0.216099
0.215856
0.215623
0.215399
0.215096
0.214833
0.214661
0.214376
0.214157
0.213892
0.213633
0.213366
0.213097
0.212810
0.212550
0.212207
0.211916
0.211627
0.211335
0.211099
0.210818
0.210508
0.210238
0.209942
0.209636
0.209298
0.209061
0.208753
0.208536
0.208239
0.207909
0.207646
0.207384
0.207092
0.206851
0.206562
0.206309
0.205988
0.205715
0.205477
0.205198
0.204834
0.204563
0.204257
0.203921
0.203579
0.203248
0.202881
0.202531
0.202189
0.201879
0.201494
0.201149
0.200798
0.200440
0.200106
0.199789
0.199434
0.199061
0.198713
0.198317
0.197962
0.197555
0.197185
0.196815
0.196374
0.196003
0.195535
0.195148
0.194741
0.194347
0.193942
0.193543
0.193156
0.192775
0.192350
0.191940
0.191503
0.191013
0.190562
0.190070
0.189623
0.189177
0.188733
0.188302
0.187825
0.187426
0.186936
0.186538
0.186133
0.185717
0.185268
0.184874
0.184428
0.184010
0.183649
0.183316
0.182888
0.182489
0.182084
0.181691
0.181254
0.180833
0.180467
0.180040
0.179632
0.179331
0.178957
0.178566
0.178181
0.177791
0.177403
0.177048
0.176660
0.176325
0.175874
0.175552
0.175185
0.174887
0.174541
0.174192
0.173776
0.173432
0.173086
0.172709
0.172322
0.171964
0.171616
0.171293
0.170940
0.170508
0.170140
0.169755
0.169336
0.168958
0.168544
0.168223
0.167775
0.167397
0.167076
0.166750
0.166322
0.166015
0.165664
0.165346
0.165018
0.164744
0.164418
0.164119
0.163861
0.163631
0.163379
0.163133
0.162894
0.162629
0.162370
0.162174
0.161965
0.161715
0.161568
0.161354
0.161183
0.161029
0.160844
0.160748
0.160559
0.160464
0.160287
0.160169
0.159991
0.159819
0.159641
0.159459
0.159276
0.159086
0.158871
0.158676
0.158471
0.158256
0.158068
0.157802
0.157610
0.157355
0.157166
0.156998
0.156782
0.156636
0.156382
0.156247
0.156121
0.155950
0.155782
0.155665
0.155521
0.155391
0.155293
0.155215
0.155064
0.154932
0.154847
0.154749
0.154620
0.154477
0.154413
0.154255
0.154096
0.154035
0.153872
0.153697
0.153544
0.153389
0.153238
0.153059
0.152858
0.152734
0.152513
0.152359
0.152223
0.152085
0.151963
0.151811
0.151634
0.151486
0.151321
0.151173
0.151008
0.150885
0.150710
0.150620
0.150439
0.150257
0.150126
0.149949
0.149741
0.149598
0.149417
0.149276
0.149029
0.148833
0.148710
0.148529
0.148275
0.148096
0.147854
0.147661
0.147425
0.147238
0.147016
0.146791
0.146614
0.146418
0.146240
0.146091
0.145933
0.145750
0.145567
0.145428
0.145226
0.145016
0.144870
0.144658
0.144466
0.144253
0.144051
0.143868
0.143594
0.143417
0.143162
0.142946
0.142682
0.142402
0.142156
0.141849
0.141563
0.141322
0.141061
0.140836
0.140566
0.140289
0.140050
0.139734
0.139465
0.139148
0.138904
0.138671
0.138393
0.138152
0.137833
0.137584
0.137296
0.137003
0.136684
0.136417
0.136124
0.135794
0.135514
0.135268
0.134963
0.134678
0.134428
0.134155
0.133879
0.133618
0.133417
0.133164
0.132924
0.132730
0.132489
0.132240
0.132035
0.131853
0.131637
0.131425
0.131194
0.131034
0.130797
0.130641
0.130460
0.130307
0.130209
0.130040
0.129905
0.129774
0.129665
0.129522
0.129295
0.129185
0.129042
0.128931
0.128794
0.128634
0.128564
0.128445
0.128313
0.128208
0.128141
0.128082
0.127930
0.127820
0.127767
0.127652
0.127493
0.127396
0.127292
0.127156
0.127022
0.126903
0.126781
0.126633
0.126461
0.126303
0.126053
0.125884
0.125700
0.125522
0.125366
0.125237
0.125068
0.124860
0.124702
0.124560
0.124405
0.124240
0.124118
0.124027
0.123862
0.123792
0.123686
0.123608
0.123517
0.123399
0.123333
0.123209
0.123179
0.123141
0.123038
0.123002
0.122887
0.122816
0.122764
0.122661
0.122574
0.122450
0.122417
0.122347
0.122334
0.122275
0.122186
0.122149
0.122116
0.122039
0.121972
0.121901
0.121888
0.121798
0.121757
0.121701
0.121664
0.121637
0.121590
0.121566
0.121476
0.121426
0.121412
0.121333
0.121241
0.121260
0.121160
0.121119
0.121102
0.121126
0.121120
0.121073
0.121071
0.121144
0.121137
0.121181
0.121194
0.121225
0.121287
0.121248
0.121283
0.121251
0.121340
0.121424
0.121391
0.121486
0.121540
0.121656
0.121707
0.121724
0.121861
0.121934
0.121976
0.122053
0.122177
0.122302
0.122408
0.122469
0.122668
0.122776
0.122839
0.122899
0.123027
0.123085
0.123151
0.123214
0.123278
0.123386
0.123460
0.123577
0.123584
0.123706
0.123778
0.123866
0.123862
0.123989
0.124076
0.124094
0.124192
0.124288
0.124360
0.124395
0.124449
0.124471
0.124490
0.124531
0.124569
0.124515
0.124534
0.124479
0.124490
0.124347
0.124319
0.124284
0.124173
0.124151
0.124044
0.123943
0.123883
0.123781
0.123719
0.123648
0.123589
0.123523
0.123504
0.123414
0.123303
0.123278
0.123251
0.123155
0.123059
0.122990
0.122956
0.122814
0.122726
0.122632
0.122553
0.122476
0.122353
0.122286
0.122118
0.122054
0.121963
0.121801
0.121676
0.121604
0.121433
0.121307
0.121179
0.121072
0.120919
0.120766
0.120584
0.120445
0.120178
0.119959
0.119760
0.119592
0.119441
0.119178
0.119000
0.118825
0.118702
0.118543
0.118276
0.118093
0.117891
0.117656
0.117439
0.117156
0.116982
0.116767
0.116540
0.116306
0.116122
0.115924
0.115718
0.115473
0.115313
0.115097
0.114838
0.114641
0.114448
0.114185
0.113958
0.113746
0.113562
0.113387
0.113145
0.112913
0.112633
0.112462
0.112258
0.112062
0.111862
0.111713
0.111549
0.111305
0.111129
0.111039
0.110882
0.110776
0.110668
0.110598
0.110432
0.110322
0.110200
0.110032
0.109916
0.109744
0.109661
0.109503
0.109357
0.109251
0.109105
0.109023
0.108901
0.108783
0.108683
0.108545
0.108460
0.108347
0.108248
0.108145
0.108120
0.108012
0.107877
0.107795
0.107740
0.107620
0.107555
0.107505
0.107488
0.107398
0.107344
0.107270
0.107258
0.107237
0.107191
0.107155
0.107073
0.107080
0.107073
0.107025
0.106977
0.106965
0.106896
0.106839
0.106806
0.106806
0.106723
0.106687
0.106637
0.106633
0.106565
0.106563
0.106583
0.106569
0.106596
0.106552
0.106600
0.106622
0.106620
0.106655
0.106591
0.106590
0.106577
0.106566
0.106504
0.106419
0.106394
0.106371
0.106324
0.106259
0.106266
0.106276
0.106212
0.106121
0.106161
0.106142
0.106138
0.106154
0.106250
0.106260
0.106306
0.106362
0.106453
0.106550
0.106572
0.106659
0.106672
0.106772
0.106815
0.106898
0.106896
0.107002
0.107062
0.107052
0.107130
0.107223
0.107264
0.107355
0.107441
0.107565
0.107572
0.107680
0.107778
0.107827
0.107922
0.108002
0.108138
0.108243
0.108264
0.108428
0.108512
0.108654
0.108715
0.108845
0.108958
0.109005
0.109105
0.109171
0.109226
0.109274
0.109350
0.109391
0.109388
0.109445
0.109522
0.109507
0.109550
0.109563
0.109595
0.109579
0.109564
0.109540
0.109584
0.109560
0.109589
0.109613
0.109526
0.109588
0.109609
0.109614
0.109597
0.109643
0.109628
0.109622
0.109644
0.109680
0.109651
0.109705
0.109688
0.109719
0.109659
0.109669
0.109647
0.109624
0.109577
0.109522
0.109463
0.109461
0.109342
0.109289
0.109141
0.109038
0.108959
0.108823
0.108696
0.108541
0.108472
0.108433
0.108330
0.108255
0.108264
0.108317
0.108309
0.108318
0.108400
0.108448
0.108471
0.108621
0.108725
0.108721
0.108791
0.108861
0.108930
0.109036
0.109043
0.109083
0.109115
0.109249
0.109262
0.109366
0.109324
0.109442
0.109510
0.109443
0.109473
0.109499
0.109444
0.109487
0.109476
0.109488
0.109391
0.109375
0.109392
0.109356
0.109340
0.109363
0.109393
0.109437
0.109353
0.109386
0.109398
0.109388
0.109341
0.109362
0.109370
0.109332
0.109326
0.109323
0.109232
0.109120
0.109099
0.109012
0.108865
0.108812
0.108787
0.108653
0.108605
0.108601
0.108544
0.108450
0.108362
0.108278
0.108306
0.108222
0.108097
0.108011
0.107798
0.107872
0.107788
0.107720
0.107605
0.107570
0.107482
0.107363
0.107310
0.107292
0.107137
0.107137
0.107074
0.107051
0.106907
0.106845
0.106753
0.106676
0.106582
0.106443
0.106374
0.106404
0.106253
0.106167
0.105977
0.105847
0.105768
0.105648
0.105500
0.105300
0.105223
0.105134
0.104944
0.104720
0.104640
0.104506
0.104269
0.104059
0.104009
0.103808
0.103575
0.103471
0.103434
0.103217
0.103059
0.102942
0.102858
0.102810
0.102659
0.102499
0.102328
0.102343
0.102234
0.102156
0.101992
0.102026
0.101934
0.101824
0.101762
0.101806
0.101646
0.101531
0.101497
0.101521
0.101423
0.101381
0.101324
0.101365
0.101258
0.101229
0.101195
0.101308
0.101225
0.101180
0.101115
0.101040
0.100995
0.100969
0.100898
0.100811
0.100790
0.100707
0.100524
0.100379
0.100391
0.100287
0.100046
0.099943
0.099910
0.099718
0.099590
0.099433
0.099416
0.099264
0.099145
0.099003
0.098988
0.098856
0.098747
0.098617
0.098389
0.098334
0.098238
0.098109
0.097968
0.097946
0.097785
0.097608
0.097456
0.097418
0.097203
0.097098
0.096933
0.096871
0.096652
0.096572
0.096423
0.096385
0.096252
0.096124
0.095995
0.095921
0.095808
0.095752
0.095671
0.095641
0.095678
0.095677
0.095689
0.095580
0.095616
0.095600
0.095585
0.095556
0.095626
0.095650
0.095561
0.095602
0.095674
0.095637
0.095593
0.095593
0.095636
0.095533
0.095457
0.095430
0.095369
0.095409
0.095312
0.095295
0.095190
0.095216
0.095169
0.095146
0.095013
0.095010
0.094926
0.094811
0.094740
0.094773
0.094686
0.094560
0.094546
0.094496
0.094375
0.094281
0.094170
0.094155
0.094038
0.093969
0.093871
0.093829
0.093787
0.093692
0.093582
0.093480
0.093398
0.093349
0.093215
0.093074
0.092952
0.092843
0.092661
0.092515
0.092438
0.092339
0.092066
0.091980
0.091885
0.091658
0.091558
0.091384
0.091315
0.091091
0.090994
0.090858
0.090742
0.090670
0.090521
0.090420
0.090194
0.090097
0.090008
0.089896
0.089747
0.089720
0.089566
0.089440
0.089366
0.089332
0.089238
0.089099
0.089067
0.089027
0.088850
0.088798
0.088666
0.088663
0.088569
0.088492
0.088400
0.088343
0.088263
0.088168
0.088036
0.087920
0.087803
0.087764
0.087699
0.087536
0.087481
0.087392
0.087292
0.087177
0.087096
0.087030
0.086798
0.086767
0.086754
0.086632
0.086538
0.086423
0.086416
0.086230
0.086135
0.086076
0.085943
0.085893
0.085749
0.085656
0.085458
0.085376
0.085302
0.085198
0.084992
0.084904
0.084726
0.084600
0.084524
0.084470
0.084350
0.084160
0.084138
0.084062
0.083885
0.083805
0.083645
0.083626
0.083468
0.083349
0.083240
0.083086
0.083068
0.082980
0.082909
0.082833
0.082838
0.082812
0.082803
0.082694
0.082646
0.082615
0.082503
0.082478
0.082486
0.082486
0.082370
0.082327
0.082317
0.082219
0.082214
0.082157
0.082180
0.082078
0.082089
0.082017
0.081949
0.081971
0.081928
0.081868
0.081712
0.081688
0.081623
0.081587
0.081496
0.081471
0.081423
0.081316
0.081320
0.081296
0.081211
0.081116
0.081116
0.081080
0.080945
0.080916
0.080834
0.080790
0.080753
0.080686
0.080615
0.080562
0.080510
0.080449
0.080365
0.080324
0.080235
0.080237
0.080214
0.080080
0.080022
0.079963
0.079921
0.079827
0.079762
0.079700
0.079472
0.079437
0.079409
0.079275
0.079229
0.079080
0.079054
0.078868
0.078763
0.078703
0.078581
0.078569
0.078437
0.078382
0.078238
0.078135
0.078068
0.078013
0.077884
0.077800
0.077662
0.077541
0.077481
0.077429
0.077338
0.077216
0.077163
0.077115
0.076929
0.076862
0.076729
0.076682
0.076567
0.076452
0.076345
0.076229
0.076185
0.076089
0.075984
0.075867
0.075760
0.075650
0.075573
0.075361
0.075273
0.075092
0.074914
0.074754
0.074631
0.074537
0.074322
0.074200
0.074093
0.073952
0.073837
0.073663
0.073590
0.073381
0.073255
0.073078
0.072947
0.072831
0.072745
0.072638
0.072445
0.072355
0.072257
0.072192
0.072046
0.071963
0.071890
0.071690
0.071612
0.071568
0.071439
0.071308
0.071229
0.071162
0.070987
0.070938
0.070899
0.070750
0.070659
0.070509
0.070418
0.070286
0.070104
0.070015
0.069850
0.069712
0.069493
0.069419
0.069271
0.069023
0.068866
0.068685
0.068508
0.068292
0.068159
0.067975
0.067658
0.067542
0.067382
0.067124
0.066972
0.066753
0.066617
0.066356
0.066166
0.066034
0.065862
0.065749
0.065576
0.065459
0.065261
0.065136
0.065024
0.064935
0.064795
0.064693
0.064587
0.064428
0.064336
0.064273
0.064135
0.063975
0.063858
0.063744
0.063570
0.063490
0.063357
0.063264
0.063154
0.063018
0.062923
0.062799
0.062725
0.062609
0.062472
0.062344
0.062239
0.062124
0.062054
0.061887
0.061763
0.061647
0.061521
0.061422
0.061355
0.061282
0.061153
0.061054
0.060959
0.060857
0.060757
0.060633
0.060598
0.060465
0.060377
0.060259
0.060172
0.060051
0.059919
0.059731
0.059537
0.059379
0.059181
0.059045
0.058823
0.058699
0.058554
0.058324
0.058151
0.058065
0.057882
0.057698
0.057506
0.057368
0.057154
0.057025
0.056879
0.056679
0.056526
0.056313
0.056156
0.055988
0.055757
0.055637
0.055437
0.055315
0.055111
0.055020
0.054927
0.054744
0.054637
0.054455
0.054359
0.054219
0.054168
0.054029
0.053886
0.053794
0.053690
0.053552
0.053448
0.053302
0.053258
0.053151
0.053046
0.053017
0.052972
0.052926
0.052822
0.052716
0.052597
0.052532
0.052457
0.052385
0.052333
0.052307
0.052268
0.052232
0.052216
0.052204
0.052147
0.052098
0.052033
0.051977
0.051920
0.051911
0.051875
0.051803
0.051742
0.051644
0.051569
0.051477
0.051382
0.051262
0.051151
0.051046
0.050916
0.050821
0.050756
0.050635
0.050538
0.050400
0.050314
0.050213
0.050125
0.050030
0.049902
0.049776
0.049670
0.049526
0.049396
0.049211
0.049121
0.048948
0.048768
0.048610
0.048475
0.048292
0.048127
0.047932
0.047761
0.047616
0.047431
0.047282
0.047127
0.046983
0.046829
0.046688
0.046469
0.046389
0.046226
0.046097
0.045958
0.045876
0.045729
0.045697
0.045614
0.045499
0.045426
0.045347
0.045336
0.045256
0.045146
0.045098
0.044988
0.044875
0.044720
0.044656
0.044661
0.044541
0.044502
0.044426
0.044352
0.044239
0.044262
0.044122
0.044043
0.043983
0.043946
0.043863
0.043792
0.043702
0.043660
0.043583
0.043487
0.043404
0.043326
0.043290
0.043182
0.043086
0.043004
0.042986
0.042885
0.042834
0.042792
0.042783
0.042739
0.042711
0.042747
0.042816
0.042815
0.042857
0.042904
0.042951
0.042970
0.043103
0.043217
0.043320
0.043398
0.043527
0.043647
0.043794
0.043941
0.044074
0.044233
0.044379
0.044501
0.044682
0.044886
0.045002
0.045123
0.045256
0.045435
0.045581
0.045794
0.045974
0.046123
0.046267
0.046429
0.046567
0.046718
0.046803
0.046992
0.047074
0.047176
0.047249
0.047427
0.047532
0.047659
0.047784
0.047903
0.048022
0.048077
0.048169
0.048240
0.048334
0.048441
0.048544
0.048588
0.048773
0.048851
0.048924
0.049002
0.049100
0.049135
0.049230
0.049314
0.049364
0.049461
0.049516
0.049632
0.049732
0.049809
0.049940
0.050035
0.050147
0.050261
0.050445
0.050616
0.050715
0.050881
0.050960
0.051050
0.051159
0.051358
0.051452
0.051537
0.051646
0.051777
0.051839
0.051908
0.051950
0.052093
0.052181
0.052262
0.052344
0.052449
0.052586
0.052664
0.052780
0.052882
0.053061
0.053186
0.053362
0.053505
0.053696
0.053860
0.054006
0.054185
0.054383
0.054528
0.054641
0.054793
0.054967
0.055041
0.055182
0.055343
0.055463
0.055563
0.055697
0.055804
0.055874
0.055970
0.056080
0.056170
0.056254
0.056336
0.056476
0.056576
0.056634
0.056729
0.056771
0.056839
0.056902
0.056961
0.057055
0.057108
0.057212
0.057327
0.057409
0.057526
0.057592
0.057749
0.057839
0.057954
0.058050
0.058209
0.058311
0.058445
0.058493
0.058594
0.058643
0.058689
0.058737
0.058818
0.058948
0.059048
0.059197
0.059283
0.059503
0.059586
0.059698
0.059777
0.059923
0.060007
0.060164
0.060286
0.060393
0.060486
0.060618
0.060722
0.060821
0.060941
0.061062
0.061185
0.061267
0.061359
0.061469
0.061575
0.061638
0.061741
0.061729
0.061806
0.061823
0.061960
0.061972
0.062026
0.062079
0.062168
0.062218
0.062249
0.062260
0.062354
0.062484
0.062499
0.062608
0.062711
0.062778
0.062798
0.062913
0.062959
0.063115
0.063160
0.063300
0.063402
0.063491
0.063574
0.063690
0.063732
0.063844
0.063920
0.063885
0.063929
0.063944
0.063949
0.064018
0.064006
0.064037
0.064049
0.064017
0.064052
0.064017
0.064041
0.064075
0.064011
0.064006
0.063998
0.063977
0.064015
0.063994
0.063973
0.063884
0.063824
0.063821
0.063827
0.063732
0.063724
0.063687
0.063595
0.063515
0.063427
0.063335
0.063288
0.063149
0.063088
0.062975
0.062898
0.062828
0.062742
0.062595
0.062552
0.062493
0.062407
0.062380
0.062245
0.062233
0.062170
0.062132
0.062073
0.062093
0.062060
0.062050
0.061988
0.061975
0.061965
0.061952
0.061945
0.061865
0.061812
0.061770
0.061712
0.061702
0.061686
0.061633
0.061594
0.061536
0.061442
0.061460
0.061414
0.061408
0.061398
0.061351
0.061314
0.061269
0.061285
0.061232
0.061187
0.061163
0.061160
0.061077
0.061049
0.060999
0.060968
0.060984
0.060874
0.060840
0.060847
0.060743
0.060652
0.060613
0.060545
0.060538
0.060496
0.060459
0.060404
0.060377
0.060353
0.060395
0.060309
0.060312
0.060288
0.060213
0.060150
0.060048
0.059969
0.059923
0.059794
0.059737
0.059650
0.059519
0.059437
0.059368
0.059338
0.059269
0.059139
0.059093
0.059029
0.058940
0.058902
0.058850
0.058772
0.058693
0.058591
0.058537
0.058506
0.058405
0.058408
0.058374
0.058342
0.058354
0.058329
0.058327
0.058355
0.058322
0.058331
0.058334
0.058399
0.058390
0.058397
0.058349
0.058372
0.058371
0.058330
0.058354
0.058314
0.058365
0.058407
0.058455
0.058462
0.058526
0.058547
0.058585
0.058567
0.058613
0.058679
0.058700
0.058734
0.058702
0.058731
0.058739
0.058732
0.058841
0.058836
0.058850
0.058831
0.058834
0.058771
0.058821
0.058818
0.058918
0.058966
0.058958
0.058981
0.058984
0.059050
0.059044
0.059094
0.059111
0.059160
0.059158
0.059185
0.059163
0.059178
0.059233
0.059185
0.059175
0.059228
0.059206
0.059188
0.059277
0.059292
0.059347
0.059397
0.059509
0.059569
0.059611
0.059693
0.059831
0.059873
0.059982
0.060088
0.060146
0.060191
0.060294
0.060393
0.060502
0.060590
0.060690
0.060788
0.060849
0.060908
0.060962
0.061048
0.061127
0.061163
0.061316
0.061388
0.061500
0.061577
0.061703
0.061782
0.061798
0.061841
0.061942
0.061993
0.062003
0.062090
0.062143
0.062143
0.062202
0.062246
0.062289
0.062356
0.062410
0.062517
0.062584
0.062627
0.062762
0.062839
0.062923
0.063024
0.063136
0.063226
0.063360
0.063422
0.063561
0.063692
0.063782
0.063946
0.064108
0.064217
0.064280
0.064390
0.064523
0.064627
0.064765
0.064917
0.064977
0.065042
0.065130
0.065227
0.065335
0.065418
0.065550
0.065620
0.065694
0.065711
0.065908
0.066015
0.066110
0.066193
0.066263
0.066331
0.066473
0.066599
0.066735
0.066783
0.066966
0.067071
0.067211
0.067361
0.067546
0.067730
0.067875
0.068010
0.068161
0.068393
0.068584
0.068765
0.069058
0.069204
0.069422
0.069649
0.069935
0.070104
0.070369
0.070599
0.070864
0.071068
0.071369
0.071639
0.071817
0.071986
0.072221
0.072433
0.072689
0.072916
0.073149
0.073371
0.073638
0.073862
0.074042
0.074266
0.074534
0.074735
0.075029
0.075247
0.075548
0.075810
0.076124
0.076411
0.076665
0.076945
0.077296
0.077612
0.077879
0.078161
0.078464
0.078750
0.079015
0.079371
0.079682
0.080015
0.080284
0.080649
0.080939
0.081199
0.081589
0.081846
0.082120
0.082355
0.082623
0.082841
0.083084
0.083280
0.083540
0.083788
0.083990
0.084263
0.084514
0.084743
0.084911
0.085145
0.085338
0.085482
0.085708
0.086010
0.086218
0.086405
0.086602
0.086890
0.087129
0.087369
0.087686
0.087843
0.087982
0.088132
0.088419
0.088596
0.088729
0.088888
0.089095
0.089232
0.089430
0.089636
0.089783
0.089855
0.090040
0.090189
0.090342
0.090485
0.090631
0.090783
0.090901
0.090998
0.091128
0.091313
0.091421
0.091492
0.091706
0.091754
0.091874
0.091983
0.092167
0.092245
0.092373
0.092480
0.092635
0.092723
0.092850
0.092984
0.093085
0.093156
0.093266
0.093367
0.093483
0.093562
0.093691
0.093811
0.093924
0.094005
0.094088
0.094167
0.094256
0.094324
0.094465
0.094535
0.094596
0.094643
0.094739
0.094795
0.094861
0.094897
0.095007
0.095060
0.095131
0.095199
0.095267
0.095264
0.095293
0.095308
0.095327
0.095311
0.095234
0.095280
0.095287
0.095230
0.095314
0.095297
0.095269
0.095251
0.095262
0.095260
0.095309
0.095280
0.095303
0.095324
0.095262
0.095303
0.095304
0.095323
0.095326
0.095346
0.095341
0.095336
0.095347
0.095430
0.095453
0.095481
0.095522
0.095564
0.095611
0.095667
0.095731
0.095755
0.095741
0.095688
0.095759
0.095741
0.095738
0.095727
0.095738
0.095678
0.095691
0.095653
0.095637
0.095529
0.095566
0.095550
0.095515
0.095495
0.095502
0.095443
0.095394
0.095284
0.095242
0.095218
0.095148
0.095039
0.095037
0.094873
0.094832
0.094747
0.094671
0.094566
0.094453
0.094377
0.094315
0.094245
0.094194
0.094165
0.094127
0.094089
0.094044
0.093992
0.093953
0.093877
0.093839
0.093789
0.093726
0.093673
0.093562
0.093557
0.093500
0.093441
0.093439
0.093376
0.093327
0.093283
0.093263
0.093177
0.093107
0.093033
0.092987
0.092913
0.092854
0.092771
0.092751
0.092620
0.092555
0.092453
0.092367
0.092319
0.092157
0.092109
0.091982
0.091820
0.091779
0.091637
0.091496
0.091349
0.091214
0.091097
0.091000
0.090827
0.090702
0.090595
0.090388
0.090300
0.090155
0.090056
0.089935
0.089784
0.089687
0.089609
0.089435
0.089382
0.089211
0.089129
0.089004
0.088854
0.088751
0.088687
0.088570
0.088468
0.088387
0.088224
0.088254
0.088101
0.088053
0.087996
0.087903
0.087842
0.087840
0.087720
0.087720
0.087575
0.087616
0.087556
0.087474
0.087469
0.087457
0.087306
0.087259
0.087124
0.087082
0.087036
0.086953
0.086904
0.086902
0.086762
0.086727
0.086695
0.086622
0.086579
0.086424
0.086405
0.086358
0.086241
0.086234
0.086190
0.086099
0.086041
0.085942
0.085889
0.085888
0.085770
0.085758
0.085754
0.085701
0.085694
0.085635
0.085658
0.085679
0.085625
0.085696
0.085701
0.085670
0.085679
0.085713
0.085629
0.085628
0.085600
0.085620
0.085614
0.085609
0.085595
0.085674
0.085549
0.085566
0.085547
0.085545
0.085578
0.085510
0.085562
0.085588
0.085541
0.085643
0.085691
0.085710
0.085765
0.085756
0.085803
0.085894
0.085920
0.085934
0.086041
0.085982
0.086088
0.086093
0.086183
0.086250
0.086350
0.086401
0.086511
0.086541
0.086683
0.086741
0.086852
0.086951
0.087059
0.087238
0.087315
0.087415
0.087503
0.087574
0.087595
0.087828
0.087892
0.088030
0.088084
0.088180
0.088290
0.088390
0.088464
0.088589
0.088540
0.088713
0.088714
0.088763
0.088841
0.088872
0.088855
0.088919
0.088906
0.088943
0.088995
0.088996
0.089002
0.089057
0.089032
0.089050
0.089031
0.089055
0.089036
0.088995
0.089015
0.089023
0.089055
0.089093
0.089059
0.089114
0.089094
0.089087
0.089125
0.089158
0.089178
0.089206
0.089230
0.089263
0.089293
0.089392
0.089392
0.089434
0.089490
0.089582
0.089625
0.089727
0.089804
0.089949
0.090018
0.090118
0.090284
0.090395
0.090494
0.090655
0.090795
0.091008
0.091119
0.091240
0.091393
0.091488
0.091659
0.091771
0.091954
0.092064
0.092221
0.092334
0.092480
0.092590
0.092751
0.092841
0.092964
0.093146
0.093277
0.093400
0.093599
0.093671
0.093839
0.093920
0.094009
0.094094
0.094212
0.094233
0.094354
0.094428
0.094594
0.094677
0.094737
0.094794
0.094868
0.095063
0.095089
0.095180
0.095292
0.095296
0.095357
0.095552
0.095597
0.095727
0.095718
0.095817
0.095910
0.096045
0.096116
0.096239
0.096159
0.096320
0.096364
0.096433
0.096532
0.096615
0.096589
0.096699
0.096784
0.096917
0.097024
0.097082
0.097069
0.097173
0.097217
0.097309
0.097376
0.097458
0.097438
0.097505
0.097582
0.097675
0.097764
0.097866
0.097875
0.098032
0.098099
0.098200
0.098337
0.098468
0.098563
0.098686
0.098795
0.098983
0.099072
0.099377
0.099384
0.099540
0.099723
0.099881
0.099999
0.100172
0.100314
0.100496
0.100606
0.100728
0.100940
0.101052
0.101210
0.101427
0.101566
0.101780
0.101915
0.102003
0.102243
0.102397
0.102603
0.102772
0.103003
0.103144
0.103382
0.103565
0.103776
0.103979
0.104160
0.104240
0.104390
0.104612
0.104735
0.104869
0.105058
0.105095
0.105262
0.105429
0.105559
0.105753
0.105868
0.105968
0.106139
0.106307
0.106505
0.106674
0.106782
0.106921
0.107079
0.107368
0.107444
0.107612
0.107835
0.107889
0.108039
0.108320
0.108480
0.108669
0.108734
0.108890
0.109087
0.109254
0.109400
0.109614
0.109626
0.109872
0.110006
0.110161
0.110375
0.110517
0.110613
0.110813
0.110953
0.111130
0.111330
0.111456
0.111517
0.111683
0.111762
0.111888
0.111941
0.112109
0.112159
0.112244
0.112326
0.112402
0.112485
0.112570
0.112603
0.112736
0.112760
0.112829
0.112906
0.112953
0.113013
0.113070
0.113095
0.113201
0.113210
0.113394
0.113262
0.113300
0.113385
0.113466
0.113483
0.113566
0.113577
0.113660
0.113667
0.113646
0.113715
0.113703
0.113712
0.113771
0.113771
0.113838
0.113815
0.113783
0.113827
0.113831
0.113877
0.113866
0.113875
0.113839
0.113878
0.113881
0.113891
0.113888
0.113895
0.113873
0.113889
0.113932
0.113920
0.113911
0.113937
0.113895
0.113881
0.113914
0.113899
0.113999
0.114018
0.114084
0.114125
0.114242
0.114361
0.114501
0.114577
0.114724
0.114813
0.115073
0.115122
0.115286
0.115461
0.115532
0.115637
0.115859
0.116006
0.116180
0.116310
0.116426
0.116621
0.116760
0.116906
0.117052
0.117074
0.117281
0.117323
0.117469
0.117563
0.117702
0.117806
0.117950
0.118054
0.118203
0.118371
0.118477
0.118562
0.118701
0.118814
0.118941
0.119038
0.119207
0.119277
0.119386
0.119476
0.119584
0.119657
0.119740
0.119777
0.119933
0.119944
0.120037
0.120101
0.120165
0.120224
0.120231
0.120206
0.120311
0.120288
0.120499
0.120317
0.120336
0.120357
0.120359
0.120230
0.120285
0.120183
0.120169
0.120089
0.119995
0.119975
0.119934
0.119833
0.119828
0.119712
0.119703
0.119616
0.119570
0.119553
0.119465
0.119394
0.119321
0.119241
0.119163
0.119141
0.119057
0.119002
0.118964
0.118893
0.118887
0.118842
0.118763
0.118721
0.118643
0.118570
0.118571
0.118472
0.118529
0.118446
0.118489
0.118474
0.118527
0.118491
0.118583
0.118590
0.118691
0.118683
0.118781
0.118814
0.118988
0.118947
0.119007
0.119064
0.119084
0.119089
0.119140
0.119187
0.119196
0.119212
0.119214
0.119286
0.119284
0.119337
0.119316
0.119310
0.119365
0.119330
0.119363
0.119325
0.119334
0.119357
0.119370
0.119336
0.119363
0.119369
0.119388
0.119363
0.119363
0.119319
0.119308
0.119260
0.119260
0.119234
0.119225
0.119222
0.119215
0.119237
0.119223
0.119200
0.119243
0.119215
0.119241
0.119256
0.119257
0.119320
0.119278
0.119283
0.119331
0.119324
0.119459
0.119315
0.119313
0.119299
0.119309
0.119239
0.119299
0.119257
0.119252
0.119253
0.119223
0.119275
0.119288
0.119258
0.119299
0.119273
0.119316
0.119301
0.119279
0.119288
0.119229
0.119222
0.119204
0.119129
0.119068
0.119091
0.119010
0.119004
0.118957
0.118941
0.118983
0.118992
0.118994
0.119071
0.119082
0.119117
0.119245
0.119249
0.119375
0.119380
0.119471
0.119504
0.119576
0.119576
0.119709
0.119736
0.119852
0.119925
0.120031
0.120103
0.120260
0.120251
0.120347
0.120393
0.120480
0.120525
0.120611
0.120736
0.120790
0.120853
0.120868
0.120975
0.121017
0.121150
0.121156
0.121254
0.121355
0.121328
0.121420
0.121371
0.121350
0.121382
0.121405
0.121339
0.121366
0.121396
0.121412
0.121365
0.121356
0.121327
0.121324
0.121279
0.121291
0.121274
0.121280
0.121298
0.121293
0.121333
0.121328
0.121365
0.121423
0.121444
0.121490
0.121514
0.121559
0.121700
0.121728
0.121785
0.121875
0.121946
0.122099
0.122061
0.122142
0.122215
0.122261
0.122226
0.122374
0.122407
0.122460
0.122528
0.122527
0.122591
0.122667
0.122660
0.122714
0.122727
0.122828
0.122855
0.122888
0.122903
0.122885
0.122936
0.122885
0.122895
0.122849
0.122835
0.122778
0.122735
0.122702
0.122687
0.122633
0.122590
0.122540
0.122517
0.122487
0.122437
0.122416
0.122318
0.122271
0.122250
0.122207
0.122159
0.122155
0.122131
0.122128
0.122162
0.122143
0.122134
0.122126
0.122140
0.122234
0.122208
0.122221
0.122221
0.122264
0.122236
0.122329
0.122385
0.122364
0.122379
0.122293
0.122315
0.122326
0.122313
0.122225
0.122241
0.122292
0.122326
0.122349
0.122297
0.122274
0.122295
0.122293
0.122277
0.122273
0.122314
0.122363
0.122356
0.122368
0.122275
0.122278
0.122288
0.122238
0.122242
0.122253
0.122211
0.122253
0.122238
0.122217
0.122299
0.122235
0.122212
0.122259
0.122234
0.122248
0.122253
0.122246
0.122293
0.122338
0.122393
0.122478
0.122482
0.122549
0.122580
0.122610
0.122562
0.122616
0.122641
0.122638
0.122680
0.122652
0.122636
0.122688
0.122631
0.122580
0.122537
0.122501
0.122436
0.122421
0.122332
0.122310
0.122351
0.122269
0.122259
0.122205
0.122221
0.122225
0.122180
0.122136
0.122088
0.122073
0.122023
0.121910
0.121873
0.121836
0.121772
0.121777
0.121661
0.121622
0.121534
0.121419
0.121356
0.121247
0.121094
0.121030
0.120966
0.120919
0.120794
0.120635
0.120538
0.120452
0.120352
0.120263
0.120114
0.120011
0.119904
0.119852
0.119728
0.119528
0.119376
0.119259
0.119133
0.118995
0.118859
0.118655
0.118524
0.118413
0.118278
0.118164
0.117955
0.117760
0.117672
0.117491
0.117368
0.117178
0.116984
0.116888
0.116692
0.116569
0.116337
0.116166
0.116028
0.115933
0.115801
0.115672
0.115475
0.115346
0.115198
0.115028
0.114904
0.114710
0.114611
0.114502
0.114316
0.114184
0.114039
0.113904
0.113718
0.113569
0.113387
0.113238
0.113153
0.113013
0.112879
0.112733
0.112610
0.112526
0.112408
0.112256
0.112154
0.112052
0.111921
0.111846
0.111691
0.111574
0.111439
0.111341
0.111210
0.111143
0.111102
0.111013
0.110978
0.110867
0.110810
0.110741
0.110696
0.110639
0.110553
0.110526
0.110424
0.110391
0.110325
0.110237
0.110190
0.110107
0.110036
0.110039
0.109942
0.109892
0.109860
0.109806
0.109820
0.109763
0.109657
0.109606
0.109492
0.109490
0.109341
0.109283
0.109193
0.109092
0.109086
0.109000
0.108887
0.108748
0.108692
0.108614
0.108533
0.108413
0.108297
0.108243
0.108128
0.108048
0.107977
0.107876
0.107792
0.107682
0.107531
0.107408
0.107258
0.107142
0.107128
0.107059
0.107025
0.106970
0.106878
0.106864
0.106743
0.106701
0.106535
0.106402
0.106316
0.106239
0.106169
0.106052
0.105922
0.105879
0.105790
0.105677
0.105638
0.105523
0.105460
0.105395
0.105265
0.105119
0.105009
0.104902
0.104760
0.104620
0.104493
0.104320
0.104234
0.104114
0.103992
0.103854
0.103689
0.103590
0.103404
0.103253
0.103164
0.102977
0.102822
0.102706
0.102556
0.102446
0.102350
0.102224
0.102071
0.101981
0.101851
0.101734
0.101600
0.101428
0.101311
0.101101
0.100983
0.100766
0.100589
0.100408
0.100256
0.100155
0.099974
0.099795
0.099633
0.099465
0.099227
0.099098
0.098855
0.098646
0.098453
0.098200
0.098057
0.097837
0.097561
0.097368
0.097125
0.097004
0.096720
0.096497
0.096276
0.096005
0.095847
0.095632
0.095383
0.095123
0.094960
0.094715
0.094484
0.094217
0.093992
0.093782
0.093556
0.093327
0.093057
0.092790
0.092604
0.092397
0.092216
0.092014
0.091827
0.091611
0.091555
0.091396
0.091264
0.091104
0.090893
0.090719
0.090497
0.090323
0.090063
0.089822
0.089629
0.089417
0.089247
0.088987
0.088755
0.088570
0.088380
0.088158
0.087987
0.087748
0.087586
0.087393
0.087148
0.086894
0.086673
0.086468
0.086241
0.086010
0.085801
0.085534
0.085302
0.085064
0.084810
0.084560
0.084313
0.084121
0.083866
0.083632
0.083419
0.083171
0.082926
0.082706
0.082469
0.082234
0.081994
0.081753
0.081419
0.081181
0.080918
0.080663
0.080441
0.080147
0.079900
0.079607
0.079375
0.079057
0.078814
0.078529
0.078264
0.078033
0.077769
0.077483
0.077233
0.076977
0.076724
0.076526
0.076239
0.075948
0.075705
0.075428
0.075256
0.075042
0.074788
0.074571
0.074326
0.074167
0.073878
0.073666
0.073437
0.073133
0.072928
0.072684
0.072448
0.072188
0.072005
0.071753
0.071554
0.071267
0.071033
0.070801
0.070536
0.070268
0.070009
0.069728
0.069539
0.069259
0.068999
0.068745
0.068476
0.068168
0.067984
0.067637
0.067320
0.066998
0.066614
0.066247
0.065914
0.065624
0.065296
0.064952
0.064624
0.064272
0.064005
0.063622
0.063312
0.062995
0.062739
0.062375
0.062063
0.061683
0.061348
0.061011
0.060658
0.060302
0.059927
0.059597
0.059217
0.058846
0.058517
0.058148
0.057809
0.057475
0.057137
0.056805
0.056547
0.056298
0.056011
0.055727
0.055511
0.055271
0.055048
0.054799
0.054560
0.054393
0.054143
0.053918
0.053632
0.053451
0.053193
0.052855
0.052580
0.052324
0.052079
0.051756
0.051463
0.051094
0.050917
0.050597
0.050329
0.050107
0.049916
0.049627
0.049382
0.049052
0.048853
0.048581
0.048266
0.047968
0.047642
0.047367
0.047117
0.046806
0.046468
0.046275
0.045970
0.045770
0.045417
0.045235
0.044921
0.044569
0.044300
0.043946
0.043741
0.043389
0.043137
0.042807
0.042583
0.042223
0.041860
0.041537
0.041290
0.040945
0.040624
0.040278
0.039950
0.039705
0.039372
0.039006
0.038718
0.038440
0.038167
0.037828
0.037507
0.037324
0.036976
0.036680
0.036368
0.036136
0.035891
0.035546
0.035219
0.034927
0.034770
0.034414
0.034160
0.033851
0.033710
0.033378
0.033104
0.032729
0.032442
0.032249
0.031915
0.031602
0.031282
0.031097
0.030766
0.030458
0.030201
0.029918
0.029704
0.029424
0.029154
0.028806
0.028635
0.028334
0.028069
0.027757
0.027624
0.027362
0.027066
0.026833
0.026626
0.026521
0.026323
0.026175
0.025968
0.025919
0.025791
0.025669
0.025608
0.025505
0.025491
0.025393
0.025317
0.025239
0.025256
0.025144
0.025039
0.025002
0.024992
0.024951
0.024843
0.024818
0.024823
0.024722
0.024628
0.024600
0.024561
0.024518
0.024536
0.024434
0.024343
0.024308
0.024234
0.024175
0.024022
0.023980
0.023899
0.023723
0.023617
0.023541
0.023487
0.023329
0.023244
0.023133
0.023060
0.022924
0.022764
0.022612
0.022548
0.022397
0.022317
0.022178
0.022063
0.022026
0.021955
0.021778
0.021739
0.021646
0.021566
0.021475
0.021339
0.021363
0.021255
0.021178
0.021061
0.021053
0.020935
0.020839
0.020834
0.020767
0.020837
0.020717
0.020714
0.020646
0.020699
0.020647
0.020654
0.020589
0.020558
0.020654
0.020611
0.020658
0.020622
0.020723
0.020670
0.020701
0.020676
0.020647
0.020718
0.020674
0.020725
0.020706
0.020785
0.020775
0.020826
0.020800
0.020915
0.020916
0.020886
0.020967
0.020982
0.021094
0.021089
0.021164
0.021140
0.021277
0.021305
0.021352
0.021396
0.021432
0.021532
0.021501
0.021587
0.021571
0.021699
0.021716
0.021753
0.021822
0.021868
0.021956
0.021967
0.022084
0.022181
0.022270
0.022318
0.022458
0.022532
0.022655
0.022808
0.022910
0.023010
0.023164
0.023304
0.023399
0.023473
0.023615
0.023755
0.023819
0.023854
0.023965
0.024058
0.024149
0.024263
0.024388
0.024503
0.024592
0.024660
0.024728
0.024869
0.024896
0.025027
0.025066
0.025165
0.025218
0.025318
0.025315
0.025444
0.025490
0.025578
0.025647
0.025674
0.025805
0.025853
0.025898
0.025904
0.026055
0.026109
0.026112
0.026207
0.026262
0.026462
0.026480
0.026614
0.026666
0.026816
0.026882
0.027020
0.027096
0.027187
0.027361
0.027455
0.027597
0.027717
0.027860
0.027956
0.028076
0.028173
0.028266
0.028402
0.028489
0.028611
0.028677
0.028786
0.028825
0.028898
0.028913
0.029028
0.029018
0.029002
0.029085
0.029115
0.029181
0.029176
0.029223
0.029184
0.029308
0.029314
0.029288
0.029312
0.029295
0.029381
0.029320
0.029379
0.029308
0.029356
0.029282
0.029279
0.029280
0.029196
0.029226
0.029102
0.029139
0.029125
0.029155
0.029121
0.029193
0.029149
0.029131
0.029218
0.029156
0.029139
0.029120
0.029128
0.029133
0.029143
0.029122
0.029173
0.029145
0.029063
0.029078
0.029028
0.028986
0.028964
0.028927
0.028886
0.028828
0.028725
0.028678
0.028696
0.028592
0.028606
0.028538
0.028530
0.028497
0.028510
0.028424
0.028459
0.028330
0.028244
0.028169
0.028025
0.028045
0.027942
0.027893
0.027715
0.027722
0.027641
0.027487
0.027449
0.027324
0.027355
0.027184
0.027157
0.027038
0.026993
0.026881
0.026845
0.026713
0.026577
0.026563
0.026449
0.026421
0.026314
0.026302
0.026209
0.026174
0.026095
0.026006
0.026020
0.025945
0.025930
0.025851
0.025823
0.025700
0.025686
0.025587
0.025556
0.025403
0.025263
0.025204
0.025098
0.025068
0.024946
0.024886
0.024681
0.024636
0.024504
0.024322
0.024186
0.023989
0.023877
0.023642
0.023540
0.023280
0.023199
0.023018
0.022864
0.022747
0.022590
0.022540
0.022309
0.022278
0.022195
0.022143
0.022033
0.021979
0.021890
0.021786
0.021806
0.021717
0.021688
0.021637
0.021603
0.021529
0.021520
0.021435
0.021416
0.021320
0.021233
0.021214
0.021132
0.021134
0.021077
0.021061
0.021051
0.021030
0.020995
0.020989
0.021024
0.021020
0.021106
0.021080
0.021118
0.021097
0.021169
0.021093
0.021189
0.021137
0.021163
0.021176
0.021161
0.021269
0.021256
0.021315
0.021276
0.021373
0.021367
0.021333
0.021428
0.021404
0.021524
0.021505
0.021594
0.021556
0.021665
0.021681
0.021743
0.021722
0.021767
0.021859
0.021872
0.022011
0.022035
0.022154
0.022183
0.022254
0.022308
0.022314
0.022425
0.022426
0.022493
0.022450
0.022516
0.022461
0.022558
0.022494
0.022563
0.022520
0.022453
0.022500
0.022483
0.022519
0.022472
0.022509
0.022450
0.022523
0.022447
0.022385
0.022423
0.022345
0.022379
0.022252
0.022272
0.022147
0.022162
0.022073
0.022012
0.021930
0.021830
0.021852
0.021674
0.021715
0.021585
0.021527
0.021373
0.021317
0.021173
0.020955
0.020909
0.020738
0.020566
0.020360
0.020196
0.019980
0.019830
0.019580
0.019402
0.019156
0.018903
0.018735
0.018494
0.018359
0.018174
0.017991
0.017790
0.017571
0.017402
0.017203
0.017065
0.016888
0.016757
0.016552
0.016407
0.016242
0.016187
0.015982
0.015882
0.015698
0.015603
0.015457
0.015289
0.015182
0.015021
0.014874
0.014677
0.014589
0.014446
0.014274
0.014204
0.014075
0.013999
0.013839
0.013766
0.013682
0.013636
0.013569
0.013527
0.013400
0.013341
0.013241
0.013153
0.013092
0.012994
0.012940
0.012865
0.012792
0.012765
0.012700
0.012711
0.012697
0.012581
0.012484
0.012398
0.012320
0.012262
0.012205
0.012098
0.012054
0.011949
0.011879
0.011824
0.011762
0.011648
0.011547
0.011410
0.011321
0.011234
0.011100
0.011059
0.010940
0.010898
0.010741
0.010687
0.010600
0.010530
0.010469
0.010292
0.010248
0.010128
0.010110
0.009951
0.009954
0.009906
0.009866
0.009749
0.009751
0.009736
0.009650
0.009677
0.009657
0.009579
0.009584
0.009550
0.009586
0.009608
0.009607
0.009614
0.009619
0.009629
0.009651
0.009639
0.009692
0.009783
0.009862
0.009963
0.009963
0.010042
0.010126
0.010186
0.010273
0.010410
0.010469
0.010501
0.010618
0.010793
0.010796
0.010887
0.010951
0.011043
0.011028
0.011108
0.011230
0.011278
0.011352
0.011374
0.011457
0.011470
0.011569
0.011641
0.011746
0.011791
0.011840
0.011878
0.011883
0.012006
0.012096
0.012134
0.012182
0.012293
0.012390
0.012437
0.012579
0.012669
0.012761
0.012821
0.012895
0.013017
0.013147
0.013191
0.013303
0.013393
0.013493
0.013534
0.013600
0.013720
0.013762
0.013837
0.013961
0.014082
0.014164
0.014257
0.014404
0.014462
0.014635
0.014746
0.014921
0.015134
0.015336
0.015554
0.015715
0.015975
0.016159
0.016372
0.016536
0.016758
0.016954
0.017036
0.017229
0.017399
0.017592
0.017705
0.017901
0.018099
0.018225
0.018329
0.018513
0.018676
0.018839
0.018983
0.019132
0.019203
0.019330
0.019455
0.019624
0.019750
0.019846
0.019971
0.020053
0.020141
0.020264
0.020346
0.020399
0.020529
0.020627
0.020710
0.020707
0.020801
0.020893
0.020943
0.021030
0.021146
0.021197
0.021244
0.021360
0.021464
0.021517
0.021605
0.021661
0.021742
0.021726
0.021766
0.021826
0.021848
0.021904
0.021866
0.021932
0.021898
0.021932
0.021990
0.022011
0.022063
0.022074
0.022104
0.022068
0.022123
0.022151
0.022156
0.022135
0.022125
0.022148
0.022091
0.022141
0.022177
0.022224
0.022250
0.022291
0.022379
0.022439
0.022505
0.022615
0.022684
0.022751
0.022788
0.022857
0.022961
0.022968
0.023015
0.023078
0.023104
0.023178
0.023229
0.023297
0.023278
0.023313
0.023352
0.023384
0.023470
0.023532
0.023631
0.023623
0.023735
0.023680
0.023734
0.023753
0.023783
0.023824
0.023737
0.023775
0.023759
0.023835
0.023825
0.023918
0.024007
0.024018
0.024014
0.024070
0.024127
0.024125
0.024162
0.024220
0.024194
0.024206
0.024253
0.024314
0.024322
0.024366
0.024400
0.024358
0.024351
0.024372
0.024353
0.024292
0.024293
0.024260
0.024183
0.024041
0.024031
0.024027
0.024010
0.024016
0.024000
0.023961
0.023858
0.023853
0.023891
0.023824
0.023791
0.023756
0.023715
0.023596
0.023585
0.023624
0.023589
0.023601
0.023482
0.023526
0.023441
0.023448
0.023496
0.023448
0.023453
0.023455
0.023453
0.023397
0.023415
0.023395
0.023377
0.023349
0.023345
0.023325
0.023216
0.023201
0.023190
0.023175
0.023168
0.023125
0.023129
0.023045
0.023015
0.023021
0.022980
0.022935
0.022904
0.022851
0.022840
0.022710
0.022643
0.022593
0.022532
0.022475
0.022405
0.022397
0.022295
0.022205
0.022124
0.022037
0.021967
0.021884
0.021863
0.021754
0.021745
0.021584
0.021481
0.021359
0.021303
0.021224
0.021051
0.020995
0.020869
0.020771
0.020645
0.020607
0.020510
0.020349
0.020222
0.020047
0.019959
0.019813
0.019734
0.019646
0.019535
0.019376
0.019292
0.019238
0.019187
0.019111
0.019050
0.018932
0.018851
0.018823
0.018798
0.018799
0.018791
0.018760
0.018641
0.018601
0.018552
0.018551
0.018539
0.018553
0.018461
0.018429
0.018340
0.018305
0.018299
0.018215
0.018122
0.018040
0.017953
0.017774
0.017708
0.017680
0.017549
0.017466
0.017317
0.017284
0.017123
0.017024
0.016950
0.016809
0.016677
0.016586
0.016495
0.016371
0.016253
0.016130
0.016047
0.015942
0.015866
0.015755
0.015622
0.015516
0.015418
0.015328
0.015305
0.015199
0.015094
0.014960
0.014894
0.014808
0.014682
0.014655
0.014571
0.014487
0.014398
0.014315
0.014247
0.014199
0.014105
0.014060
0.013974
0.013896
0.013828
0.013790
0.013768
0.013732
0.013658
0.013631
0.013580
0.013485
0.013486
0.013380
0.013310
0.013268
0.013205
0.013120
0.012957
0.012856
0.012735
0.012570
0.012415
0.012265
0.012077
0.011821
0.011606
0.011369
0.011168
0.010943
0.010726
0.010512
0.010244
0.009967
0.009763
0.009521
0.009274
0.009056
0.008859
0.008579
0.008337
0.008146
0.007936
0.007728
0.007522
0.007312
0.006999
0.006699
0.006413
0.006140
0.005867
0.005625
0.005363
0.005058
0.004767
0.004490
0.004231
0.003974
0.003732
0.003461
0.003249
0.002905
0.002652
0.002357
0.002102
0.001868
0.001540
0.001348
0.001034
0.000782
0.000530
0.000327
0.000084
-0.000141
-0.000411
-0.000659
-0.000908
-0.001123
-0.001300
-0.001560
-0.001704
-0.001963
-0.002205
-0.002428
-0.002636
-0.002816
-0.002965
-0.003141
-0.003284
-0.003482
-0.003612
-0.003764
-0.003934
-0.004030
-0.004179
-0.004344
-0.004497
-0.004646
-0.004840
-0.004892
-0.005027
-0.005103
-0.005206
-0.005346
-0.005447
-0.005570
-0.005645
-0.005735
-0.005764
-0.005858
-0.005888
-0.006021
-0.006042
-0.006160
-0.006182
-0.006236
-0.006290
-0.006336
-0.006506
-0.006513
-0.006573
-0.006590
-0.006642
-0.006637
-0.006682
-0.006744
-0.006808
-0.006849
-0.006818
-0.006861
-0.006851
-0.006892
-0.006958
-0.007072
-0.007093
-0.007175
-0.007198
-0.007275
-0.007322
-0.007464
-0.007589
-0.007626
-0.007739
-0.007784
-0.007903
-0.007988
-0.008165
-0.008282
-0.008390
-0.008482
-0.008565
-0.008589
-0.008700
-0.008812
-0.008886
-0.008941
-0.008965
-0.009039
-0.009113
-0.009169
-0.009165
-0.009302
-0.009311
-0.009299
-0.009317
-0.009333
-0.009410
-0.009399
-0.009526
-0.009577
-0.009566
-0.009587
-0.009675
-0.009729
-0.009794
-0.009900
-0.010000
-0.010047
-0.010057
-0.010164
-0.010154
-0.010296
-0.010314
-0.010401
-0.010428
-0.010455
-0.010410
-0.010499
-0.010514
-0.010612
-0.010629
-0.010622
-0.010655
-0.010596
-0.010607
-0.010604
-0.010640
-0.010611
-0.010670
-0.010612
-0.010619
-0.010557
-0.010510
-0.010538
-0.010587
-0.010600
-0.010587
-0.010619
-0.010591
-0.010598
-0.010610
-0.010687
-0.010666
-0.010734
-0.010766
-0.010771
-0.010811
-0.010851
-0.011045
-0.011059
-0.011097
-0.011122
-0.011160
-0.011130
-0.011152
-0.011208
-0.011223
-0.011238
-0.011202
-0.011233
-0.011206
-0.011246
-0.011283
-0.011342
-0.011335
-0.011335
-0.011328
-0.011358
-0.011318
-0.011408
-0.011429
-0.011392
-0.011389
-0.011379
-0.011373
-0.011360
-0.011434
-0.011510
-0.011553
-0.011567
-0.011594
-0.011596
-0.011629
-0.011658
-0.011744
-0.011773
-0.011737
-0.011746
-0.011754
-0.011751
-0.011692
-0.011780
-0.011741
-0.011661
-0.011574
-0.011496
-0.011444
-0.011330
-0.011342
-0.011283
-0.011199
-0.011087
-0.011050
-0.010967
-0.010862
-0.010853
-0.010765
-0.010651
-0.010488
-0.010409
-0.010253
-0.010222
-0.010094
-0.010012
-0.009944
-0.009879
-0.009721
-0.009682
-0.009596
-0.009591
-0.009529
-0.009477
-0.009480
-0.009393
-0.009387
-0.009406
-0.009420
-0.009381
-0.009430
-0.009395
-0.009382
-0.009312
-0.009288
-0.009309
-0.009348
-0.009341
-0.009333
-0.009376
-0.009361
-0.009401
-0.009406
-0.009498
-0.009512
-0.009533
-0.009582
-0.009577
-0.009560
-0.009587
-0.009674
-0.009680
-0.009661
-0.009688
-0.009713
-0.009664
-0.009680
-0.009701
-0.009704
-0.009717
-0.009679
-0.009680
-0.009657
-0.009665
-0.009658
-0.009675
-0.009642
-0.009602
-0.009560
-0.009516
-0.009468
-0.009535
-0.009504
-0.009481
-0.009448
-0.009448
-0.009412
-0.009370
-0.009390
-0.009394
-0.009387
-0.009352
-0.009317
-0.009261
-0.009259
-0.009223
-0.009228
-0.009213
-0.009133
-0.009108
-0.009095
-0.009052
-0.009007
-0.009065
-0.009018
-0.008991
-0.009019
-0.008956
-0.008958
-0.008939
-0.008995
-0.009019
-0.009015
-0.009010
-0.009032
-0.009006
-0.008960
-0.008994
-0.008948
-0.008960
-0.008913
-0.008895
-0.008808
-0.008770
-0.008724
-0.008701
-0.008650
-0.008554
-0.008437
-0.008337
-0.008268
-0.008210
-0.008161
-0.008081
-0.007985
-0.007881
-0.007790
-0.007743
-0.007722
-0.007675
-0.007625
-0.007561
-0.007491
-0.007444
-0.007425
-0.007363
-0.007361
-0.007291
-0.007233
-0.007253
-0.007173
-0.007114
-0.007070
-0.007055
-0.006952
-0.006902
-0.006840
-0.006727
-0.006649
-0.006579
-0.006588
-0.006608
-0.006542
-0.006536
-0.006500
-0.006420
-0.006388
-0.006438
-0.006391
-0.006407
-0.006329
-0.006287
-0.006245
-0.006273
-0.006274
-0.006285
-0.006247
-0.006208
-0.006175
-0.006195
-0.006202
-0.006223
-0.006229
-0.006269
-0.006255
-0.006346
-0.006402
-0.006426
-0.006505
-0.006567
-0.006626
-0.006640
-0.006670
-0.006639
-0.006709
-0.006695
-0.006795
-0.006814
-0.006774
-0.006782
-0.006811
-0.006808
-0.006836
-0.006903
-0.006886
-0.006879
-0.006884
-0.006844
-0.006878
-0.006826
-0.006866
-0.006865
-0.006824
-0.006788
-0.006815
-0.006758
-0.006715
-0.006781
-0.006788
-0.006792
-0.006837
-0.006866
-0.006871
-0.006924
-0.006986
-0.007048
-0.007139
-0.007176
-0.007246
-0.007285
-0.007318
-0.007373
-0.007456
-0.007487
-0.007466
-0.007484
-0.007445
-0.007478
-0.007481
-0.007549
-0.007578
-0.007585
-0.007588
-0.007578
-0.007562
-0.007571
-0.007634
-0.007629
-0.007604
-0.007638
-0.007677
-0.007704
-0.007747
-0.007886
-0.007930
-0.008005
-0.008058
-0.008119
-0.008185
-0.008246
-0.008406
-0.008537
-0.008583
-0.008669
-0.008773
-0.008808
-0.008927
-0.009096
-0.009149
-0.009300
-0.009339
-0.009426
-0.009503
-0.009553
-0.009615
-0.009706
-0.009736
-0.009817
-0.009855
-0.009885
-0.009897
-0.009953
-0.009945
-0.009959
-0.009916
-0.009919
-0.009935
-0.009887
-0.009913
-0.009921
-0.009905
-0.009894
-0.009856
-0.009785
-0.009770
-0.009669
-0.009674
-0.009681
-0.009602
-0.009622
-0.009593
-0.009592
-0.009562
-0.009600
-0.009554
-0.009551
-0.009503
-0.009438
-0.009438
-0.009383
-0.009467
-0.009463
-0.009446
-0.009457
-0.009511
-0.009514
-0.009594
-0.009693
-0.009738
-0.009786
-0.009779
-0.009886
-0.009886
-0.009909
-0.009949
-0.009974
-0.009940
-0.009933
-0.009935
-0.009910
-0.009916
-0.010006
-0.009999
-0.010028
-0.010032
-0.010093
-0.010125
-0.010163
-0.010230
-0.010313
-0.010370
-0.010414
-0.010527
-0.010558
-0.010603
-0.010661
-0.010747
-0.010813
-0.010807
-0.010866
-0.010862
-0.010858
-0.010834
-0.010927
-0.010903
-0.010984
-0.010975
-0.010980
-0.011039
-0.011037
-0.011166
-0.011251
-0.011270
-0.011319
-0.011449
-0.011463
-0.011586
-0.011760
-0.011823
-0.011945
-0.011979
-0.012087
-0.012170
-0.012244
-0.012358
-0.012454
-0.012457
-0.012555
-0.012620
-0.012685
-0.012749
-0.012898
-0.012956
-0.013041
-0.013106
-0.013178
-0.013256
-0.013279
-0.013365
-0.013430
-0.013453
-0.013508
-0.013574
-0.013567
-0.013612
-0.013589
-0.013680
-0.013693
-0.013623
-0.013658
-0.013617
-0.013572
-0.013459
-0.013452
-0.013323
-0.013270
-0.013151
-0.012974
-0.012885
-0.012700
-0.012647
-0.012498
-0.012348
-0.012158
-0.012015
-0.011772
-0.011579
-0.011403
-0.011209
-0.010998
-0.010791
-0.010689
-0.010485
-0.010361
-0.010262
-0.010179
-0.009999
-0.009897
-0.009754
-0.009646
-0.009495
-0.009520
-0.009286
-0.009164
-0.009067
-0.008937
-0.008843
-0.008687
-0.008593
-0.008558
-0.008468
-0.008373
-0.008299
-0.008150
-0.008007
-0.007942
-0.007846
-0.007774
-0.007590
-0.007541
-0.007392
-0.007314
-0.007156
-0.007157
-0.006975
-0.006905
-0.006765
-0.006580
-0.006477
-0.006322
-0.006275
-0.006136
-0.006002
-0.005862
-0.005788
-0.005663
-0.005569
-0.005578
-0.005452
-0.005360
-0.005267
-0.005214
-0.005088
-0.005042
-0.005014
-0.004918
-0.004830
-0.004769
-0.004732
-0.004643
-0.004512
-0.004552
-0.004448
-0.004344
-0.004194
-0.004145
-0.004031
-0.003913
-0.003736
-0.003718
-0.003599
-0.003489
-0.003409
-0.003322
-0.003184
-0.003081
-0.003061
-0.002964
-0.002793
-0.002760
-0.002604
-0.002567
-0.002406
-0.002412
-0.002267
-0.002188
-0.002100
-0.001915
-0.001832
-0.001662
-0.001627
-0.001429
-0.001327
-0.001139
-0.001006
-0.000865
-0.000713
-0.000624
-0.000511
-0.000352
-0.000203
-0.000104
0.000065
0.000182
0.000235
0.000345
0.000523
0.000635
0.000776
0.000927
0.001117
0.001078
0.001352
0.001518
0.001657
0.001778
0.001929
0.002061
0.002187
0.002190
0.002301
0.002401
0.002480
0.002594
0.002757
0.002862
0.002955
0.003083
0.003254
0.003369
0.003597
0.003766
0.003977
0.004052
0.004295
0.004439
0.004637
0.004926
0.005153
0.005380
0.005443
0.005691
0.005850
0.006093
0.006218
0.006417
0.006621
0.006649
0.006846
0.007026
0.007182
0.007268
0.007420
0.007517
0.007555
0.007704
0.007856
0.007976
0.008098
0.008228
0.008444
0.008374
0.008575
0.008765
0.008905
0.009019
0.009178
0.009350
0.009553
0.009607
0.009756
0.009979
0.010081
0.010244
0.010413
0.010567
0.010591
0.010744
0.010910
0.010991
0.011167
0.011246
0.011454
0.011464
0.011629
0.011732
0.011873
0.012114
0.012189
0.012362
0.012401
0.012606
0.012695
0.012882
0.012957
0.013103
0.013249
0.013338
0.013465
0.013653
0.013761
0.013909
0.014077
0.014230
0.014315
0.014475
0.014653
0.014842
0.015058
0.015255
0.015493
0.015595
0.015872
0.016157
0.016383
0.016637
0.016867
0.017071
0.017298
0.017442
0.017643
0.017854
0.018041
0.018191
0.018390
0.018569
0.018690
0.018847
0.019057
0.019142
0.019362
0.019492
0.019641
0.019681
0.019862
0.019894
0.020000
0.020197
0.020306
0.020504
0.020525
0.020691
0.020800
0.020936
0.021019
0.021202
0.021309
0.021269
0.021424
0.021542
0.021731
0.021818
0.021909
0.021972
0.021934
0.022050
0.022194
0.022252
0.022237
0.022296
0.022371
0.022376
0.022455
0.022514
0.022587
0.022598
0.022698
0.022829
0.022929
0.022901
0.022977
0.023097
0.023086
0.023247
0.023339
0.023451
0.023385
0.023476
0.023631
0.023659
0.023711
0.023756
0.023855
0.023786
0.023941
0.023974
0.024064
0.024143
0.024159
0.024310
0.024299
0.024415
0.024422
0.024549
0.024547
0.024672
0.024737
0.024727
0.024773
0.024854
0.025015
0.025142
0.025218
0.025281
0.025280
0.025382
0.025489
0.025560
0.025686
0.025754
0.025864
0.025938
0.026017
0.026112
0.026173
0.026314
0.026433
0.026539
0.026678
0.026730
0.026877
0.027040
0.027185
0.027340
0.027491
0.027622
0.027703
0.027848
0.028096
0.028153
0.028380
0.028533
0.028611
0.028673
0.028851
0.028903
0.029025
0.029194
0.029326
0.029508
0.029510
0.029695
0.029762
0.029882
0.029948
0.030116
0.030188
0.030128
0.030229
0.030251
0.030339
0.030373
0.030398
0.030381
0.030251
0.030304
0.030397
0.030409
0.030370
0.030344
0.030327
0.030330
0.030332
0.030339
0.030322
0.030241
0.030231
0.030277
0.030303
0.030153
0.030127
0.030201
0.030134
0.030192
0.030197
0.030225
0.030114
0.030083
0.030170
0.030123
0.030127
0.030074
0.030062
0.029900
0.029893
0.029846
0.029772
0.029706
0.029610
0.029603
0.029537
0.029531
0.029400
0.029403
0.029288
0.029302
0.029225
0.029130
0.029055
0.029008
0.028973
0.028974
0.028935
0.028877
0.028759
0.028697
0.028694
0.028625
0.028615
0.028521
0.028482
0.028423
0.028259
0.028186
0.028047
0.027978
0.027868
0.027806
0.027718
0.027583
0.027491
0.027457
0.027433
0.027323
0.027278
0.027176
0.027027
0.026910
0.026857
0.026644
0.026550
0.026418
0.026204
0.026048
0.025929
0.025717
0.025529
0.025385
0.025217
0.025088
0.024801
0.024608
0.024394
0.024235
0.024028
0.023906
0.023767
0.023501
0.023428
0.023288
0.023186
0.023052
0.022880
0.022662
0.022398
0.022301
0.022147
0.022055
0.021896
0.021806
0.021681
0.021520
0.021454
0.021305
0.021227
0.021065
0.021045
0.020935
0.020919
0.020727
0.020612
0.020586
0.020412
0.020310
0.020179
0.020067
0.019835
0.019660
0.019573
0.019378
0.019226
0.019004
0.018889
0.018647
0.018534
0.018400
0.018183
0.018078
0.017901
0.017803
0.017641
0.017508
0.017268
0.017130
0.016932
0.016847
0.016674
0.016404
0.016174
0.016009
0.015877
0.015686
0.015534
0.015316
0.015112
0.014927
0.014812
0.014631
0.014484
0.014230
0.014104
0.013944
0.013722
0.013561
0.013302
0.013147
0.012968
0.012830
0.012638
0.012395
0.012184
0.012031
0.011902
0.011754
0.011636
0.011463
0.011273
0.011123
0.011074
0.010867
0.010775
0.010601
0.010431
0.010275
0.010180
0.010008
0.009835
0.009711
0.009582
0.009489
0.009264
0.009125
0.008908
0.008787
0.008650
0.008569
0.008465
0.008312
0.008240
0.008135
0.008049
0.007994
0.007887
0.007810
0.007652
0.007634
0.007590
0.007524
0.007458
0.007373
0.007352
0.007272
0.007281
0.007249
0.007221
0.007154
0.007106
0.007095
0.007100
0.006975
0.006946
0.006907
0.006834
0.006789
0.006729
0.006684
0.006618
0.006581
0.006591
0.006546
0.006549
0.006435
0.006418
0.006258
0.006243
0.006201
0.006104
0.006109
0.006030
0.005979
0.005973
0.005933
0.005790
0.005820
0.005758
0.005737
0.005750
0.005648
0.005608
0.005584
0.005532
0.005508
0.005487
0.005412
0.005398
0.005447
0.005417
0.005414
0.005469
0.005412
0.005448
0.005461
0.005466
0.005518
0.005480
0.005533
0.005574
0.005557
0.005646
0.005619
0.005608
0.005619
0.005685
0.005669
0.005756
0.005763
0.005763
0.005786
0.005797
0.005757
0.005823
0.005746
0.005753
0.005762
0.005731
0.005685
0.005672
0.005756
0.005795
0.005825
0.005827
0.005922
0.005962
0.006092
0.006192
0.006275
0.006381
0.006440
0.006548
0.006636
0.006742
0.006868
0.006970
0.007045
0.007092
0.007224
0.007309
0.007365
0.007473
0.007536
0.007637
0.007693
0.007839
0.007926
0.008018
0.008142
0.008220
0.008307
0.008509
0.008529
0.008639
0.008791
0.008786
0.008854
0.008934
0.009034
0.009140
0.009196
0.009294
0.009367
0.009455
0.009446
0.009570
0.009566
0.009632
0.009703
0.009680
0.009783
0.009848
0.009825
0.009907
0.009988
0.009882
0.009993
0.009971
0.010024
0.010088
0.010033
0.010046
0.010104
0.010078
0.010123
0.010199
0.010152
0.010209
0.010330
0.010329
0.010409
0.010524
0.010509
0.010618
0.010693
0.010701
0.010801
0.010793
0.010907
0.011049
0.011094
0.011263
0.011363
0.011408
0.011500
0.011659
0.011701
0.011882
0.012021
0.012112
0.012303
0.012493
0.012595
0.012858
0.012985
0.013180
0.013387
0.013529
0.013641
0.013772
0.013924
0.014082
0.014213
0.014292
0.014412
0.014529
0.014666
0.014811
0.014940
0.014965
0.015054
0.015144
0.015197
0.015254
0.015336
0.015421
0.015502
0.015517
0.015656
0.015757
0.015819
0.015906
0.016013
0.016103
0.016212
0.016430
0.016513
0.016628
0.016766
0.016889
0.017025
0.017186
0.017243
0.017364
0.017532
0.017586
0.017697
0.017831
0.017956
0.018110
0.018199
0.018366
0.018486
0.018624
0.018720
0.018904
0.018998
0.019152
0.019304
0.019394
0.019576
0.019672
0.019778
0.019949
0.020116
0.020179
0.020357
0.020423
0.020528
0.020674
0.020730
0.020865
0.021010
0.021102
0.021236
0.021404
0.021494
0.021626
0.021787
0.021868
0.022029
0.022181
0.022260
0.022399
0.022531
0.022595
0.022704
0.022747
0.022859
0.022972
0.023001
0.023120
0.023169
0.023189
0.023252
0.023362
0.023386
0.023474
0.023585
0.023587
0.023666
0.023717
0.023712
0.023805
0.023756
0.023747
0.023727
0.023727
0.023669
0.023690
0.023622
0.023590
0.023616
0.023507
0.023501
0.023454
0.023472
0.023453
0.023421
0.023367
0.023323
0.023389
0.023291
0.023230
0.023162
0.023181
0.023188
0.023088
0.023140
0.023167
0.023218
0.023237
0.023268
0.023243
0.023302
0.023253
0.023223
0.023233
0.023240
0.023276
0.023254
0.023301
0.023195
0.023215
0.023256
0.023228
0.023219
0.023218
0.023326
0.023340
0.023335
0.023336
0.023317
0.023322
0.023286
0.023286
0.023183
0.023224
0.023229
0.023179
0.023123
0.023045
0.023025
0.022993
0.022918
0.022819
0.022871
0.022761
0.022706
0.022694
0.022566
0.022574
0.022507
0.022433
0.022387
0.022370
0.022301
0.022254
0.022223
0.022172
0.022165
0.022139
0.022069
0.022016
0.022030
0.021890
0.021831
0.021700
0.021614
0.021588
0.021512
0.021455
0.021368
0.021284
0.021217
0.021180
0.021087
0.021060
0.021012
0.020906
0.020869
0.020863
0.020786
0.020839
0.020756
0.020684
0.020666
0.020630
0.020538
0.020475
0.020418
0.020417
0.020372
0.020343
0.020376
0.020372
0.020405
0.020455
0.020461
0.020471
0.020477
0.020546
0.020548
0.020530
0.020521
0.020547
0.020546
0.020469
0.020492
0.020416
0.020424
0.020384
0.020368
0.020307
0.020218
0.020216
0.020111
0.020079
0.020007
0.019994
0.019880
0.019883
0.019767
0.019726
0.019701
0.019660
0.019576
0.019498
0.019467
0.019409
0.019293
0.019276
0.019198
0.019132
0.019018
0.018988
0.018873
0.018819
0.018809
0.018705
0.018699
0.018638
0.018596
0.018595
0.018490
0.018441
0.018449
0.018375
0.018339
0.018329
0.018234
0.018203
0.018180
0.018127
0.018157
0.018176
0.018203
0.018244
0.018245
0.018295
0.018305
0.018341
0.018306
0.018302
0.018343
0.018345
0.018354
0.018318
0.018352
0.018351
0.018328
0.018276
0.018248
0.018223
0.018173
0.018182
0.018123
0.018100
0.018035
0.017925
0.017858
0.017810
0.017688
0.017685
0.017567
0.017500
0.017487
0.017445
0.017385
0.017390
0.017386
0.017362
0.017321
0.017295
0.017309
0.017265
0.017275
0.017252
0.017276
0.017228
0.017216
0.017223
0.017245
0.017240
0.017163
0.017215
0.017177
0.017150
0.017167
0.017081
0.017091
0.017052
0.017011
0.016976
0.016931
0.016953
0.016913
0.016890
0.016856
0.016870
0.016776
0.016822
0.016788
0.016750
0.016719
0.016733
0.016702
0.016699
0.016672
0.016651
0.016583
0.016598
0.016514
0.016459
0.016376
0.016351
0.016261
0.016186
0.016115
0.016027
0.015997
0.015873
0.015801
0.015763
0.015645
0.015604
0.015605
0.015522
0.015487
0.015467
0.015421
0.015366
0.015366
0.015307
0.015260
0.015252
0.015248
0.015262
0.015237
0.015280
0.015288
0.015328
0.015323
0.015351
0.015370
0.015443
0.015456
0.015441
0.015477
0.015495
0.015518
0.015527
0.015548
0.015595
0.015612
0.015643
0.015654
0.015713
0.015675
0.015702
0.015725
0.015739
0.015713
0.015729
0.015683
0.015666
0.015656
0.015632
0.015549
0.015529
0.015518
0.015486
0.015386
0.015304
0.015188
0.015077
0.014976
0.014869
0.014833
0.014704
0.014610
0.014515
0.014447
0.014323
0.014212
0.014129
0.014048
0.013990
0.013967
0.013851
0.013774
0.013684
0.013579
0.013458
0.013361
0.013309
0.013195
0.013100
0.012988
0.012864
0.012693
0.012615
0.012463
0.012357
0.012218
0.012123
0.011973
0.011907
0.011780
0.011669
0.011515
0.011438
0.011302
0.011244
0.011136
0.011064
0.010951
0.010851
0.010755
0.010680
0.010636
0.010503
0.010398
0.010348
0.010226
0.010115
0.010045
0.009927
0.009833
0.009717
0.009614
0.009504
0.009435
0.009303
0.009176
0.009063
0.008954
0.008841
0.008715
0.008593
0.008481
0.008401
0.008287
0.008182
0.008116
0.008072
0.007960
0.007866
0.007815
0.007722
0.007612
0.007502
0.007420
0.007346
0.007212
0.007110
0.006992
0.006919
0.006789
0.006693
0.006582
0.006447
0.006311
0.006174
0.005994
0.005878
0.005817
0.005688
0.005523
0.005399
0.005341
0.005254
0.005149
0.005060
0.004985
0.004854
0.004767
0.004699
0.004665
0.004557
0.004528
0.004447
0.004423
0.004338
0.004289
0.004241
0.004201
0.004157
0.004155
0.004065
0.004031
0.003950
0.003910
0.003856
0.003794
0.003862
0.003819
0.003818
0.003788
0.003806
0.003736
0.003745
0.003705
0.003672
0.003604
0.003584
0.003501
0.003478
0.003389
0.003348
0.003226
0.003179
0.003072
0.003002
0.002906
0.002853
0.002779
0.002663
0.002574
0.002472
0.002443
0.002351
0.002277
0.002245
0.002164
0.002090
0.002041
0.001966
0.001862
0.001802
0.001726
0.001627
0.001582
0.001500
0.001423
0.001350
0.001317
0.001318
0.001268
0.001260
0.001201
0.001212
0.001172
0.001198
0.001211
0.001283
0.001308
0.001287
0.001330
0.001334
0.001352
0.001356
0.001400
0.001434
0.001413
0.001443
0.001468
0.001561
0.001582
0.001626
0.001686
0.001674
0.001701
0.001752
0.001780
0.001809
0.001906
0.001953
0.001959
0.002011
0.002115
0.002158
0.002190
0.002223
0.002247
0.002242
0.002305
0.002339
0.002402
0.002436
0.002517
0.002556
0.002646
0.002648
0.002642
0.002652
0.002641
0.002657
0.002693
0.002651
0.002670
0.002633
0.002602
0.002587
0.002563
0.002660
0.002583
0.002559
0.002488
0.002517
0.002444
0.002521
0.002533
0.002541
0.002473
0.002502
0.002410
0.002419
0.002334
0.002376
0.002310
0.002299
0.002203
0.002213
0.002102
0.002125
0.002060
0.002012
0.001919
0.001893
0.001863
0.001797
0.001735
0.001761
0.001632
0.001588
0.001494
0.001478
0.001350
0.001303
0.001229
0.001189
0.001146
0.001123
0.001051
0.001018
0.000973
0.000994
0.000937
0.000923
0.000854
0.000859
0.000748
0.000700
0.000507
0.000557
0.000491
0.000367
0.000319
0.000211
0.000117
0.000021
0.000006
-0.000057
-0.000175
-0.000230
-0.000285
-0.000317
-0.000397
-0.000442
-0.000535
-0.000667
-0.000718
-0.000836
-0.001015
-0.001107
-0.001149
-0.001325
-0.001524
-0.001661
-0.001761
-0.001924
-0.002062
-0.002167
-0.002233
-0.002361
-0.002464
-0.002590
-0.002738
-0.002870
-0.002911
-0.003037
-0.003118
-0.003279
-0.003426
-0.003505
-0.003612
-0.003712
-0.003773
-0.003909
-0.004004
-0.004167
-0.004264
-0.004324
-0.004383
-0.004342
-0.004401
-0.004476
-0.004542
-0.004544
-0.004630
-0.004600
-0.004614
-0.004625
-0.004753
-0.004741
-0.004857
-0.004861
-0.004954
-0.004925
-0.004987
-0.005081
-0.005176
-0.005228
-0.005335
-0.005317
-0.005325
-0.005356
-0.005462
-0.005452
-0.005467
-0.005531
-0.005602
-0.005523
-0.005651
-0.005597
-0.005658
-0.005619
-0.005664
-0.005638
-0.005618
-0.005693
-0.005678
-0.005654
-0.005693
-0.005654
-0.005637
-0.005543
-0.005618
-0.005615
-0.005634
-0.005613
-0.005697
-0.005697
-0.005906
-0.005747
-0.005749
-0.005850
-0.005807
-0.005810
-0.005809
-0.005878
-0.005832
-0.005820
-0.005828
-0.005864
-0.005841
-0.005807
-0.005866
-0.005838
-0.005837
-0.005861
-0.005865
-0.005978
-0.006059
-0.006084
-0.006096
-0.006190
-0.006260
-0.006236
-0.006191
-0.006324
-0.006353
-0.006417
-0.006425
-0.006497
-0.006548
-0.006669
-0.006711
-0.006821
-0.006855
-0.006986
-0.006958
-0.007068
-0.007210
-0.007274
-0.007311
-0.007461
-0.007514
-0.007716
-0.007770
-0.008006
-0.008162
-0.008309
-0.008421
-0.008401
-0.008529
-0.008641
-0.008827
-0.008833
-0.009042
-0.009072
-0.009218
-0.009264
-0.009487
-0.009562
-0.009730
-0.009762
-0.009888
-0.009966
-0.010077
-0.010172
-0.010285
-0.010372
-0.010533
-0.010552
-0.010654
-0.010707
-0.010847
-0.010845
-0.010827
-0.010954
-0.011083
-0.011137
-0.011271
-0.011284
-0.011372
-0.011397
-0.011410
-0.011410
-0.011474
-0.011534
-0.011470
-0.011554
-0.011642
-0.011626
-0.011635
-0.011682
-0.011767
-0.011820
-0.011816
-0.011828
-0.011905
-0.011897
-0.012109
-0.011972
-0.011949
-0.011965
-0.011971
-0.011892
-0.011917
-0.011925
-0.011929
-0.011883
-0.011896
-0.011874
-0.011952
-0.011894
-0.011924
-0.011955
-0.011932
-0.011960
-0.011955
-0.011968
-0.012053
-0.012032
-0.012025
-0.012142
-0.012196
-0.012177
-0.012179
-0.012263
-0.012322
-0.012414
-0.012477
-0.012512
-0.012526
-0.012525
-0.012637
-0.012617
-0.012610
-0.012665
-0.012636
-0.012723
-0.012830
-0.012897
-0.012914
-0.012994
-0.012989
-0.013164
-0.013194
-0.013301
-0.013390
-0.013520
-0.013643
-0.013595
-0.013696
-0.013773
-0.013885
-0.013915
-0.014109
-0.014132
-0.014238
-0.014271
-0.014439
-0.014510
-0.014659
-0.014722
-0.014829
-0.014950
-0.015034
-0.015161
-0.015275
-0.015392
-0.015534
-0.015619
-0.015750
-0.015847
-0.015990
-0.016056
-0.016056
-0.016175
-0.016331
-0.016376
-0.016442
-0.016451
-0.016518
-0.016558
-0.016604
-0.016656
-0.016759
-0.016828
-0.016800
-0.016937
-0.016995
-0.017026
-0.017038
-0.017155
-0.017233
-0.017337
-0.017357
-0.017446
-0.017534
-0.017609
-0.017842
-0.017802
-0.017876
-0.017979
-0.018126
-0.018196
-0.018358
-0.018466
-0.018655
-0.018729
-0.018855
-0.018935
-0.019127
-0.019162
-0.019314
-0.019470
-0.019576
-0.019699
-0.019844
-0.020003
-0.020189
-0.020295
-0.020404
-0.020605
-0.020770
-0.020881
-0.020972
-0.021116
-0.021252
-0.021363
-0.021465
-0.021558
-0.021667
-0.021778
-0.021947
-0.022009
-0.022087
-0.022166
-0.022182
-0.022295
-0.022411
-0.022499
-0.022557
-0.022609
-0.022650
-0.022734
-0.022782
-0.022867
-0.022947
-0.023020
-0.023167
-0.023216
-0.023347
-0.023467
-0.023624
-0.023719
-0.023892
-0.024011
-0.024153
-0.024265
-0.024472
-0.024610
-0.024795
-0.024901
-0.025052
-0.025198
-0.025299
-0.025467
-0.025561
-0.025626
-0.025771
-0.025807
-0.025887
-0.025987
-0.026076
-0.026185
-0.026185
-0.026278
-0.026416
-0.026460
-0.026501
-0.026544
-0.026601
-0.026676
-0.026749
-0.026794
-0.026875
-0.026945
-0.026916
-0.027020
-0.027023
-0.027029
-0.026953
-0.026994
-0.027010
-0.027015
-0.026948
-0.026976
-0.026949
-0.026923
-0.027043
-0.026978
-0.026951
-0.026937
-0.027015
-0.027010
-0.027052
-0.027047
-0.027129
-0.027076
-0.027122
-0.027112
-0.027223
-0.027193
-0.027235
-0.027282
-0.027294
-0.027308
-0.027311
-0.027360
-0.027405
-0.027357
-0.027326
-0.027421
-0.027472
-0.027437
-0.027465
-0.027516
-0.027574
-0.027631
-0.027715
-0.027823
-0.027869
-0.027935
-0.028122
-0.028142
-0.028226
-0.028342
-0.028361
-0.028431
-0.028545
-0.028606
-0.028653
-0.028753
-0.028812
-0.028928
-0.028966
-0.029063
-0.029135
-0.029168
-0.029266
-0.029289
-0.029346
-0.029389
-0.029475
-0.029479
-0.029628
-0.029624
-0.029695
-0.029725
-0.029830
-0.029902
-0.029943
-0.029968
-0.030075
-0.030127
-0.030216
-0.030378
-0.030460
-0.030485
-0.030583
-0.030598
-0.030723
-0.030804
-0.030940
-0.031023
-0.031045
-0.031124
-0.031222
-0.031263
-0.031338
-0.031370
-0.031426
-0.031462
-0.031572
-0.031579
-0.031608
-0.031642
-0.031653
-0.031728
-0.031776
-0.031829
-0.031857
-0.031956
-0.031984
-0.032027
-0.031996
-0.032000
-0.031964
-0.031914
-0.031933
-0.031886
-0.031797
-0.031729
-0.031684
-0.031581
-0.031509
-0.031419
-0.031396
-0.031266
-0.031194
-0.031065
-0.031006
-0.030857
-0.030811
-0.030743
-0.030654
-0.030643
-0.030548
-0.030469
-0.030414
-0.030301
-0.030196
-0.030145
-0.030145
-0.030070
-0.029968
-0.029952
-0.029930
-0.029917
-0.029874
-0.029898
-0.029903
-0.029948
-0.030075
-0.030131
-0.030209
-0.030306
-0.030310
-0.030372
-0.030491
-0.030518
-0.030550
-0.030654
-0.030699
-0.030871
-0.030871
-0.031032
-0.031131
-0.031233
-0.031377
-0.031366
-0.031494
-0.031576
-0.031746
-0.031754
-0.031907
-0.031932
-0.032055
-0.032113
-0.032181
-0.032317
-0.032379
-0.032399
-0.032475
-0.032539
-0.032586
-0.032728
-0.032794
-0.032783
-0.032871
-0.032802
-0.032850
-0.032881
-0.032981
-0.033008
-0.032944
-0.033017
-0.033049
-0.033101
-0.033166
-0.033211
-0.033243
-0.033307
-0.033421
-0.033453
-0.033484
-0.033567
-0.033515
-0.033499
-0.033519
-0.033469
-0.033403
-0.033403
-0.033385
-0.033369
-0.033267
-0.033232
-0.033194
-0.033162
-0.033212
-0.033151
-0.033108
-0.033050
-0.033023
-0.032934
-0.032903
-0.032897
-0.032925
-0.032861
-0.032861
-0.032835
-0.032816
-0.032765
-0.032820
-0.032784
-0.032755
-0.032842
-0.032838
-0.032799
-0.032864
-0.032846
-0.032881
-0.032890
-0.032976
-0.032996
-0.032987
-0.033098
-0.033136
-0.033146
-0.033132
-0.033158
-0.033128
-0.033170
-0.033338
-0.033364
-0.033435
-0.033484
-0.033549
-0.033597
-0.033800
-0.033795
-0.033880
-0.033959
-0.034018
-0.034125
-0.034094
-0.034277
-0.034347
-0.034438
-0.034571
-0.034539
-0.034672
-0.034689
-0.034830
-0.034805
-0.034918
-0.034886
-0.034881
-0.034905
-0.034938
-0.035035
-0.035000
-0.035014
-0.035061
-0.035132
-0.035126
-0.035286
-0.035411
-0.035348
-0.035418
-0.035329
-0.035348
-0.035316
-0.035360
-0.035340
-0.035253
-0.035249
-0.035205
-0.035221
-0.035283
-0.035288
-0.035275
-0.035293
-0.035405
-0.035413
-0.035400
-0.035465
-0.035562
-0.035588
-0.035709
-0.035760
-0.035879
-0.036039
-0.036121
-0.036279
-0.036361
-0.036515
-0.036623
-0.036803
-0.036969
-0.037107
-0.037290
-0.037438
-0.037667
-0.037803
-0.037955
-0.038097
-0.038318
-0.038466
-0.038613
-0.038739
-0.038827
-0.038988
-0.039124
-0.039235
-0.039370
-0.039571
-0.039734
-0.039861
-0.040116
-0.040207
-0.040382
-0.040489
-0.040710
-0.040906
-0.040885
-0.041056
-0.041183
-0.041293
-0.041372
-0.041526
-0.041590
-0.041749
-0.041925
-0.041996
-0.042115
-0.042188
-0.042294
-0.042313
-0.042526
-0.042490
-0.042607
-0.042693
-0.042723
-0.042850
-0.042796
-0.042937
-0.042950
-0.042982
-0.043087
-0.042959
-0.043038
-0.043013
-0.043122
-0.043062
-0.043209
-0.043176
-0.043206
-0.043289
-0.043268
-0.043391
-0.043325
-0.043368
-0.043380
-0.043441
-0.043421
-0.043546
-0.043698
-0.043674
-0.043841
-0.043761
-0.043843
-0.043840
-0.043968
-0.044169
-0.044163
-0.044338
-0.044363
-0.044502
-0.044634
-0.044773
-0.044817
-0.044976
-0.045227
-0.045281
-0.045417
-0.045498
-0.045716
-0.045766
-0.045919
-0.045974
-0.046138
-0.046298
-0.046396
-0.046559
-0.046689
-0.046872
-0.046955
-0.047119
-0.047370
-0.047439
-0.047636
-0.047771
-0.048017
-0.048186
-0.048410
-0.048608
-0.048894
-0.049096
-0.049285
-0.049522
-0.049750
-0.049999
-0.050221
-0.050458
-0.050696
-0.051000
-0.051236
-0.051466
-0.051823
-0.052021
-0.052339
-0.052558
-0.052956
-0.053294
-0.053402
-0.053744
-0.054009
-0.054297
-0.054513
-0.054832
-0.055075
-0.055419
-0.055732
-0.055990
-0.056324
-0.056579
-0.056881
-0.057085
-0.057551
-0.057678
-0.057997
-0.058347
-0.058567
-0.058897
-0.058991
-0.059269
-0.059485
-0.059730
-0.060024
-0.060046
-0.060286
-0.060435
-0.060655
-0.060718
-0.061002
-0.061068
-0.061271
-0.061433
-0.061547
-0.061757
-0.061769
-0.061940
-0.062058
-0.062269
-0.062415
-0.062653
-0.062946
-0.063119
-0.063352
-0.063477
-0.063750
-0.063947
-0.064243
-0.064462
-0.064586
-0.064831
-0.064983
-0.065272
-0.065462
-0.065639
-0.065771
-0.066010
-0.066300
-0.066430
-0.066661
-0.066790
-0.066978
-0.067039
-0.067257
-0.067324
-0.067591
-0.067820
-0.067931
-0.068100
-0.068215
-0.068440
-0.068574
-0.068842
-0.069180
-0.069236
-0.069522
-0.069694
-0.069952
-0.070097
-0.070289
-0.070449
-0.070686
-0.070933
-0.071039
-0.071287
-0.071375
-0.071529
-0.071668
-0.071876
-0.072006
-0.072200
-0.072372
-0.072515
-0.072787
-0.072826
-0.073100
-0.073195
-0.073380
-0.073656
-0.073639
-0.073930
-0.074077
-0.074306
-0.074380
-0.074544
-0.074705
-0.074900
-0.075044
-0.075193
-0.075325
-0.075450
-0.075587
-0.075610
-0.075893
-0.075904
-0.076022
-0.076255
-0.076403
-0.076679
-0.076796
-0.076984
-0.077164
-0.077331
-0.077614
-0.077654
-0.077828
-0.078008
-0.078163
-0.078274
-0.078540
-0.078693
-0.078963
-0.079148
-0.079390
-0.079686
-0.079825
-0.080054
-0.080260
-0.080487
-0.080673
-0.080816
-0.081048
-0.081260
-0.081453
-0.081569
-0.081805
-0.082009
-0.082232
-0.082386
-0.082575
-0.082767
-0.082930
-0.083176
-0.083379
-0.083509
-0.083652
-0.083767
-0.083909
-0.084065
-0.084195
-0.084399
-0.084536
-0.084665
-0.084811
-0.084913
-0.085061
-0.085208
-0.085351
-0.085484
-0.085641
-0.085726
-0.085846
-0.085938
-0.086032
-0.086098
-0.086185
-0.086291
-0.086339
-0.086415
-0.086482
-0.086558
-0.086639
-0.086674
-0.086674
-0.086703
-0.086717
-0.086720
-0.086800
-0.086854
-0.086916
-0.086954
-0.086954
-0.087008
-0.087090
-0.087086
-0.087162
-0.087197
-0.087166
-0.087241
-0.087143
-0.087206
-0.087214
-0.087248
-0.087207
-0.087199
-0.087244
-0.087237
-0.087189
-0.087236
-0.087216
-0.087223
-0.087185
-0.087106
-0.087207
-0.087118
-0.087061
-0.087129
-0.087115
-0.087163
-0.087131
-0.087139
-0.087181
-0.087176
-0.087188
-0.087134
-0.087085
-0.087083
-0.087036
-0.087011
-0.087036
-0.087028
-0.087048
-0.086968
-0.086944
-0.086867
-0.086710
-0.086672
-0.086564
-0.086519
-0.086431
-0.086345
-0.086211
-0.086171
-0.086060
-0.085918
-0.085866
-0.085771
-0.085666
-0.085475
-0.085331
-0.085194
-0.085089
-0.085038
-0.084997
-0.084801
-0.084687
-0.084578
-0.084435
-0.084357
-0.084244
-0.084183
-0.083976
-0.083828
-0.083711
-0.083547
-0.083414
-0.083275
-0.083106
-0.082942
-0.082774
-0.082564
-0.082378
-0.082218
-0.082060
-0.081853
-0.081688
-0.081561
-0.081385
-0.081307
-0.081167
-0.081074
-0.080985
-0.080923
-0.080857
-0.080795
-0.080717
-0.080573
-0.080480
-0.080424
-0.080331
-0.080203
-0.080072
-0.079968
-0.079921
-0.079839
-0.079845
-0.079828
-0.079765
-0.079743
-0.079633
-0.079592
-0.079568
-0.079586
-0.079546
-0.079514
-0.079514
-0.079527
-0.079470
-0.079535
-0.079588
-0.079633
-0.079636
-0.079633
-0.079775
-0.079801
-0.079864
-0.079993
-0.080002
-0.080081
-0.080123
-0.080187
-0.080313
-0.080378
-0.080530
-0.080509
-0.080533
-0.080634
-0.080650
-0.080671
-0.080763
-0.080769
-0.080884
-0.080938
-0.080969
-0.081055
-0.081075
-0.081117
-0.081195
-0.081320
-0.081454
-0.081515
-0.081611
-0.081702
-0.081805
-0.081888
-0.082025
-0.082136
-0.082243
-0.082323
-0.082387
-0.082471
-0.082565
-0.082763
-0.082935
-0.083037
-0.083162
-0.083282
-0.083402
-0.083492
-0.083656
-0.083799
-0.083794
-0.083850
-0.083885
-0.083910
-0.083948
-0.083998
-0.084016
-0.084053
-0.084121
-0.084133
-0.084152
-0.084202
-0.084303
-0.084241
-0.084266
-0.084276
-0.084266
-0.084309
-0.084328
-0.084303
-0.084312
-0.084322
-0.084312
-0.084298
-0.084261
-0.084174
-0.084163
-0.084166
-0.084098
-0.084003
-0.083910
-0.083863
-0.083868
-0.083771
-0.083708
-0.083656
-0.083552
-0.083530
-0.083367
-0.083333
-0.083250
-0.083227
-0.083139
-0.083036
-0.082971
-0.082934
-0.082867
-0.082821
-0.082789
-0.082723
-0.082669
-0.082561
-0.082619
-0.082495
-0.082436
-0.082442
-0.082347
-0.082384
-0.082324
-0.082288
-0.082294
-0.082271
-0.082322
-0.082193
-0.082154
-0.082136
-0.082072
-0.082007
-0.082054
-0.081962
-0.081962
-0.081887
-0.081892
-0.081790
-0.081655
-0.081612
-0.081489
-0.081441
-0.081333
-0.081299
-0.081244
-0.081150
-0.081066
-0.080971
-0.080926
-0.080806
-0.080750
-0.080614
-0.080445
-0.080328
-0.080234
-0.080090
-0.080028
-0.079831
-0.079701
-0.079524
-0.079349
-0.079181
-0.079072
-0.078982
-0.078773
-0.078678
-0.078492
-0.078346
-0.078216
-0.078108
-0.077964
-0.077857
-0.077790
-0.077667
-0.077570
-0.077479
-0.077456
-0.077296
-0.077185
-0.077094
-0.077004
-0.076937
-0.076872
-0.076748
-0.076699
-0.076616
-0.076570
-0.076500
-0.076487
-0.076332
-0.076281
-0.076275
-0.076191
-0.076102
-0.076022
-0.075978
-0.075936
-0.075849
-0.075780
-0.075764
-0.075677
-0.075654
-0.075527
-0.075514
-0.075411
-0.075340
-0.075292
-0.075195
-0.075096
-0.075057
-0.075043
-0.074981
-0.074934
-0.074905
-0.074827
-0.074753
-0.074749
-0.074704
-0.074682
-0.074624
-0.074530
-0.074510
-0.074428
-0.074328
-0.074354
-0.074300
-0.074264
-0.074174
-0.074106
-0.074133
-0.074064
-0.074047
-0.074081
-0.074044
-0.073989
-0.073963
-0.073971
-0.073916
-0.073830
-0.073838
-0.073760
-0.073733
-0.073696
-0.073736
-0.073701
-0.073632
-0.073558
-0.073545
-0.073494
-0.073419
-0.073365
-0.073329
-0.073216
-0.073133
-0.073123
-0.073113
-0.073116
-0.073021
-0.073026
-0.072977
-0.072919
-0.072832
-0.072899
-0.072868
-0.072716
-0.072736
-0.072645
-0.072542
-0.072430
-0.072390
-0.072289
-0.072194
-0.072135
-0.072103
-0.072033
-0.072017
-0.072045
-0.071973
-0.071927
-0.071855
-0.071813
-0.071770
-0.071703
-0.071617
-0.071580
-0.071482
-0.071385
-0.071274
-0.071231
-0.071064
-0.070961
-0.070937
-0.070806
-0.070702
-0.070590
-0.070533
-0.070432
-0.070314
-0.070219
-0.070194
-0.070074
-0.069974
-0.069918
-0.069830
-0.069715
-0.069642
-0.069607
-0.069500
-0.069443
-0.069346
-0.069324
-0.069226
-0.069177
-0.069135
-0.069052
-0.068962
-0.068945
-0.068912
-0.068889
-0.068898
-0.068843
-0.068851
-0.068798
-0.068726
-0.068764
-0.068742
-0.068749
-0.068770
-0.068759
-0.068828
-0.068806
-0.068820
-0.068895
-0.068925
-0.069052
-0.069138
-0.069231
-0.069286
-0.069318
-0.069401
-0.069423
-0.069487
-0.069536
-0.069617
-0.069658
-0.069713
-0.069780
-0.069877
-0.070005
-0.070048
-0.070131
-0.070178
-0.070264
-0.070320
-0.070399
-0.070497
-0.070631
-0.070656
-0.070711
-0.070772
-0.070824
-0.070878
-0.070999
-0.071023
-0.071042
-0.071139
-0.071199
-0.071221
-0.071268
-0.071292
-0.071312
-0.071332
-0.071421
-0.071421
-0.071445
-0.071461
-0.071503
-0.071467
-0.071437
-0.071406
-0.071378
-0.071373
-0.071377
-0.071324
-0.071284
-0.071216
-0.071142
-0.071077
-0.071037
-0.070912
-0.070861
-0.070805
-0.070789
-0.070682
-0.070646
-0.070570
-0.070504
-0.070429
-0.070390
-0.070306
-0.070272
-0.070206
-0.070133
-0.070113
-0.070040
-0.070075
-0.070084
-0.070063
-0.070043
-0.070005
-0.069985
-0.069925
-0.069924
-0.069862
-0.069826
-0.069749
-0.069783
-0.069714
-0.069687
-0.069707
-0.069680
-0.069670
-0.069646
-0.069589
-0.069635
-0.069599
-0.069584
-0.069582
-0.069569
-0.069630
-0.069628
-0.069627
-0.069711
-0.069707
-0.069782
-0.069803
-0.069831
-0.069860
-0.069845
-0.069882
-0.069897
-0.069961
-0.069974
-0.070039
-0.070058
-0.070078
-0.070100
-0.070111
-0.070223
-0.070190
-0.070235
-0.070176
-0.070198
-0.070182
-0.070210
-0.070237
-0.070319
-0.070318
-0.070344
-0.070405
-0.070418
-0.070460
-0.070518
-0.070581
-0.070582
-0.070641
-0.070680
-0.070666
-0.070734
-0.070740
-0.070824
-0.070881
-0.070990
-0.070984
-0.071059
-0.071081
-0.071219
-0.071220
-0.071250
-0.071317
-0.071310
-0.071405
-0.071447
-0.071520
-0.071530
-0.071589
-0.071604
-0.071630
-0.071715
-0.071678
-0.071737
-0.071765
-0.071795
-0.071716
-0.071749
-0.071739
-0.071803
-0.071803
-0.071791
-0.071794
-0.071771
-0.071807
-0.071728
-0.071780
-0.071704
-0.071774
-0.071722
-0.071645
-0.071694
-0.071654
-0.071695
-0.071648
-0.071705
-0.071641
-0.071666
-0.071589
-0.071662
-0.071592
-0.071585
-0.071641
-0.071608
-0.071625
-0.071542
-0.071495
-0.071440
-0.071383
-0.071322
-0.071253
-0.071238
-0.071201
-0.071199
-0.071156
-0.071190
-0.071147
-0.071208
-0.071188
-0.071218
-0.071207
-0.071188
-0.071245
-0.071191
-0.071222
-0.071195
-0.071213
-0.071155
-0.071151
-0.071102
-0.071070
-0.071160
-0.071109
-0.071156
-0.071130
-0.071153
-0.071139
-0.071150
-0.071180
-0.071261
-0.071209
-0.071224
-0.071313
-0.071323
-0.071386
-0.071474
-0.071545
-0.071551
-0.071612
-0.071661
-0.071701
-0.071716
-0.071718
-0.071742
-0.071747
-0.071809
-0.071808
-0.071840
-0.071831
-0.071922
-0.071885
-0.071898
-0.071937
-0.071946
-0.071990
-0.071993
-0.072027
-0.072056
-0.072045
-0.072086
-0.072104
-0.072127
-0.072100
-0.072119
-0.072173
-0.072161
-0.072086
-0.072127
-0.072118
-0.072143
-0.072123
-0.072141
-0.072127
-0.072132
-0.072125
-0.072124
-0.072158
-0.072170
-0.072205
-0.072215
-0.072178
-0.072164
-0.072129
-0.072101
-0.072045
-0.072053
-0.071950
-0.071867
-0.071729
-0.071694
-0.071482
-0.071385
-0.071341
-0.071216
-0.071094
-0.070944
-0.070845
-0.070772
-0.070651
-0.070544
-0.070410
-0.070320
-0.070213
-0.070111
-0.069936
-0.069818
-0.069645
-0.069540
-0.069428
-0.069312
-0.069126
-0.068942
-0.068772
-0.068605
-0.068474
-0.068312
-0.068190
-0.068018
-0.067841
-0.067688
-0.067497
-0.067384
-0.067156
-0.066984
-0.066801
-0.066648
-0.066473
-0.066268
-0.066117
-0.065994
-0.065711
-0.065509
-0.065340
-0.065127
-0.064929
-0.064788
-0.064615
-0.064418
-0.064212
-0.064071
-0.063858
-0.063687
-0.063496
-0.063316
-0.063076
-0.062919
-0.062701
-0.062558
-0.062372
-0.062310
-0.062019
-0.061835
-0.061703
-0.061555
-0.061418
-0.061261
-0.061135
-0.061004
-0.060840
-0.060737
-0.060610
-0.060469
-0.060323
-0.060224
-0.060152
-0.060074
-0.059956
-0.059922
-0.059874
-0.059885
-0.059764
-0.059776
-0.059697
-0.059694
-0.059677
-0.059620
-0.059618
-0.059620
-0.059707
-0.059741
-0.059752
-0.059789
-0.059817
-0.059917
-0.059978
-0.060060
-0.060093
-0.060154
-0.060124
-0.060197
-0.060091
-0.060099
-0.060195
-0.060228
-0.060250
-0.060253
-0.060295
-0.060406
-0.060488
-0.060562
-0.060622
-0.060715
-0.060818
-0.060910
-0.060938
-0.061025
-0.061089
-0.061220
-0.061301
-0.061394
-0.061468
-0.061574
-0.061663
-0.061739
-0.061781
-0.061883
-0.061997
-0.062061
-0.062125
-0.062236
-0.062296
-0.062493
-0.062567
-0.062669
-0.062715
-0.062836
-0.062980
-0.062984
-0.063068
-0.063211
-0.063312
-0.063388
-0.063476
-0.063505
-0.063563
-0.063661
-0.063703
-0.063727
-0.063730
-0.063807
-0.063898
-0.063885
-0.063862
-0.063875
-0.063860
-0.063929
-0.063905
-0.063951
-0.063941
-0.064086
-0.064058
-0.064067
-0.064095
-0.064104
-0.064176
-0.064168
-0.064190
-0.064195
-0.064186
-0.064258
-0.064262
-0.064267
-0.064258
-0.064276
-0.064337
-0.064328
-0.064297
-0.064343
-0.064372
-0.064436
-0.064378
-0.064382
-0.064316
-0.064375
-0.064364
-0.064356
-0.064369
-0.064340
-0.064388
-0.064335
-0.064298
-0.064290
-0.064267
-0.064318
-0.064338
-0.064365
-0.064343
-0.064301
-0.064331
-0.064432
-0.064340
-0.064388
-0.064458
-0.064461
-0.064503
-0.064507
-0.064554
-0.064638
-0.064666
-0.064633
-0.064630
-0.064639
-0.064684
-0.064671
-0.064581
-0.064564
-0.064539
-0.064555
-0.064546
-0.064537
-0.064437
-0.064436
-0.064410
-0.064386
-0.064367
-0.064349
-0.064406
-0.064392
-0.064362
-0.064340
-0.064288
-0.064321
-0.064251
-0.064225
-0.064111
-0.064093
-0.064051
-0.063960
-0.063921
-0.063933
-0.063814
-0.063747
-0.063732
-0.063695
-0.063652
-0.063633
-0.063618
-0.063570
-0.063510
-0.063526
-0.063505
-0.063448
-0.063377
-0.063351
-0.063272
-0.063303
-0.063248
-0.063233
-0.063222
-0.063315
-0.063205
-0.063201
-0.063216
-0.063216
-0.063316
-0.063315
-0.063380
-0.063351
-0.063327
-0.063364
-0.063375
-0.063392
-0.063391
-0.063447
-0.063471
-0.063502
-0.063497
-0.063555
-0.063565
-0.063679
-0.063611
-0.063642
-0.063625
-0.063656
-0.063704
-0.063701
-0.063757
-0.063751
-0.063810
-0.063846
-0.063839
-0.063857
-0.063875
-0.063971
-0.063981
-0.064025
-0.064043
-0.064090
-0.064157
-0.064316
-0.064241
-0.064314
-0.064398
-0.064446
-0.064531
-0.064521
-0.064566
-0.064601
-0.064642
-0.064591
-0.064656
-0.064679
-0.064688
-0.064741
-0.064731
-0.064799
-0.064831
-0.064881
-0.064915
-0.064981
-0.064874
-0.064864
-0.064868
-0.064845
-0.064859
-0.064855
-0.064919
-0.064910
-0.064898
-0.064926
-0.064917
-0.064954
-0.064967
-0.064998
-0.064973
-0.065021
-0.065070
-0.065097
-0.065123
-0.065184
-0.065101
-0.065094
-0.065116
-0.065081
-0.065069
-0.064978
-0.064909
-0.064802
-0.064669
-0.064595
-0.064518
-0.064371
-0.064267
-0.064212
-0.064068
-0.064005
-0.063906
-0.063799
-0.063683
-0.063548
-0.063448
-0.063373
-0.063271
-0.063177
-0.063174
-0.063064
-0.063041
-0.062949
-0.062837
-0.062835
-0.062811
-0.062747
-0.062702
-0.062679
-0.062563
-0.062478
-0.062348
-0.062238
-0.062132
-0.062089
-0.061841
-0.061701
-0.061533
-0.061377
-0.061245
-0.061140
-0.061021
-0.060902
-0.060791
-0.060652
-0.060525
-0.060403
-0.060280
-0.060227
-0.060124
-0.060011
-0.059902
-0.059766
-0.059647
-0.059648
-0.059443
-0.059333
-0.059257
-0.059138
-0.059066
-0.058897
-0.058824
-0.058691
-0.058583
-0.058416
-0.058327
-0.058224
-0.058100
-0.058031
-0.057896
-0.057807
-0.057721
-0.057650
-0.057590
-0.057559
-0.057451
-0.057380
-0.057308
-0.057255
-0.057187
-0.057133
-0.057120
-0.057008
-0.056934
-0.056846
-0.056707
-0.056580
-0.056506
-0.056419
-0.056302
-0.056206
-0.056103
-0.055975
-0.055905
-0.055833
-0.055644
-0.055512
-0.055387
-0.055263
-0.055172
-0.054987
-0.054902
-0.054760
-0.054575
-0.054443
-0.054266
-0.054044
-0.053873
-0.053788
-0.053551
-0.053422
-0.053247
-0.053087
-0.052923
