1.000000
0.999031
0.998052
0.997083
0.996109
0.995135
0.994161
0.993183
0.992192
0.991215
0.990230
0.989247
0.988270
0.987283
0.986309
0.985327
0.984367
0.983390
0.982418
0.981463
0.980526
0.979592
0.978649
0.977711
0.976771
0.975825
0.974894
0.973956
0.973025
0.972085
0.971151
0.970213
0.969271
0.968332
0.967382
0.966443
0.965514
0.964578
0.963654
0.962720
0.961793
0.960880
0.959964
0.959052
0.958145
0.957237
0.956320
0.955409
0.954500
0.953605
0.952709
0.951821
0.950920
0.950014
0.949112
0.948210
0.947303
0.946410
0.945507
0.944612
0.943726
0.942847
0.941963
0.941073
0.940177
0.939302
0.938421
0.937533
0.936654
0.935783
0.934916
0.934041
0.933162
0.932311
0.931462
0.930608
0.929731
0.928879
0.928034
0.927180
0.926341
0.925500
0.924654
0.923816
0.922983
0.922147
0.921300
0.920446
0.919610
0.918781
0.917951
0.917103
0.916287
0.915457
0.914649
0.913830
0.913032
0.912239
0.911441
0.910655
0.909883
0.909103
0.908332
0.907561
0.906771
0.906024
0.905248
0.904488
0.903704
0.902979
0.902240
0.901463
0.900708
0.899966
0.899207
0.898464
0.897711
0.896997
0.896278
0.895557
0.894856
0.894144
0.893438
0.892747
0.892046
0.891392
0.890693
0.890012
0.889336
0.888668
0.888025
0.887343
0.886665
0.885998
0.885330
0.884673
0.884015
0.883397
0.882751
0.882108
0.881475
0.880835
0.880184
0.879536
0.878856
0.878208
0.877558
0.876886
0.876209
0.875552
0.874924
0.874257
0.873603
0.872976
0.872316
0.871678
0.871016
0.870375
0.869741
0.869081
0.868465
0.867804
0.867181
0.866549
0.865954
0.865341
0.864746
0.864114
0.863505
0.862914
0.862308
0.861692
0.861057
0.860496
0.859893
0.859300
0.858732
0.858180
0.857631
0.857065
0.856515
0.855946
0.855401
0.854836
0.854288
0.853746
0.853185
0.852607
0.852056
0.851507
0.850958
0.850404
0.849846
0.849262
0.848690
0.848105
0.847530
0.846963
0.846381
0.845800
0.845241
0.844648
0.844054
0.843465
0.842865
0.842307
0.841726
0.841155
0.840556
0.840008
0.839463
0.838881
0.838300
0.837757
0.837163
0.836572
0.835978
0.835432
0.834824
0.834250
0.833668
0.833087
0.832498
0.831927
0.831345
0.830807
0.830235
0.829655
0.829087
0.828511
0.827947
0.827391
0.826802
0.826266
0.825720
0.825165
0.824587
0.824057
0.823489
0.822954
0.822396
0.821856
0.821304
0.820757
0.820204
0.819677
0.819165
0.818650
0.818110
0.817596
0.817093
0.816539
0.816016
0.815507
0.814994
0.814489
0.813946
0.813425
0.812882
0.812342
0.811819
0.811278
0.810767
0.810234
0.809721
0.809201
0.808663
0.808140
0.807606
0.807079
0.806594
0.806060
0.805526
0.805051
0.804552
0.804072
0.803593
0.803141
0.802694
0.802218
0.801772
0.801293
0.800825
0.800331
0.799859
0.799388
0.798869
0.798353
0.797867
0.797388
0.796896
0.796404
0.795908
0.795394
0.794890
0.794402
0.793893
0.793403
0.792920
0.792450
0.792024
0.791493
0.791015
0.790528
0.790027
0.789542
0.789047
0.788539
0.788015
0.787514
0.787044
0.786522
0.786030
0.785557
0.785072
0.784588
0.784127
0.783680
0.783209
0.782760
0.782308
0.781862
0.781388
0.780954
0.780506
0.780091
0.779631
0.779190
0.778776
0.778325
0.777900
0.777483
0.777044
0.776646
0.776231
0.775830
0.775394
0.774995
0.774585
0.774186
0.773793
0.773386
0.772977
0.772563
0.772171
0.771776
0.771381
0.770983
0.770587
0.770202
0.769863
0.769431
0.769057
0.768663
0.768265
0.767891
0.767469
0.767074
0.766677
0.766269
0.765897
0.765507
0.765146
0.764760
0.764391
0.763987
0.763577
0.763173
0.762795
0.762411
0.762070
0.761677
0.761291
0.760942
0.760575
0.760235
0.759882
0.759531
0.759205
0.758857
0.758550
0.758202
0.757874
0.757554
0.757232
0.756929
0.756571
0.756227
0.755955
0.755647
0.755355
0.755063
0.754741
0.754432
0.754143
0.753861
0.753558
0.753241
0.752943
0.752636
0.752372
0.751999
0.751697
0.751407
0.751123
0.750835
0.750533
0.750253
0.749960
0.749660
0.749402
0.749099
0.748819
0.748555
0.748266
0.747956
0.747689
0.747396
0.747129
0.746846
0.746585
0.746324
0.746049
0.745788
0.745526
0.745281
0.744998
0.744709
0.744446
0.744111
0.743809
0.743518
0.743214
0.742926
0.742610
0.742333
0.742027
0.741734
0.741446
0.741160
0.740882
0.740598
0.740304
0.740018
0.739739
0.739454
0.739175
0.738909
0.738626
0.738366
0.738132
0.737836
0.737572
0.737268
0.736999
0.736722
0.736415
0.736118
0.735814
0.735487
0.735200
0.734897
0.734603
0.734321
0.734037
0.733730
0.733436
0.733081
0.732781
0.732466
0.732174
0.731864
0.731538
0.731243
0.730941
0.730665
0.730352
0.730046
0.729754
0.729449
0.729181
0.728866
0.728565
0.728273
0.727951
0.727673
0.727349
0.727037
0.726761
0.726452
0.726168
0.725882
0.725595
0.725301
0.725011
0.724725
0.724434
0.724140
0.723842
0.723545
0.723296
0.722905
0.722604
0.722292
0.721977
0.721667
0.721344
0.721021
0.720676
0.720325
0.720009
0.719665
0.719328
0.719001
0.718659
0.718297
0.717981
0.717632
0.717330
0.716981
0.716674
0.716348
0.716022
0.715687
0.715366
0.715050
0.714705
0.714382
0.714075
0.713707
0.713401
0.713091
0.712781
0.712471
0.712109
0.711809
0.711480
0.711152
0.710838
0.710490
0.710181
0.709845
0.709500
0.709164
0.708848
0.708525
0.708232
0.707951
0.707637
0.707342
0.707052
0.706664
0.706357
0.705998
0.705689
0.705391
0.705046
0.704704
0.704371
0.704012
0.703702
0.703372
0.703052
0.702728
0.702409
0.702093
0.701804
0.701451
0.701155
0.700856
0.700552
0.700236
0.699903
0.699585
0.699278
0.699005
0.698653
0.698349
0.697995
0.697688
0.697382
0.697064
0.696717
0.696426
0.696082
0.695793
0.695445
0.695137
0.694834
0.694525
0.694251
0.693970
0.693669
0.693395
0.693130
0.692905
0.692696
0.692488
0.692278
0.692097
0.691926
0.691671
0.691509
0.691318
0.691137
0.690950
0.690758
0.690569
0.690399
0.690204
0.690048
0.689878
0.689720
0.689542
0.689359
0.689158
0.689030
0.688827
0.688698
0.688514
0.688384
0.688231
0.688086
0.687909
0.687772
0.687627
0.687436
0.687275
0.687115
0.686934
0.686794
0.686639
0.686484
0.686324
0.686108
0.685969
0.685816
0.685634
0.685456
0.685268
0.685106
0.684925
0.684705
0.684532
0.684371
0.684162
0.684013
0.683853
0.683667
0.683484
0.683344
0.683115
0.682951
0.682766
0.682603
0.682451
0.682245
0.682100
0.681947
0.681777
0.681639
0.681520
0.681355
0.681194
0.681029
0.680880
0.680749
0.680533
0.680378
0.680222
0.680068
0.679930
0.679779
0.679647
0.679519
0.679415
0.679225
0.679089
0.678916
0.678782
0.678650
0.678516
0.678351
0.678271
0.678102
0.678008
0.677836
0.677692
0.677556
0.677396
0.677274
0.677151
0.676949
0.676825
0.676661
0.676494
0.676343
0.676185
0.676031
0.675910
0.675798
0.675593
0.675493
0.675348
0.675208
0.675082
0.674938
0.674801
0.674698
0.674512
0.674398
0.674251
0.674101
0.673952
0.673820
0.673655
0.673555
0.673347
0.673227
0.673026
0.672884
0.672741
0.672597
0.672427
0.672303
0.672170
0.671994
0.671852
0.671710
0.671551
0.671431
0.671272
0.671144
0.671014
0.670816
0.670691
0.670560
0.670385
0.670241
0.670066
0.669947
0.669818
0.669666
0.669532
0.669413
0.669244
0.669140
0.669015
0.668909
0.668767
0.668689
0.668487
0.668330
0.668191
0.668049
0.667943
0.667755
0.667617
0.667474
0.667312
0.667181
0.667064
0.666905
0.666747
0.666574
0.666436
0.666273
0.666049
0.665903
0.665722
0.665551
0.665403
0.665220
0.665063
0.664908
0.664772
0.664560
0.664432
0.664232
0.664080
0.663922
0.663748
0.663538
0.663408
0.663186
0.663033
0.662832
0.662646
0.662443
0.662262
0.662096
0.661934
0.661735
0.661565
0.661379
0.661200
0.661040
0.660845
0.660662
0.660519
0.660367
0.660134
0.659999
0.659824
0.659663
0.659515
0.659381
0.659227
0.659103
0.658928
0.658841
0.658716
0.658602
0.658436
0.658301
0.658126
0.658032
0.657831
0.657759
0.657583
0.657453
0.657341
0.657223
0.657035
0.656956
0.656812
0.656637
0.656503
0.656362
0.656168
0.656060
0.655884
0.655763
0.655624
0.655429
0.655284
0.655168
0.654971
0.654801
0.654629
0.654492
0.654342
0.654197
0.654035
0.653920
0.653712
0.653603
0.653450
0.653319
0.653129
0.653024
0.652813
0.652643
0.652506
0.652353
0.652236
0.652049
0.651931
0.651779
0.651651
0.651505
0.651401
0.651251
0.651098
0.650937
0.650817
0.650698
0.650508
0.650376
0.650253
0.650081
0.649976
0.649794
0.649638
0.649499
0.649379
0.649187
0.649083
0.648897
0.648757
0.648633
0.648504
0.648340
0.648236
0.648052
0.647937
0.647780
0.647647
0.647484
0.647354
0.647213
0.647110
0.646954
0.646796
0.646641
0.646512
0.646384
0.646195
0.646035
0.645888
0.645743
0.645529
0.645390
0.645219
0.645053
0.644911
0.644796
0.644646
0.644513
0.644315
0.644183
0.644019
0.643906
0.643721
0.643574
0.643382
0.643278
0.643065
0.642957
0.642774
0.642623
0.642502
0.642352
0.642147
0.642041
0.641884
0.641691
0.641530
0.641371
0.641167
0.641036
0.640846
0.640713
0.640542
0.640319
0.640181
0.640076
0.639913
0.639746
0.639602
0.639450
0.639333
0.639167
0.638987
0.638863
0.638653
0.638532
0.638390
0.638253
0.638063
0.637960
0.637717
0.637536
0.637364
0.637201
0.637035
0.636847
0.636703
0.636516
0.636322
0.636168
0.636027
0.635882
0.635698
0.635531
0.635377
0.635253
0.635038
0.634897
0.634755
0.634576
0.634474
0.634297
0.634129
0.633973
0.633823
0.633616
0.633459
0.633256
0.633099
0.632931
0.632788
0.632584
0.632434
0.632221
0.632039
0.631837
0.631636
0.631434
0.631270
0.631098
0.630948
0.630767
0.630568
0.630417
0.630255
0.630120
0.629927
0.629759
0.629577
0.629415
0.629200
0.629013
0.628809
0.628572
0.628373
0.628197
0.627997
0.627799
0.627576
0.627411
0.627240
0.627095
0.626890
0.626713
0.626524
0.626398
0.626183
0.626034
0.625835
0.625640
0.625497
0.625336
0.625127
0.624968
0.624760
0.624572
0.624352
0.624169
0.623911
0.623753
0.623518
0.623329
0.623079
0.622834
0.622607
0.622442
0.622224
0.622000
0.621805
0.621584
0.621410
0.621238
0.621028
0.620885
0.620681
0.620534
0.620345
0.620210
0.620028
0.619883
0.619719
0.619543
0.619390
0.619205
0.619025
0.618868
0.618711
0.618503
0.618341
0.618160
0.618006
0.617868
0.617675
0.617529
0.617372
0.617242
0.617071
0.616914
0.616795
0.616614
0.616532
0.616345
0.616226
0.616084
0.615966
0.615831
0.615729
0.615586
0.615483
0.615345
0.615236
0.615102
0.614995
0.614835
0.614692
0.614552
0.614423
0.614295
0.614197
0.614060
0.613960
0.613825
0.613654
0.613554
0.613423
0.613324
0.613163
0.613029
0.612893
0.612770
0.612611
0.612488
0.612350
0.612203
0.612072
0.611962
0.611844
0.611703
0.611573
0.611471
0.611361
0.611299
0.611194
0.611105
0.610983
0.610904
0.610777
0.610695
0.610580
0.610487
0.610370
0.610294
0.610167
0.610109
0.609995
0.609890
0.609750
0.609666
0.609496
0.609423
0.609294
0.609191
0.609038
0.608922
0.608804
0.608724
0.608635
0.608502
0.608425
0.608312
0.608193
0.608115
0.607987
0.607893
0.607766
0.607674
0.607554
0.607488
0.607375
0.607292
0.607159
0.607046
0.606970
0.606857
0.606760
0.606683
0.606604
0.606506
0.606450
0.606348
0.606256
0.606203
0.606102
0.606060
0.605949
0.605869
0.605762
0.605621
0.605517
0.605378
0.605317
0.605153
0.605049
0.604916
0.604822
0.604707
0.604619
0.604471
0.604371
0.604230
0.604128
0.603998
0.603890
0.603781
0.603680
0.603567
0.603503
0.603395
0.603339
0.603205
0.603127
0.603029
0.602888
0.602793
0.602703
0.602619
0.602507
0.602413
0.602328
0.602197
0.602117
0.602015
0.601911
0.601788
0.601649
0.601574
0.601463
0.601320
0.601201
0.601085
0.600939
0.600878
0.600745
0.600644
0.600479
0.600383
0.600261
0.600150
0.600034
0.599932
0.599815
0.599716
0.599608
0.599528
0.599430
0.599329
0.599220
0.599159
0.599019
0.598944
0.598849
0.598762
0.598617
0.598505
0.598376
0.598249
0.598175
0.598034
0.597969
0.597844
0.597744
0.597660
0.597554
0.597472
0.597354
0.597258
0.597141
0.597048
0.596933
0.596851
0.596718
0.596606
0.596506
0.596406
0.596311
0.596226
0.596140
0.596036
0.595936
0.595841
0.595715
0.595668
0.595565
0.595539
0.595440
0.595361
0.595275
0.595168
0.595118
0.595040
0.595040
0.594957
0.594937
0.594848
0.594801
0.594759
0.594695
0.594629
0.594562
0.594473
0.594412
0.594377
0.594321
0.594265
0.594225
0.594173
0.594163
0.594110
0.594092
0.594018
0.593999
0.593948
0.593855
0.593835
0.593783
0.593748
0.593667
0.593630
0.593581
0.593539
0.593499
0.593465
0.593444
0.593388
0.593334
0.593297
0.593252
0.593157
0.593103
0.593075
0.592991
0.592976
0.592894
0.592842
0.592734
0.592672
0.592575
0.592504
0.592435
0.592350
0.592279
0.592222
0.592166
0.592117
0.592050
0.592028
0.591942
0.591949
0.591870
0.591884
0.591835
0.591814
0.591738
0.591679
0.591639
0.591602
0.591590
0.591511
0.591493
0.591402
0.591371
0.591336
0.591265
0.591243
0.591175
0.591173
0.591105
0.591100
0.591055
0.590997
0.590942
0.590886
0.590850
0.590756
0.590712
0.590637
0.590586
0.590503
0.590448
0.590398
0.590312
0.590280
0.590189
0.590172
0.590099
0.590043
0.589944
0.589824
0.589760
0.589620
0.589608
0.589481
0.589430
0.589303
0.589230
0.589167
0.589077
0.588981
0.588902
0.588791
0.588724
0.588675
0.588611
0.588519
0.588430
0.588332
0.588272
0.588170
0.588125
0.588005
0.587970
0.587880
0.587741
0.587700
0.587604
0.587568
0.587456
0.587421
0.587351
0.587259
0.587213
0.587120
0.587051
0.586946
0.586881
0.586820
0.586781
0.586672
0.586576
0.586544
0.586454
0.586440
0.586368
0.586353
0.586260
0.586223
0.586127
0.586078
0.586023
0.585938
0.585876
0.585804
0.585723
0.585658
0.585564
0.585507
0.585374
0.585359
0.585227
0.585232
0.585127
0.585099
0.584980
0.584875
0.584825
0.584782
0.584735
0.584645
0.584637
0.584532
0.584507
0.584464
0.584398
0.584393
0.584322
0.584331
0.584265
0.584266
0.584210
0.584173
0.584133
0.584102
0.584085
0.584024
0.584001
0.583955
0.583933
0.583872
0.583839
0.583788
0.583697
0.583673
0.583586
0.583569
0.583497
0.583483
0.583397
0.583320
0.583282
0.583200
0.583239
0.583172
0.583152
0.583061
0.583018
0.582977
0.582910
0.582819
0.582758
0.582669
0.582592
0.582545
0.582464
0.582357
0.582272
0.582180
0.582085
0.582006
0.581933
0.581832
0.581802
0.581705
0.581605
0.581550
0.581471
0.581436
0.581333
0.581269
0.581217
0.581131
0.581094
0.581052
0.580982
0.580920
0.580870
0.580847
0.580817
0.580757
0.580688
0.580675
0.580597
0.580553
0.580475
0.580402
0.580313
0.580250
0.580160
0.580106
0.580058
0.579993
0.579915
0.579878
0.579786
0.579762
0.579709
0.579678
0.579582
0.579569
0.579470
0.579501
0.579462
0.579410
0.579348
0.579236
0.579181
0.579124
0.579092
0.578982
0.578976
0.578858
0.578793
0.578779
0.578692
0.578678
0.578575
0.578542
0.578459
0.578426
0.578344
0.578265
0.578215
0.578164
0.578098
0.578036
0.578002
0.577970
0.577946
0.577890
0.577890
0.577857
0.577767
0.577766
0.577680
0.577695
0.577610
0.577600
0.577511
0.577493
0.577449
0.577405
0.577467
0.577428
0.577412
0.577378
0.577383
0.577427
0.577440
0.577425
0.577468
0.577470
0.577482
0.577514
0.577560
0.577599
0.577599
0.577637
0.577656
0.577696
0.577707
0.577722
0.577785
0.577825
0.577807
0.577827
0.577847
0.577892
0.577864
0.577887
0.577924
0.577897
0.577915
0.577968
0.577990
0.577983
0.577978
0.578010
0.578022
0.578027
0.578026
0.578039
0.578033
0.578051
0.578064
0.578075
0.578107
0.578118
0.578133
0.578178
0.578202
0.578234
0.578221
0.578266
0.578253
0.578275
0.578284
0.578311
0.578316
0.578339
0.578334
0.578403
0.578411
0.578425
0.578429
0.578392
0.578385
0.578404
0.578425
0.578406
0.578428
0.578357
0.578359
0.578367
0.578382
0.578402
0.578383
0.578406
0.578395
0.578399
0.578377
0.578338
0.578333
0.578339
0.578310
0.578276
0.578244
0.578249
0.578226
0.578208
0.578203
0.578177
0.578084
0.578080
0.578033
0.578022
0.577943
0.577915
0.577836
0.577795
0.577728
0.577644
0.577643
0.577574
0.577486
0.577401
0.577330
0.577300
0.577194
0.577100
0.577030
0.576924
0.576846
0.576788
0.576714
0.576634
0.576488
0.576425
0.576308
0.576209
0.576085
0.575952
0.575890
0.575821
0.575674
0.575558
0.575470
0.575374
0.575239
0.575143
0.575075
0.574981
0.574917
0.574849
0.574767
0.574682
0.574581
0.574554
0.574459
0.574371
0.574301
0.574247
0.574179
0.574123
0.574061
0.573989
0.573930
0.573880
0.573824
0.573755
0.573688
0.573620
0.573516
0.573459
0.573365
0.573310
0.573258
0.573219
0.573171
0.573127
0.573079
0.573065
0.573058
0.572988
0.572969
0.572873
0.572803
0.572769
0.572724
0.572657
0.572597
0.572463
0.572375
0.572316
0.572207
0.572134
0.571986
0.571916
0.571776
0.571675
0.571540
0.571421
0.571318
0.571191
0.571069
0.570917
0.570816
0.570694
0.570594
0.570463
0.570375
0.570269
0.570101
0.570015
0.569896
0.569815
0.569687
0.569609
0.569450
0.569376
0.569245
0.569122
0.569075
0.568953
0.568853
0.568724
0.568608
0.568534
0.568428
0.568288
0.568182
0.568034
0.567906
0.567807
0.567698
0.567600
0.567449
0.567312
0.567181
0.567066
0.566930
0.566795
0.566710
0.566619
0.566494
0.566343
0.566256
0.566132
0.565994
0.565862
0.565746
0.565676
0.565468
0.565357
0.565209
0.565058
0.564871
0.564786
0.564600
0.564454
0.564321
0.564176
0.564020
0.563896
0.563757
0.563615
0.563452
0.563330
0.563215
0.563101
0.562999
0.562908
0.562759
0.562673
0.562563
0.562505
0.562407
0.562342
0.562228
0.562171
0.562040
0.562017
0.561951
0.561831
0.561764
0.561644
0.561560
0.561561
0.561522
0.561474
0.561488
0.561406
0.561377
0.561367
0.561288
0.561263
0.561181
0.561182
0.561114
0.561082
0.560999
0.560925
0.560902
0.560870
0.560837
0.560782
0.560749
0.560739
0.560719
0.560665
0.560680
0.560683
0.560570
0.560596
0.560539
0.560555
0.560506
0.560502
0.560420
0.560426
0.560336
0.560315
0.560364
0.560309
0.560280
0.560246
0.560236
0.560275
0.560257
0.560218
0.560215
0.560198
0.560192
0.560212
0.560223
0.560274
0.560261
0.560300
0.560327
0.560373
0.560403
0.560417
0.560498
0.560558
0.560571
0.560617
0.560696
0.560788
0.560822
0.560891
0.560974
0.561066
0.561100
0.561210
0.561307
0.561388
0.561421
0.561545
0.561618
0.561688
0.561753
0.561831
0.561891
0.561996
0.562073
0.562154
0.562218
0.562326
0.562404
0.562490
0.562561
0.562679
0.562710
0.562789
0.562833
0.562965
0.563072
0.563195
0.563257
0.563377
0.563405
0.563519
0.563618
0.563657
0.563712
0.563718
0.563749
0.563818
0.563871
0.563906
0.564023
0.564013
0.564076
0.564175
0.564219
0.564295
0.564370
0.564461
0.564538
0.564628
0.564711
0.564808
0.564889
0.564990
0.565046
0.565122
0.565157
0.565257
0.565281
0.565304
0.565371
0.565420
0.565390
0.565487
0.565490
0.565551
0.565565
0.565620
0.565587
0.565633
0.565609
0.565652
0.565728
0.565728
0.565747
0.565736
0.565772
0.565803
0.565796
0.565778
0.565754
0.565754
0.565786
0.565808
0.565842
0.565929
0.565925
0.565982
0.566033
0.566084
0.566151
0.566151
0.566240
0.566297
0.566322
0.566352
0.566372
0.566432
0.566438
0.566466
0.566500
0.566521
0.566449
0.566485
0.566467
0.566461
0.566409
0.566404
0.566353
0.566329
0.566283
0.566247
0.566180
0.566166
0.566089
0.566046
0.565971
0.565937
0.565920
0.565891
0.565858
0.565864
0.565795
0.565734
0.565679
0.565642
0.565618
0.565602
0.565533
0.565516
0.565425
0.565417
0.565429
0.565355
0.565318
0.565273
0.565242
0.565235
0.565207
0.565141
0.565171
0.565063
0.565034
0.565014
0.564929
0.564907
0.564874
0.564828
0.564778
0.564719
0.564672
0.564638
0.564613
0.564586
0.564535
0.564503
0.564409
0.564405
0.564345
0.564254
0.564221
0.564175
0.564032
0.564044
0.563944
0.563888
0.563792
0.563719
0.563619
0.563539
0.563395
0.563307
0.563266
0.563132
0.563068
0.562949
0.562875
0.562853
0.562772
0.562730
0.562664
0.562584
0.562548
0.562513
0.562445
0.562432
0.562303
0.562229
0.562144
0.562066
0.562007
0.561870
0.561810
0.561740
0.561609
0.561503
0.561411
0.561341
0.561224
0.561146
0.561052
0.560967
0.560859
0.560785
0.560720
0.560639
0.560529
0.560487
0.560396
0.560312
0.560250
0.560217
0.560147
0.560156
0.560099
0.560060
0.559990
0.559950
0.559955
0.559892
0.559860
0.559851
0.559789
0.559759
0.559728
0.559703
0.559740
0.559738
0.559699
0.559724
0.559649
0.559677
0.559681
0.559645
0.559643
0.559615
0.559572
0.559593
0.559592
0.559564
0.559610
0.559487
0.559477
0.559478
0.559418
0.559421
0.559387
0.559345
0.559289
0.559246
0.559216
0.559208
0.559163
0.559149
0.559089
0.559070
0.558995
0.558986
0.558963
0.558898
0.558882
0.558861
0.558733
0.558769
0.558708
0.558718
0.558693
0.558655
0.558582
0.558570
0.558492
0.558481
0.558509
0.558417
0.558391
0.558353
0.558306
0.558324
0.558235
0.558171
0.558129
0.558042
0.558036
0.558002
0.557940
0.557957
0.557875
0.557814
0.557779
0.557768
0.557737
0.557657
0.557646
0.557620
0.557580
0.557521
0.557542
0.557501
0.557466
0.557479
0.557460
0.557482
0.557469
0.557489
0.557490
0.557479
0.557420
0.557504
0.557457
0.557467
0.557490
0.557541
0.557495
0.557542
0.557510
0.557535
0.557493
0.557459
0.557494
0.557516
0.557477
0.557549
0.557502
0.557537
0.557511
0.557495
0.557588
0.557582
0.557592
0.557626
0.557526
0.557611
0.557587
0.557543
0.557535
0.557512
0.557456
0.557490
0.557512
0.557500
0.557586
0.557505
0.557570
0.557610
0.557579
0.557625
0.557666
0.557624
0.557647
0.557630
0.557684
0.557714
0.557657
0.557719
0.557675
0.557712
0.557705
0.557730
0.557723
0.557676
0.557688
0.557753
0.557651
0.557718
0.557701
0.557735
0.557773
0.557711
0.557680
0.557668
0.557610
0.557627
0.557624
0.557489
0.557457
0.557383
0.557373
0.557400
0.557262
0.557196
0.557137
0.557094
0.557092
0.557041
0.556964
0.556962
0.556936
0.556816
0.556798
0.556742
0.556766
0.556728
0.556656
0.556611
0.556506
0.556366
0.556416
0.556248
0.556090
0.555977
0.555814
0.555797
0.555669
0.555522
0.555412
0.555252
0.555146
0.555108
0.554929
0.554788
0.554665
0.554647
0.554496
0.554462
0.554346
0.554331
0.554284
0.554185
0.554158
0.554031
0.553964
0.553973
0.553808
0.553737
0.553607
0.553482
0.553567
0.553429
0.553306
0.553239
0.553056
0.553111
0.552986
0.552898
0.552813
0.552700
0.552683
0.552635
0.552579
0.552525
0.552527
0.552467
0.552444
0.552422
0.552347
0.552340
0.552364
0.552270
0.552219
0.552186
0.552167
0.552244
0.552142
0.552150
0.552129
0.552097
0.552050
0.552028
0.552001
0.551930
0.551889
0.551889
0.551765
0.551786
0.551740
0.551750
0.551765
0.551717
0.551637
0.551621
0.551587
0.551570
0.551580
0.551486
0.551434
0.551365
0.551335
0.551346
0.551247
0.551163
0.551145
0.551084
0.551023
0.550981
0.550895
0.550863
0.550808
0.550671
0.550611
0.550536
0.550470
0.550423
0.550322
0.550283
0.550200
0.550084
0.550123
0.550022
0.549928
0.549930
0.549843
0.549858
0.549795
0.549715
0.549710
0.549644
0.549583
0.549637
0.549544
0.549500
0.549463
0.549446
0.549409
0.549416
0.549379
0.549396
0.549342
0.549338
0.549319
0.549265
0.549226
0.549221
0.549122
0.549092
0.548998
0.548898
0.548901
0.548819
0.548727
0.548634
0.548514
0.548519
0.548426
0.548416
0.548342
0.548249
0.548238
0.548189
0.548154
0.548085
0.548048
0.547962
0.547859
0.547731
0.547619
0.547524
0.547471
0.547315
0.547182
0.547068
0.546997
0.546974
0.546777
0.546717
0.546581
0.546485
0.546377
0.546256
0.546146
0.546054
0.545917
0.545886
0.545711
0.545613
0.545492
0.545395
0.545322
0.545218
0.545062
0.544938
0.544876
0.544790
0.544714
0.544593
0.544457
0.544362
0.544307
0.544202
0.544073
0.543921
0.543836
0.543750
0.543633
0.543498
0.543383
0.543253
0.543186
0.543052
0.542904
0.542815
0.542702
0.542600
0.542456
0.542337
0.542237
0.542078
0.542074
0.541932
0.541815
0.541776
0.541670
0.541718
0.541589
0.541475
0.541428
0.541327
0.541233
0.541216
0.541114
0.541048
0.540960
0.540878
0.540785
0.540734
0.540682
0.540581
0.540504
0.540445
0.540363
0.540286
0.540209
0.540186
0.540090
0.540017
0.539912
0.539813
0.539818
0.539745
0.539654
0.539546
0.539471
0.539446
0.539368
0.539329
0.539253
0.539175
0.539147
0.539127
0.539060
0.539042
0.539020
0.538949
0.538910
0.538819
0.538754
0.538699
0.538678
0.538601
0.538577
0.538496
0.538512
0.538500
0.538406
0.538389
0.538277
0.538216
0.538117
0.538058
0.537952
0.537859
0.537768
0.537703
0.537602
0.537534
0.537476
0.537358
0.537289
0.537220
0.537103
0.537024
0.536951
0.536861
0.536822
0.536727
0.536636
0.536512
0.536462
0.536431
0.536327
0.536245
0.536148
0.536062
0.535986
0.535905
0.535800
0.535721
0.535602
0.535489
0.535380
0.535315
0.535248
0.535148
0.535077
0.535031
0.534972
0.534890
0.534875
0.534791
0.534723
0.534693
0.534651
0.534704
0.534633
0.534591
0.534561
0.534522
0.534414
0.534451
0.534377
0.534349
0.534308
0.534264
0.534215
0.534218
0.534194
0.534148
0.534076
0.534020
0.533993
0.533921
0.533900
0.533869
0.533809
0.533767
0.533735
0.533706
0.533764
0.533761
0.533696
0.533692
0.533624
0.533611
0.533632
0.533606
0.533586
0.533532
0.533512
0.533526
0.533473
0.533489
0.533486
0.533424
0.533399
0.533392
0.533386
0.533384
0.533399
0.533389
0.533408
0.533372
0.533439
0.533497
0.533449
0.533510
0.533439
0.533447
0.533389
0.533427
0.533397
0.533379
0.533343
0.533320
0.533265
0.533271
0.533276
0.533247
0.533192
0.533183
0.533110
0.533075
0.533032
0.532988
0.532948
0.532874
0.532790
0.532726
0.532737
0.532698
0.532625
0.532564
0.532503
0.532444
0.532383
0.532331
0.532215
0.532187
0.532114
0.532025
0.531949
0.531900
0.531843
0.531768
0.531675
0.531619
0.531584
0.531512
0.531484
0.531393
0.531367
0.531315
0.531277
0.531272
0.531222
0.531234
0.531224
0.531263
0.531204
0.531246
0.531229
0.531260
0.531249
0.531214
0.531211
0.531249
0.531273
0.531260
0.531238
0.531248
0.531271
0.531218
0.531204
0.531142
0.531088
0.531011
0.530958
0.530903
0.530891
0.530840
0.530745
0.530665
0.530529
0.530417
0.530358
0.530260
0.530159
0.530084
0.530018
0.529964
0.529856
0.529835
0.529793
0.529672
0.529583
0.529514
0.529404
0.529293
0.529243
0.529123
0.529060
0.528914
0.528872
0.528854
0.528713
0.528664
0.528480
0.528430
0.528273
0.528237
0.528087
0.527997
0.527907
0.527779
0.527679
0.527632
0.527574
0.527463
0.527339
0.527280
0.527201
0.527120
0.527041
0.526996
0.526887
0.526807
0.526698
0.526602
0.526595
0.526538
0.526435
0.526373
0.526226
0.526141
0.526066
0.526011
0.525882
0.525822
0.525717
0.525634
0.525540
0.525513
0.525479
0.525391
0.525316
0.525292
0.525241
0.525204
0.525107
0.525062
0.525030
0.524993
0.524970
0.524978
0.524844
0.524833
0.524763
0.524762
0.524708
0.524631
0.524586
0.524566
0.524498
0.524442
0.524325
0.524339
0.524323
0.524251
0.524172
0.524136
0.524068
0.524013
0.523928
0.523891
0.523857
0.523747
0.523719
0.523660
0.523610
0.523595
0.523533
0.523422
0.523369
0.523292
0.523292
0.523269
0.523170
0.523155
0.523137
0.523070
0.523024
0.523008
0.523001
0.522986
0.522930
0.522936
0.522905
0.522839
0.522870
0.522793
0.522796
0.522689
0.522681
0.522726
0.522635
0.522652
0.522568
0.522603
0.522554
0.522592
0.522547
0.522512
0.522497
0.522469
0.522478
0.522508
0.522514
0.522495
0.522495
0.522533
0.522543
0.522521
0.522540
0.522609
0.522595
0.522655
0.522623
0.522631
0.522730
0.522754
0.522791
0.522819
0.522780
0.522818
0.522842
0.522844
0.522864
0.522876
0.522924
0.522949
0.522973
0.523047
0.523126
0.523148
0.523164
0.523234
0.523300
0.523362
0.523445
0.523513
0.523610
0.523677
0.523756
0.523864
0.523865
0.523965
0.523999
0.524094
0.524171
0.524242
0.524309
0.524411
0.524505
0.524571
0.524582
0.524713
0.524792
0.524882
0.524958
0.525057
0.525138
0.525211
0.525242
0.525345
0.525396
0.525430
0.525496
0.525561
0.525675
0.525737
0.525771
0.525766
0.525802
0.525846
0.525912
0.525976
0.525970
0.525996
0.526048
0.526028
0.526015
0.526051
0.526054
0.526073
0.526034
0.526066
0.526033
0.526011
0.526090
0.526045
0.526073
0.526062
0.526107
0.526200
0.526101
0.526143
0.526107
0.526144
0.526122
0.526160
0.526101
0.526070
0.526037
0.526034
0.525977
0.525957
0.525944
0.525911
0.525868
0.525851
0.525779
0.525720
0.525696
0.525710
0.525649
0.525588
0.525501
0.525452
0.525496
0.525437
0.525379
0.525327
0.525201
0.525168
0.525077
0.524997
0.524912
0.524847
0.524810
0.524688
0.524631
0.524574
0.524572
0.524532
0.524431
0.524417
0.524319
0.524278
0.524294
0.524222
0.524160
0.524130
0.524060
0.524039
0.523945
0.523900
0.523862
0.523819
0.523761
0.523745
0.523686
0.523561
0.523537
0.523483
0.523396
0.523415
0.523322
0.523261
0.523138
0.523098
0.523017
0.522976
0.522892
0.522849
0.522748
0.522585
0.522526
0.522430
0.522388
0.522303
0.522183
0.522053
0.521901
0.521792
0.521692
0.521632
0.521479
0.521354
0.521283
0.521151
0.521059
0.521013
0.520936
0.520876
0.520793
0.520732
0.520644
0.520539
0.520541
0.520439
0.520391
0.520308
0.520273
0.520259
0.520127
0.520130
0.520041
0.520016
0.519940
0.519947
0.519852
0.519815
0.519783
0.519773
0.519700
0.519671
0.519670
0.519661
0.519612
0.519583
0.519532
0.519505
0.519536
0.519547
0.519519
0.519512
0.519472
0.519479
0.519513
0.519520
0.519471
0.519475
0.519428
0.519432
0.519378
0.519392
0.519386
0.519404
0.519426
0.519374
0.519394
0.519389
0.519433
0.519471
0.519433
0.519505
0.519467
0.519473
0.519535
0.519518
0.519503
0.519552
0.519563
0.519599
0.519599
0.519619
0.519677
0.519710
0.519734
0.519806
0.519825
0.519786
0.519853
0.519858
0.519856
0.519942
0.519926
0.519978
0.519930
0.520004
0.520011
0.520058
0.520077
0.520128
0.520091
0.520070
0.520121
0.520133
0.520210
0.520245
0.520257
0.520268
0.520271
0.520318
0.520350
0.520419
0.520419
0.520406
0.520442
0.520432
0.520453
0.520511
0.520530
0.520563
0.520552
0.520591
0.520595
0.520606
0.520710
0.520711
0.520747
0.520770
0.520845
0.520915
0.520841
0.520909
0.520897
0.520924
0.520951
0.521016
0.521004
0.521004
0.521017
0.521100
0.521076
0.521126
0.521202
0.521254
0.521293
0.521328
0.521338
0.521397
0.521482
0.521571
0.521598
0.521604
0.521636
0.521684
0.521788
0.521858
0.521890
0.521966
0.521954
0.522026
0.522006
0.522050
0.522074
0.522108
0.522184
0.522108
0.522161
0.522160
0.522229
0.522276
0.522224
0.522303
0.522241
0.522259
0.522319
0.522311
0.522315
0.522375
0.522348
0.522412
0.522371
0.522372
0.522439
0.522429
0.522471
0.522525
0.522551
0.522510
0.522612
0.522631
0.522664
0.522754
0.522754
0.522813
0.522773
0.522810
0.522855
0.522870
0.522902
0.522945
0.522905
0.522861
0.522901
0.522884
0.522938
0.522940
0.522927
0.522916
0.522861
0.522868
0.522839
0.522849
0.522804
0.522775
0.522739
0.522676
0.522678
0.522693
0.522710
0.522701
0.522655
0.522676
0.522649
0.522613
0.522668
0.522653
0.522662
0.522684
0.522746
0.522798
0.522739
0.522781
0.522780
0.522775
0.522806
0.522861
0.522860
0.522861
0.522908
0.522993
0.522982
0.523023
0.523089
0.523142
0.523144
0.523137
0.523147
0.523157
0.523154
0.523176
0.523188
0.523135
0.523116
0.523060
0.523065
0.523053
0.522999
0.522998
0.522943
0.522915
0.522845
0.522839
0.522780
0.522759
0.522762
0.522666
0.522669
0.522626
0.522627
0.522621
0.522549
0.522582
0.522503
0.522467
0.522481
0.522440
0.522404
0.522414
0.522361
0.522345
0.522299
0.522260
0.522262
0.522235
0.522220
0.522223
0.522218
0.522175
0.522227
0.522237
0.522219
0.522293
0.522296
0.522364
0.522317
0.522364
0.522385
0.522384
0.522416
0.522418
0.522398
0.522381
0.522422
0.522454
0.522504
0.522569
0.522589
0.522640
0.522630
0.522710
0.522768
0.522836
0.522917
0.522968
0.523032
0.523025
0.523132
0.523201
0.523278
0.523331
0.523380
0.523463
0.523450
0.523501
0.523582
0.523637
0.523680
0.523771
0.523849
0.523943
0.523960
0.524034
0.524126
0.524175
0.524254
0.524317
0.524375
0.524374
0.524442
0.524489
0.524482
0.524537
0.524581
0.524646
0.524624
0.524619
0.524608
0.524622
0.524659
0.524688
0.524725
0.524669
0.524669
0.524658
0.524684
0.524701
0.524665
0.524697
0.524615
0.524605
0.524567
0.524586
0.524559
0.524561
0.524620
0.524550
0.524579
0.524601
0.524653
0.524666
0.524650
0.524663
0.524603
0.524620
0.524621
0.524590
0.524565
0.524555
0.524531
0.524501
0.524475
0.524458
0.524454
0.524449
0.524445
0.524456
0.524463
0.524392
0.524379
0.524382
0.524361
0.524393
0.524370
0.524386
0.524292
0.524359
0.524334
0.524316
0.524334
0.524319
0.524329
0.524286
0.524309
0.524284
0.524287
0.524298
0.524304
0.524296
0.524220
0.524238
0.524221
0.524257
0.524233
0.524202
0.524195
0.524078
0.524107
0.524083
0.524055
0.524032
0.524043
0.524044
0.523967
0.523966
0.523989
0.523959
0.523932
0.523934
0.523911
0.523888
0.523772
0.523749
0.523739
0.523688
0.523673
0.523648
0.523594
0.523456
0.523408
0.523366
0.523284
0.523242
0.523153
0.523174
0.523022
0.522934
0.522864
0.522800
0.522777
0.522704
0.522632
0.522438
0.522346
0.522279
0.522234
0.522149
0.522025
0.521984
0.521851
0.521773
0.521681
0.521621
0.521533
0.521427
0.521447
0.521227
0.521198
0.521141
0.521140
0.521121
0.521054
0.520990
0.520885
0.520880
0.520867
0.520812
0.520748
0.520719
0.520664
0.520567
0.520549
0.520505
0.520486
0.520440
0.520399
0.520366
0.520342
0.520230
0.520170
0.520108
0.520045
0.520041
0.519960
0.519949
0.519778
0.519768
0.519693
0.519637
0.519631
0.519535
0.519491
0.519398
0.519415
0.519345
0.519311
0.519336
0.519309
0.519294
0.519152
0.519191
0.519155
0.519154
0.519139
0.519127
0.519112
0.519003
0.519087
0.519089
0.519100
0.519075
0.519130
0.519133
0.519044
0.519039
0.519119
0.519102
0.519090
0.519140
0.519175
0.519148
0.519113
0.519158
0.519193
0.519175
0.519151
0.519212
0.519179
0.519082
0.519043
0.519083
0.519036
0.519024
0.519033
0.519098
0.518990
0.518952
0.518944
0.518938
0.518959
0.518937
0.518999
0.518938
0.518945
0.518959
0.519015
0.519057
0.519056
0.519137
0.519069
0.519042
0.518952
0.519000
0.518966
0.518925
0.518954
0.518847
0.518855
0.518821
0.518816
0.518806
0.518758
0.518732
0.518677
0.518663
0.518662
0.518607
0.518596
0.518601
0.518566
0.518490
0.518525
0.518504
0.518538
0.518569
0.518536
0.518575
0.518607
0.518613
0.518620
0.518608
0.518662
0.518710
0.518736
0.518795
0.518708
0.518779
0.518786
0.518808
0.518929
0.518872
0.518880
0.518873
0.518912
0.518914
0.518903
0.518944
0.518972
0.518967
0.518921
0.518968
0.518955
0.518996
0.519028
0.519038
0.518991
0.518965
0.519014
0.519053
0.519043
0.519007
0.519040
0.519033
0.518960
0.518954
0.518940
0.518894
0.518845
0.518814
0.518812
0.518712
0.518620
0.518620
0.518560
0.518519
0.518440
0.518458
0.518419
0.518317
0.518266
0.518253
0.518154
0.518095
0.518102
0.518103
0.518013
0.517985
0.517986
0.518026
0.518019
0.517969
0.518041
0.517965
0.517977
0.517999
0.518036
0.518114
0.518153
0.518220
0.518229
0.518242
0.518189
0.518303
0.518291
0.518331
0.518340
0.518244
0.518287
0.518321
0.518314
0.518289
0.518254
0.518223
0.518203
0.518214
0.518164
0.518136
0.518122
0.518110
0.518084
0.518002
0.517911
0.517913
0.517919
0.517935
0.517894
0.517849
0.517879
0.517886
0.517894
0.517911
0.517973
0.518002
0.518076
0.518135
0.518016
0.518048
0.518100
0.518115
0.518245
0.518259
0.518253
0.518264
0.518299
0.518333
0.518388
0.518434
0.518458
0.518485
0.518372
0.518435
0.518437
0.518447
0.518495
0.518523
0.518481
0.518487
0.518540
0.518596
0.518600
0.518642
0.518650
0.518689
0.518556
0.518608
0.518651
0.518618
0.518630
0.518641
0.518688
0.518685
0.518651
0.518683
0.518677
0.518702
0.518682
0.518716
0.518738
0.518632
0.518658
0.518738
0.518677
0.518673
0.518696
0.518740
0.518745
0.518676
0.518696
0.518734
0.518722
0.518722
0.518745
0.518662
0.518640
0.518652
0.518662
0.518681
0.518690
0.518665
0.518636
0.518655
0.518554
0.518622
0.518574
0.518571
0.518585
0.518475
0.518466
0.518512
0.518474
0.518474
0.518442
0.518409
0.518420
0.518444
0.518404
0.518388
0.518443
0.518421
0.518446
0.518473
0.518379
0.518384
0.518349
0.518377
0.518352
0.518314
0.518347
0.518343
0.518310
0.518289
0.518307
0.518292
0.518307
0.518331
0.518258
0.518295
0.518319
0.518316
0.518412
0.518399
0.518376
0.518324
0.518348
0.518379
0.518429
0.518461
0.518502
0.518517
0.518466
0.518524
0.518553
0.518583
0.518629
0.518686
0.518681
0.518688
0.518746
0.518802
0.518809
0.518858
0.518866
0.518914
0.518868
0.518895
0.518967
0.518966
0.519018
0.519038
0.519094
0.519104
0.519057
0.519103
0.519107
0.519150
0.519131
0.519182
0.519185
0.519135
0.519188
0.519248
0.519225
0.519241
0.519312
0.519367
0.519391
0.519372
0.519429
0.519495
0.519524
0.519568
0.519654
0.519625
0.519645
0.519693
0.519741
0.519765
0.519797
0.519813
0.519790
0.519811
0.519744
0.519801
0.519760
0.519745
0.519745
0.519685
0.519674
0.519682
0.519664
0.519625
0.519589
0.519558
0.519573
0.519610
0.519577
0.519565
0.519617
0.519569
0.519553
0.519530
0.519449
0.519427
0.519354
0.519372
0.519308
0.519211
0.519185
0.519158
0.519047
0.518969
0.518916
0.518838
0.518782
0.518721
0.518585
0.518541
0.518486
0.518398
0.518402
0.518345
0.518256
0.518181
0.518127
0.518099
0.518075
0.518016
0.517965
0.517879
0.517771
0.517718
0.517667
0.517593
0.517526
0.517476
0.517345
0.517248
0.517178
0.517122
0.517018
0.516950
0.516844
0.516810
0.516677
0.516615
0.516593
0.516505
0.516469
0.516415
0.516388
0.516371
0.516283
0.516270
0.516237
0.516223
0.516129
0.516108
0.516068
0.515962
0.515944
0.515895
0.515818
0.515726
0.515698
0.515637
0.515576
0.515476
0.515423
0.515401
0.515338
0.515288
0.515263
0.515109
0.515041
0.514991
0.514937
0.514866
0.514803
0.514709
0.514598
0.514508
0.514363
0.514323
0.514209
0.514132
0.514076
0.513896
0.513850
0.513814
0.513754
0.513692
0.513609
0.513513
0.513443
0.513388
0.513276
0.513169
0.513137
0.513055
0.512992
0.512966
0.512869
0.512836
0.512761
0.512756
0.512674
0.512564
0.512562
0.512546
0.512466
0.512401
0.512371
0.512347
0.512325
0.512330
0.512209
0.512213
0.512185
0.512144
0.512169
0.512128
0.512069
0.512030
0.511973
0.511974
0.511974
0.511921
0.511925
0.511898
0.511792
0.511788
0.511775
0.511748
0.511747
0.511693
0.511641
0.511630
0.511615
0.511596
0.511529
0.511520
0.511472
0.511470
0.511402
0.511396
0.511393
0.511367
0.511400
0.511364
0.511374
0.511361
0.511314
0.511312
0.511262
0.511277
0.511245
0.511237
0.511226
0.511182
0.511182
0.511187
0.511165
0.511103
0.511120
0.511097
0.511084
0.511049
0.510985
0.511021
0.511005
0.510987
0.510992
0.510943
0.510888
0.510926
0.510928
0.510887
0.510903
0.510838
0.510827
0.510832
0.510761
0.510794
0.510781
0.510747
0.510745
0.510641
0.510633
0.510606
0.510584
0.510559
0.510499
0.510448
0.510454
0.510456
0.510400
0.510328
0.510341
0.510326
0.510313
0.510326
0.510246
0.510236
0.510217
0.510217
0.510165
0.510126
0.510153
0.510171
0.510146
0.510098
0.510100
0.510083
0.510081
0.510114
0.509986
0.510025
0.510008
0.510019
0.510050
0.510041
0.510043
0.510039
0.510028
0.510066
0.510080
0.510068
0.510111
0.510106
0.510032
0.510042
0.510075
0.510093
0.510135
0.510123
0.510140
0.510151
0.510166
0.510189
0.510158
0.510178
0.510167
0.510179
0.510111
0.510122
0.510136
0.510109
0.510149
0.510152
0.510220
0.510266
0.510252
0.510329
0.510344
0.510414
0.510397
0.510429
0.510443
0.510382
0.510428
0.510451
0.510472
0.510481
0.510520
0.510574
0.510600
0.510622
0.510592
0.510639
0.510647
0.510692
0.510694
0.510597
0.510596
0.510657
0.510720
0.510774
0.510860
0.510897
0.510945
0.510972
0.510981
0.511038
0.511070
0.511095
0.511124
0.510997
0.511024
0.511034
0.511040
0.511053
0.511018
0.511000
0.511000
0.510999
0.510979
0.510892
0.510887
0.510884
0.510889
0.510913
0.510822
0.510833
0.510842
0.510859
0.510809
0.510759
0.510770
0.510789
0.510774
0.510739
0.510734
0.510712
0.510684
0.510701
0.510619
0.510629
0.510599
0.510577
0.510587
0.510549
0.510498
0.510449
0.510378
0.510363
0.510325
0.510256
0.510250
0.510165
0.510068
0.509998
0.509985
0.509939
0.509925
0.509811
0.509777
0.509713
0.509679
0.509635
0.509556
0.509503
0.509505
0.509459
0.509404
0.509370
0.509349
0.509305
0.509289
0.509235
0.509250
0.509231
0.509100
0.509101
0.509043
0.509023
0.508965
0.508909
0.508845
0.508781
0.508748
0.508710
0.508711
0.508650
0.508615
0.508595
0.508538
0.508518
0.508419
0.508421
0.508398
0.508385
0.508345
0.508293
0.508243
0.508200
0.508176
0.508046
0.508007
0.507910
0.507831
0.507689
0.507645
0.507560
0.507482
0.507394
0.507320
0.507198
0.507170
0.507072
0.507048
0.506985
0.506908
0.506837
0.506805
0.506696
0.506620
0.506466
0.506416
0.506352
0.506297
0.506254
0.506102
0.506022
0.505945
0.505858
0.505696
0.505607
0.505488
0.505382
0.505268
0.505120
0.505014
0.504903
0.504772
0.504690
0.504530
0.504451
0.504354
0.504266
0.504186
0.504066
0.503965
0.503882
0.503769
0.503692
0.503617
0.503520
0.503485
0.503387
0.503289
0.503179
0.503121
0.503031
0.503014
0.502837
0.502748
0.502635
0.502601
0.502515
0.502399
0.502328
0.502295
0.502249
0.502165
0.502092
0.502008
0.501909
0.501861
0.501796
0.501770
0.501722
0.501585
0.501562
0.501506
0.501453
0.501362
0.501253
0.501170
0.501027
0.500937
0.500804
0.500724
0.500555
0.500484
0.500403
0.500263
0.500163
0.499958
0.499869
0.499736
0.499607
0.499441
0.499251
0.499087
0.498959
0.498858
0.498659
0.498553
0.498386
0.498271
0.498092
0.498017
0.497914
0.497813
0.497663
0.497530
0.497363
0.497271
0.497132
0.497003
0.496839
0.496677
0.496514
0.496395
0.496240
0.496048
0.495854
0.495721
0.495562
0.495415
0.495338
0.495070
0.494890
0.494759
0.494618
0.494432
0.494215
0.494067
0.493913
0.493744
0.493550
0.493406
0.493189
0.493052
0.492904
0.492708
0.492501
0.492269
0.492059
0.491892
0.491697
0.491537
0.491375
0.491158
0.490983
0.490869
0.490696
0.490547
0.490314
0.490103
0.489877
0.489730
0.489512
0.489369
0.489064
0.488896
0.488678
0.488572
0.488446
0.488252
0.488065
0.487938
0.487772
0.487593
0.487394
0.487201
0.486983
0.486802
0.486605
0.486448
0.486309
0.486047
0.485877
0.485731
0.485523
0.485275
0.485049
0.484842
0.484619
0.484426
0.484185
0.484005
0.483733
0.483598
0.483405
0.483158
0.482941
0.482652
0.482471
0.482289
0.482109
0.481928
0.481711
0.481500
0.481319
0.481238
0.480983
0.480806
0.480553
0.480375
0.480150
0.480017
0.479814
0.479590
0.479353
0.479143
0.478899
0.478732
0.478558
0.478340
0.478120
0.477916
0.477679
0.477486
0.477291
0.477035
0.476803
0.476636
0.476452
0.476258
0.476162
0.475860
0.475654
0.475487
0.475282
0.475046
0.474808
0.474611
0.474395
0.474179
0.473943
0.473739
0.473517
0.473357
0.473193
0.472942
0.472749
0.472552
0.472336
0.472173
0.471988
0.471790
0.471574
0.471344
0.471170
0.471029
0.470787
0.470592
0.470351
0.470095
0.469833
0.469670
0.469400
0.469227
0.468978
0.468737
0.468472
0.468298
0.468111
0.467890
0.467658
0.467455
0.467283
0.467075
0.466857
0.466682
0.466434
0.466284
0.466073
0.465919
0.465815
0.465553
0.465411
0.465244
0.465080
0.464828
0.464654
0.464436
0.464217
0.464040
0.463855
0.463659
0.463429
0.463292
0.463102
0.462846
0.462628
0.462416
0.462239
0.462028
0.461880
0.461707
0.461499
0.461315
0.461149
0.461083
0.460825
0.460676
0.460497
0.460303
0.460110
0.459958
0.459796
0.459604
0.459432
0.459255
0.459071
0.458934
0.458766
0.458653
0.458466
0.458330
0.458132
0.458031
0.457881
0.457691
0.457527
0.457456
0.457317
0.457203
0.457117
0.456997
0.456877
0.456762
0.456716
0.456585
0.456455
0.456352
0.456289
0.456142
0.456018
0.455937
0.455871
0.455804
0.455747
0.455644
0.455549
0.455454
0.455322
0.455273
0.455183
0.455090
0.454989
0.454905
0.454827
0.454776
0.454705
0.454629
0.454522
0.454421
0.454311
0.454213
0.454057
0.453957
0.453845
0.453714
0.453554
0.453476
0.453393
0.453279
0.453152
0.453091
0.452982
0.452885
0.452734
0.452671
0.452510
0.452421
0.452317
0.452227
0.452107
0.451947
0.451847
0.451764
0.451650
0.451476
0.451406
0.451250
0.451130
0.451028
0.450931
0.450814
0.450700
0.450623
0.450556
0.450424
0.450307
0.450234
0.450134
0.450007
0.449922
0.449835
0.449688
0.449591
0.449494
0.449478
0.449336
0.449274
0.449203
0.449148
0.449041
0.448963
0.448896
0.448747
0.448625
0.448524
0.448391
0.448312
0.448146
0.448081
0.447979
0.447852
0.447636
0.447533
0.447358
0.447265
0.447063
0.446963
0.446793
0.446618
0.446492
0.446392
0.446181
0.446017
0.445904
0.445699
0.445607
0.445447
0.445324
0.445158
0.444993
0.444928
0.444824
0.444628
0.444492
0.444337
0.444216
0.444103
0.443884
0.443775
0.443564
0.443387
0.443260
0.443132
0.442950
0.442744
0.442628
0.442476
0.442303
0.442074
0.441899
0.441758
0.441611
0.441452
0.441272
0.441070
0.440812
0.440743
0.440589
0.440379
0.440130
0.440007
0.439795
0.439681
0.439461
0.439306
0.439079
0.438861
0.438728
0.438567
0.438339
0.438096
0.437930
0.437808
0.437585
0.437341
0.437174
0.436949
0.436773
0.436549
0.436334
0.436122
0.435869
0.435723
0.435583
0.435294
0.435064
0.434854
0.434636
0.434463
0.434227
0.434059
0.433762
0.433589
0.433405
0.433279
0.432991
0.432792
0.432596
0.432455
0.432194
0.432033
0.431875
0.431644
0.431456
0.431265
0.431019
0.430849
0.430569
0.430402
0.430211
0.429963
0.429671
0.429451
0.429199
0.429033
0.428769
0.428588
0.428379
0.428129
0.427970
0.427769
0.427500
0.427321
0.427124
0.426891
0.426747
0.426561
0.426370
0.426179
0.425979
0.425842
0.425737
0.425535
0.425407
0.425216
0.425024
0.424898
0.424677
0.424573
0.424377
0.424205
0.424029
0.423888
0.423710
0.423532
0.423381
0.423180
0.423039
0.422812
0.422611
0.422461
0.422264
0.422102
0.421907
0.421729
0.421466
0.421332
0.421179
0.420975
0.420770
0.420617
0.420460
0.420296
0.420087
0.419958
0.419769
0.419610
0.419472
0.419365
0.419215
0.419019
0.418903
0.418790
0.418655
0.418493
0.418389
0.418210
0.418046
0.417919
0.417718
0.417588
0.417409
0.417296
0.417198
0.416978
0.416854
0.416696
0.416596
0.416472
0.416379
0.416224
0.416018
0.415954
0.415788
0.415750
0.415558
0.415426
0.415292
0.415139
0.414951
0.414805
0.414627
0.414381
0.414224
0.414025
0.413760
0.413624
0.413370
0.413260
0.413118
0.412953
0.412771
0.412568
0.412423
0.412325
0.412112
0.411942
0.411804
0.411583
0.411479
0.411280
0.411039
0.410890
0.410705
0.410503
0.410375
0.410213
0.409997
0.409809
0.409642
0.409471
0.409366
0.409140
0.409014
0.408790
0.408582
0.408447
0.408236
0.408081
0.407889
0.407671
0.407484
0.407322
0.407138
0.406935
0.406796
0.406601
0.406464
0.406228
0.406015
0.405857
0.405677
0.405517
0.405299
0.405144
0.404897
0.404789
0.404653
0.404481
0.404302
0.404152
0.403997
0.403837
0.403625
0.403489
0.403291
0.403146
0.402951
0.402838
0.402641
0.402429
0.402280
0.402100
0.401946
0.401771
0.401609
0.401427
0.401237
0.401075
0.400874
0.400722
0.400490
0.400365
0.400201
0.399973
0.399837
0.399617
0.399462
0.399320
0.399136
0.398932
0.398696
0.398553
0.398353
0.398265
0.398059
0.397906
0.397738
0.397565
0.397359
0.397201
0.397055
0.396865
0.396663
0.396465
0.396240
0.396091
0.395821
0.395675
0.395441
0.395230
0.394999
0.394750
0.394562
0.394374
0.394129
0.393903
0.393733
0.393499
0.393267
0.393099
0.392834
0.392643
0.392393
0.392151
0.391925
0.391755
0.391517
0.391308
0.391116
0.390907
0.390757
0.390516
0.390365
0.390154
0.389961
0.389778
0.389588
0.389473
0.389248
0.389100
0.388902
0.388777
0.388601
0.388437
0.388370
0.388196
0.388075
0.387926
0.387790
0.387650
0.387587
0.387486
0.387324
0.387285
0.387115
0.387072
0.387018
0.386921
0.386809
0.386794
0.386678
0.386618
0.386542
0.386436
0.386406
0.386306
0.386209
0.386143
0.386042
0.385974
0.385885
0.385812
0.385710
0.385697
0.385574
0.385511
0.385427
0.385284
0.385210
0.385169
0.385079
0.385074
0.385028
0.384887
0.384903
0.384739
0.384654
0.384684
0.384577
0.384542
0.384445
0.384432
0.384282
0.384273
0.384191
0.384091
0.384084
0.384001
0.383896
0.383887
0.383864
0.383835
0.383703
0.383654
0.383593
0.383556
0.383442
0.383450
0.383335
0.383290
0.383190
0.383105
0.383030
0.382972
0.382815
0.382725
0.382638
0.382520
0.382347
0.382344
0.382225
0.382136
0.382007
0.381877
0.381798
0.381750
0.381608
0.381511
0.381431
0.381288
0.381228
0.381134
0.381074
0.380994
0.380914
0.380790
0.380729
0.380707
0.380597
0.380590
0.380520
0.380496
0.380398
0.380345
0.380376
0.380290
0.380237
0.380216
0.380185
0.380072
0.380100
0.380085
0.379949
0.380008
0.379901
0.379928
0.379942
0.379899
0.379792
0.379878
0.379797
0.379790
0.379763
0.379669
0.379689
0.379632
0.379540
0.379533
0.379498
0.379437
0.379402
0.379325
0.379240
0.379236
0.379099
0.379054
0.378962
0.378855
0.378773
0.378749
0.378648
0.378606
0.378498
0.378327
0.378251
0.378086
0.377990
0.377922
0.377771
0.377653
0.377515
0.377425
0.377289
0.377259
0.377089
0.376980
0.376856
0.376751
0.376555
0.376491
0.376370
0.376267
0.376097
0.375957
0.375817
0.375730
0.375564
0.375475
0.375332
0.375210
0.375075
0.374959
0.374814
0.374751
0.374553
0.374501
0.374360
0.374286
0.374172
0.374013
0.373927
0.373777
0.373669
0.373456
0.373385
0.373215
0.373034
0.372916
0.372756
0.372647
0.372488
0.372325
0.372202
0.372055
0.371883
0.371703
0.371620
0.371473
0.371293
0.371159
0.371033
0.370892
0.370714
0.370570
0.370460
0.370270
0.370115
0.369974
0.369805
0.369572
0.369453
0.369343
0.369127
0.369001
0.368818
0.368714
0.368582
0.368401
0.368212
0.368148
0.367978
0.367851
0.367668
0.367483
0.367363
0.367195
0.366992
0.366884
0.366739
0.366483
0.366362
0.366179
0.366010
0.365893
0.365721
0.365591
0.365509
0.365362
0.365216
0.365159
0.364999
0.364908
0.364805
0.364603
0.364512
0.364257
0.364136
0.364069
0.363832
0.363676
0.363555
0.363396
0.363183
0.363115
0.362901
0.362727
0.362571
0.362459
0.362242
0.362119
0.361954
0.361859
0.361652
0.361440
0.361288
0.361144
0.360932
0.360765
0.360588
0.360427
0.360268
0.360045
0.359883
0.359769
0.359540
0.359339
0.359165
0.359000
0.358877
0.358641
0.358482
0.358323
0.358147
0.357917
0.357815
0.357644
0.357363
0.357191
0.356974
0.356800
0.356576
0.356372
0.356177
0.356010
0.355768
0.355541
0.355421
0.355214
0.354995
0.354818
0.354646
0.354421
0.354199
0.353961
0.353787
0.353520
0.353316
0.353112
0.352885
0.352606
0.352489
0.352303
0.351976
0.351827
0.351575
0.351448
0.351233
0.351022
0.350767
0.350619
0.350363
0.350223
0.349996
0.349729
0.349558
0.349357
0.349153
0.348959
0.348776
0.348535
0.348345
0.348149
0.347965
0.347827
0.347625
0.347466
0.347366
0.347188
0.347012
0.346899
0.346753
0.346574
0.346474
0.346263
0.346141
0.345814
0.345675
0.345591
0.345317
0.345126
0.344923
0.344764
0.344514
0.344384
0.344144
0.343989
0.343729
0.343611
0.343377
0.343287
0.343075
0.342963
0.342780
0.342574
0.342399
0.342260
0.342093
0.341884
0.341756
0.341633
0.341462
0.341267
0.341142
0.341054
0.340878
0.340722
0.340531
0.340408
0.340339
0.340116
0.339978
0.339811
0.339655
0.339484
0.339373
0.339264
0.339079
0.338939
0.338822
0.338748
0.338540
0.338435
0.338278
0.338168
0.338036
0.337888
0.337814
0.337674
0.337555
0.337416
0.337365
0.337177
0.337075
0.336996
0.336820
0.336685
0.336585
0.336414
0.336293
0.336126
0.336062
0.335988
0.335746
0.335636
0.335496
0.335430
0.335217
0.335103
0.334932
0.334798
0.334604
0.334505
0.334359
0.334198
0.334000
0.333892
0.333713
0.333562
0.333455
0.333287
0.333114
0.332930
0.332815
0.332645
0.332478
0.332349
0.332251
0.332095
0.331972
0.331850
0.331713
0.331546
0.331456
0.331307
0.331197
0.331001
0.330928
0.330833
0.330675
0.330571
0.330409
0.330311
0.330162
0.330128
0.329963
0.329858
0.329660
0.329600
0.329461
0.329394
0.329298
0.329233
0.329117
0.328975
0.328875
0.328752
0.328660
0.328488
0.328433
0.328360
0.328244
0.328092
0.328032
0.327957
0.327868
0.327790
0.327670
0.327605
0.327594
0.327440
0.327353
0.327220
0.327093
0.326976
0.326825
0.326748
0.326582
0.326440
0.326341
0.326295
0.326137
0.326062
0.325945
0.325823
0.325655
0.325513
0.325367
0.325239
0.325070
0.324909
0.324783
0.324543
0.324382
0.324277
0.324003
0.323801
0.323656
0.323425
0.323247
0.323003
0.322804
0.322657
0.322414
0.322225
0.322074
0.321992
0.321805
0.321679
0.321539
0.321429
0.321313
0.321171
0.321078
0.320975
0.320792
0.320709
0.320584
0.320426
0.320409
0.320213
0.320074
0.319936
0.319855
0.319684
0.319600
0.319494
0.319308
0.319180
0.319066
0.318950
0.318812
0.318681
0.318627
0.318478
0.318330
0.318106
0.318053
0.317916
0.317706
0.317618
0.317428
0.317342
0.317159
0.317116
0.316902
0.316787
0.316583
0.316496
0.316364
0.316187
0.316106
0.315998
0.315879
0.315695
0.315562
0.315494
0.315422
0.315217
0.315146
0.315095
0.314945
0.314774
0.314726
0.314586
0.314495
0.314370
0.314182
0.314098
0.314103
0.313900
0.313824
0.313655
0.313579
0.313477
0.313316
0.313251
0.313099
0.312901
0.312801
0.312713
0.312528
0.312449
0.312338
0.312205
0.312041
0.311894
0.311736
0.311619
0.311461
0.311277
0.311137
0.310899
0.310744
0.310647
0.310378
0.310147
0.310039
0.309790
0.309617
0.309381
0.309182
0.309023
0.308739
0.308505
0.308281
0.308111
0.307853
0.307675
0.307456
0.307274
0.307061
0.306872
0.306701
0.306506
0.306264
0.306121
0.305854
0.305588
0.305401
0.305093
0.304824
0.304523
0.304328
0.304034
0.303792
0.303560
0.303305
0.303052
0.302821
0.302567
0.302349
0.302087
0.301877
0.301629
0.301365
0.301079
0.300896
0.300664
0.300384
0.300197
0.299954
0.299803
0.299531
0.299432
0.299132
0.298922
0.298640
0.298460
0.298226
0.298023
0.297774
0.297589
0.297383
0.297119
0.296883
0.296689
0.296485
0.296195
0.295965
0.295789
0.295542
0.295267
0.295067
0.294821
0.294588
0.294354
0.294053
0.293886
0.293812
0.293432
0.293245
0.292961
0.292738
0.292511
0.292250
0.292076
0.291818
0.291558
0.291327
0.291146
0.290829
0.290610
0.290389
0.290142
0.289851
0.289615
0.289393
0.289134
0.288893
0.288662
0.288463
0.288159
0.287924
0.287731
0.287412
0.287177
0.286973
0.286717
0.286477
0.286237
0.286020
0.285822
0.285549
0.285296
0.285046
0.284854
0.284574
0.284342
0.284097
0.283875
0.283622
0.283363
0.283143
0.282944
0.282658
0.282459
0.282173
0.281928
0.281726
0.281436
0.281166
0.280847
0.280634
0.280364
0.280107
0.279843
0.279598
0.279335
0.279068
0.278855
0.278611
0.278340
0.278130
0.277841
0.277621
0.277290
0.277097
0.276866
0.276583
0.276306
0.276054
0.275844
0.275575
0.275348
0.275084
0.274918
0.274608
0.274414
0.274197
0.274035
0.273809
0.273636
0.273420
0.273206
0.272963
0.272793
0.272590
0.272312
0.272132
0.271965
0.271736
0.271448
0.271297
0.271064
0.270886
0.270675
0.270458
0.270285
0.270145
0.269884
0.269700
0.269491
0.269304
0.269146
0.268964
0.268848
0.268599
0.268405
0.268237
0.268112
0.267874
0.267717
0.267574
0.267360
0.267170
0.267007
0.266863
0.266684
0.266555
0.266420
0.266317
0.266114
0.266061
0.265945
0.265788
0.265640
0.265613
0.265449
0.265322
0.265206
0.265108
0.265024
0.264844
0.264747
0.264608
0.264543
0.264417
0.264298
0.264166
0.264108
0.263970
0.263827
0.263719
0.263615
0.263453
0.263332
0.263155
0.262991
0.262830
0.262672
0.262545
0.262366
0.262217
0.262038
0.261888
0.261729
0.261540
0.261349
0.261127
0.261028
0.260829
0.260643
0.260510
0.260300
0.260147
0.259948
0.259838
0.259709
0.259481
0.259365
0.259199
0.259126
0.258938
0.258822
0.258649
0.258544
0.258390
0.258307
0.258141
0.258033
0.257933
0.257809
0.257715
0.257519
0.257405
0.257297
0.257197
0.257037
0.256946
0.256869
0.256724
0.256562
0.256527
0.256418
0.256332
0.256224
0.256051
0.255958
0.255830
0.255758
0.255665
0.255499
0.255429
0.255312
0.255223
0.255183
0.255059
0.254909
0.254839
0.254810
0.254644
0.254537
0.254431
0.254319
0.254162
0.254075
0.253978
0.253936
0.253738
0.253685
0.253643
0.253508
0.253456
0.253323
0.253232
0.253061
0.252976
0.252832
0.252721
0.252569
0.252429
0.252335
0.252173
0.252008
0.251859
0.251762
0.251609
0.251430
0.251248
0.251116
0.250919
0.250702
0.250542
0.250351
0.250165
0.249955
0.249724
0.249543
0.249328
0.249148
0.248985
0.248771
0.248576
0.248402
0.248237
0.248092
0.247904
0.247699
0.247508
0.247396
0.247186
0.247072
0.246949
0.246768
0.246601
0.246458
0.246357
0.246224
0.245985
0.245899
0.245763
0.245640
0.245437
0.245307
0.245158
0.245005
0.244838
0.244724
0.244516
0.244337
0.244193
0.244031
0.243862
0.243616
0.243474
0.243337
0.243182
0.242962
0.242775
0.242643
0.242427
0.242218
0.242064
0.241883
0.241687
0.241509
0.241263
0.241103
0.240842
0.240698
0.240541
0.240308
0.240159
0.239932
0.239755
0.239616
0.239466
0.239259
0.239106
0.238980
0.238802
0.238631
0.238479
0.238328
0.238140
0.237971
0.237815
0.237674
0.237480
0.237326
0.237217
0.237059
0.236943
0.236729
0.236598
0.236401
0.236288
0.236166
0.236028
0.235886
0.235765
0.235670
0.235559
0.235451
0.235338
0.235235
0.235101
0.234982
0.234856
0.234812
0.234712
0.234619
0.234571
0.234470
0.234418
0.234338
0.234232
0.234137
0.234033
0.233992
0.233891
0.233776
0.233700
0.233670
0.233608
0.233588
0.233519
0.233455
0.233388
0.233402
0.233365
0.233291
0.233283
0.233219
0.233197
0.233176
0.233215
0.233200
0.233194
0.233228
0.233283
0.233313
0.233279
0.233290
0.233293
0.233358
0.233362
0.233434
0.233394
0.233437
0.233462
0.233482
0.233497
0.233444
0.233488
0.233518
0.233520
0.233481
0.233468
0.233529
0.233546
0.233588
0.233666
0.233620
0.233658
0.233758
0.233739
0.233825
0.233790
0.233789
0.233842
0.233765
0.233835
0.233789
0.233715
0.233744
0.233781
0.233745
0.233772
0.233825
0.233773
0.233784
0.233813
0.233834
0.233832
0.233842
0.233893
0.233929
0.233940
0.233954
0.234011
0.233968
0.234025
0.233987
0.234004
0.234001
0.234046
0.234096
0.234130
0.234203
0.234259
0.234313
0.234387
0.234457
0.234539
0.234618
0.234634
0.234719
0.234775
0.234892
0.234928
0.235005
0.235135
0.235110
0.235217
0.235283
0.235286
0.235280
0.235283
0.235370
0.235373
0.235358
0.235391
0.235478
0.235479
0.235573
0.235632
0.235629
0.235629
0.235700
0.235762
0.235727
0.235786
0.235831
0.235902
0.235950
0.236004
0.236046
0.236063
0.236080
0.236133
0.236147
0.236129
0.236123
0.236125
0.236169
0.236183
0.236288
0.236303
0.236470
0.236541
0.236655
0.236714
0.236783
0.236872
0.236977
0.237078
0.237111
0.237238
0.237388
0.237486
0.237565
0.237710
0.237779
0.237860
0.238004
0.238067
0.238241
0.238307
0.238375
0.238554
0.238624
0.238817
0.238911
0.239036
0.239203
0.239343
0.239466
0.239640
0.239839
0.239930
0.240059
0.240215
0.240372
0.240534
0.240654
0.240851
0.241019
0.241244
0.241437
0.241688
0.241854
0.242085
0.242229
0.242359
0.242507
0.242710
0.242930
0.243080
0.243300
0.243504
0.243680
0.243816
0.243968
0.244178
0.244378
0.244422
0.244604
0.244709
0.244855
0.244979
0.245150
0.245331
0.245385
0.245548
0.245700
0.245798
0.245870
0.245954
0.246089
0.246189
0.246261
0.246373
0.246519
0.246569
0.246681
0.246809
0.246881
0.246942
0.247066
0.247183
0.247162
0.247263
0.247327
0.247379
0.247409
0.247433
0.247495
0.247510
0.247547
0.247637
0.247701
0.247714
0.247737
0.247749
0.247789
0.247780
0.247857
0.247808
0.247911
0.247870
0.247890
0.247876
0.247815
0.247854
0.247844
0.247859
0.247822
0.247841
0.247888
0.247937
0.247949
0.248004
0.247997
0.248004
0.248050
0.248057
0.248115
0.248117
0.248097
0.248173
0.248204
0.248308
0.248346
0.248362
0.248461
0.248529
0.248575
0.248639
0.248769
0.248768
0.248841
0.248904
0.248950
0.248993
0.249029
0.249099
0.249136
0.249199
0.249220
0.249364
0.249379
0.249492
0.249522
0.249556
0.249607
0.249708
0.249759
0.249797
0.249875
0.249940
0.249983
0.250081
0.250108
0.250198
0.250298
0.250264
0.250378
0.250416
0.250452
0.250491
0.250527
0.250583
0.250545
0.250558
0.250620
0.250640
0.250579
0.250610
0.250699
0.250657
0.250696
0.250770
0.250821
0.250865
0.250945
0.251015
0.251052
0.251110
0.251198
0.251327
0.251283
0.251422
0.251506
0.251551
0.251670
0.251720
0.251775
0.251810
0.251897
0.251965
0.252045
0.252084
0.252082
0.252136
0.252229
0.252193
0.252344
0.252327
0.252433
0.252474
0.252504
0.252592
0.252626
0.252703
0.252781
0.252890
0.252818
0.252943
0.253059
0.253086
0.253207
0.253367
0.253323
0.253460
0.253617
0.253618
0.253754
0.253863
0.253856
0.254010
0.254011
0.254188
0.254266
0.254245
0.254353
0.254453
0.254427
0.254493
0.254654
0.254606
0.254703
0.254756
0.254799
0.254845
0.254868
0.254924
0.254959
0.255015
0.254976
0.255112
0.255052
0.255138
0.255173
0.255135
0.255140
0.255215
0.255209
0.255270
0.255280
0.255295
0.255286
0.255323
0.255249
0.255316
0.255368
0.255283
0.255316
0.255297
0.255312
0.255288
0.255278
0.255325
0.255288
0.255304
0.255343
0.255345
0.255263
0.255306
0.255303
0.255247
0.255176
0.255201
0.255157
0.255124
0.255131
0.255123
0.255043
0.255056
0.255008
0.255017
0.254909
0.254929
0.254882
0.254811
0.254763
0.254717
0.254636
0.254565
0.254571
0.254535
0.254531
0.254515
0.254487
0.254496
0.254492
0.254444
0.254526
0.254448
0.254441
0.254440
0.254360
0.254342
0.254275
0.254295
0.254259
0.254270
0.254158
0.254157
0.254160
0.254078
0.254085
0.254096
0.253953
0.253958
0.253991
0.253888
0.253863
0.253894
0.253796
0.253819
0.253708
0.253798
0.253797
0.253765
0.253806
0.253904
0.253847
0.253896
0.253970
0.253930
0.253953
0.254011
0.254055
0.254145
0.254152
0.254211
0.254253
0.254326
0.254299
0.254433
0.254382
0.254429
0.254471
0.254440
0.254421
0.254509
0.254550
0.254625
0.254621
0.254665
0.254603
0.254631
0.254579
0.254597
0.254624
0.254575
0.254576
0.254527
0.254556
0.254493
0.254508
0.254533
0.254441
0.254436
0.254428
0.254353
0.254285
0.254285
0.254243
0.254235
0.254126
0.254166
0.254147
0.254121
0.254104
0.254169
0.254049
0.254038
0.254002
0.253979
0.253928
0.253942
0.253887
0.253919
0.253895
0.253859
0.253876
0.253819
0.253886
0.253932
0.253968
0.253950
0.254007
0.253993
0.253978
0.253960
0.253991
0.253947
0.253969
0.254023
0.253978
0.253999
0.253945
0.254029
0.254020
0.254029
0.253986
0.253981
0.254034
0.254008
0.254014
0.254085
0.253984
0.254061
0.254128
0.254109
0.254137
0.254249
0.254192
0.254239
0.254189
0.254300
0.254326
0.254263
0.254339
0.254418
0.254352
0.254428
0.254493
0.254540
0.254548
0.254636
0.254699
0.254783
0.254791
0.254823
0.254906
0.254974
0.254977
0.255064
0.255082
0.255149
0.255242
0.255247
0.255219
0.255300
0.255332
0.255364
0.255340
0.255385
0.255324
0.255414
0.255380
0.255439
0.255435
0.255500
0.255514
0.255575
0.255625
0.255620
0.255660
0.255697
0.255673
0.255695
0.255709
0.255676
0.255681
0.255751
0.255701
0.255775
0.255713
0.255806
0.255824
0.255935
0.255947
0.256012
0.256001
0.256116
0.256129
0.256172
0.256199
0.256252
0.256250
0.256257
0.256362
0.256380
0.256419
0.256450
0.256537
0.256658
0.256741
0.256715
0.256853
0.256859
0.256834
0.256910
0.256956
0.257020
0.257040
0.257221
0.257229
0.257371
0.257363
0.257524
0.257622
0.257706
0.257763
0.257829
0.257946
0.257948
0.258044
0.258179
0.258116
0.258240
0.258330
0.258342
0.258391
0.258536
0.258464
0.258550
0.258531
0.258704
0.258734
0.258724
0.258794
0.258936
0.258865
0.258946
0.258928
0.258988
0.258972
0.259046
0.259101
0.259112
0.259160
0.259155
0.259239
0.259260
0.259203
0.259233
0.259257
0.259239
0.259263
0.259297
0.259144
0.259237
0.259223
0.259235
0.259211
0.259238
0.259127
0.259246
0.259156
0.259166
0.259113
0.259189
0.259100
0.259135
0.259157
0.259101
0.259060
0.259051
0.259014
0.259030
0.259011
0.258887
0.258895
0.258865
0.258755
0.258820
0.258628
0.258619
0.258565
0.258609
0.258555
0.258527
0.258431
0.258551
0.258510
0.258449
0.258529
0.258542
0.258451
0.258421
0.258551
0.258514
0.258505
0.258483
0.258542
0.258582
0.258625
0.258511
0.258693
0.258688
0.258584
0.258687
0.258668
0.258666
0.258581
0.258662
0.258595
0.258628
0.258473
0.258527
0.258507
0.258489
0.258435
0.258378
0.258418
0.258343
0.258331
0.258397
0.258252
0.258323
0.258362
0.258303
0.258311
0.258381
0.258282
0.258318
0.258257
0.258332
0.258326
0.258216
0.258270
0.258266
0.258152
0.258173
0.258077
0.258087
0.258070
0.258085
0.258152
0.258036
0.258045
0.258029
0.258124
0.258058
0.257994
0.258019
0.258107
0.257993
0.258038
0.258140
0.257918
0.258003
0.258003
0.258060
0.257976
0.258021
0.257924
0.258103
0.257964
0.257954
0.257904
0.258066
0.257880
0.257949
0.258019
0.257988
0.257876
0.257835
0.257893
0.257877
0.257837
0.257720
0.257854
0.257835
0.257676
0.257879
0.257737
0.257755
0.257751
0.257894
0.257873
0.257853
0.257860
0.258010
0.258077
0.257958
0.258175
0.258262
0.258254
0.258264
0.258502
0.258551
0.258654
0.258637
0.258781
0.258918
0.259061
0.258926
0.259220
0.259303
0.259224
0.259372
0.259460
0.259534
0.259496
0.259691
0.259738
0.259866
0.259664
0.259797
0.259891
0.259990
0.259903
0.259920
0.260055
0.260065
0.259930
0.260094
0.260002
0.260160
0.260068
0.260122
0.260155
0.260212
0.260086
0.260112
0.260131
0.260063
0.260144
0.260061
0.260200
0.260079
0.260045
0.260135
0.260126
0.260061
0.260056
0.260149
0.260219
0.260023
0.260064
0.260103
0.260192
0.260055
0.260045
0.260076
0.260173
0.259982
0.260052
0.260168
0.259878
0.259926
0.259918
0.259942
0.259764
0.259802
0.259682
0.259821
0.259619
0.259582
0.259529
0.259688
0.259381
0.259459
0.259500
0.259524
0.259364
0.259315
0.259412
0.259395
0.259260
0.259172
0.259292
0.259271
0.258997
0.259169
0.259021
0.258936
0.258928
0.259113
0.259035
0.258910
0.258947
0.259068
0.259135
0.258885
0.259064
0.259119
0.259093
0.259008
0.259195
0.259216
0.259257
0.259186
0.259280
0.259394
0.259494
0.259335
0.259591
0.259650
0.259494
0.259643
0.259691
0.259763
0.259613
0.259774
0.259787
0.259917
0.259686
0.259783
0.259904
0.259958
0.259883
0.259857
0.259968
0.260002
0.259794
0.259965
0.259872
0.260036
0.259890
0.259935
0.259953
0.260036
0.259928
0.259984
0.260017
0.259984
0.260094
0.260080
0.260244
0.260130
0.260122
0.260232
0.260198
0.260259
0.260237
0.260379
0.260423
0.260318
0.260360
0.260462
0.260557
0.260479
0.260517
0.260562
0.260730
0.260664
0.260754
0.260963
0.260797
0.260941
0.261019
0.261177
0.261094
0.261274
0.261251
0.261536
0.261398
0.261525
0.261573
0.261848
0.261677
0.261855
0.261972
0.262105
0.262046
0.262104
0.262278
0.262421
0.262357
0.262435
0.262607
0.262733
0.262629
0.262834
0.262833
0.262794
0.262849
0.263064
0.263037
0.262967
0.263040
0.263177
0.263295
0.263185
0.263397
0.263517
0.263594
0.263477
0.263712
0.263774
0.263874
0.263756
0.263893
0.264010
0.264130
0.263950
0.264117
0.264189
0.264004
0.264199
0.264250
0.264322
0.264163
0.264309
0.264371
0.264512
0.264317
0.264514
0.264608
0.264736
0.264748
0.264817
0.264956
0.265074
0.265012
0.265182
0.265283
0.265437
0.265411
0.265490
0.265598
0.265794
0.265735
0.265891
0.265945
0.265972
0.266068
0.266216
0.266345
0.266321
0.266376
0.266520
0.266560
0.266623
0.266721
0.266839
0.267015
0.266913
0.267048
0.267138
0.267296
0.267191
0.267269
0.267349
0.267549
0.267458
0.267491
0.267644
0.267455
0.267652
0.267663
0.267743
0.267617
0.267710
0.267672
0.267908
0.267787
0.267888
0.267890
0.268033
0.267977
0.268054
0.268130
0.268208
0.268180
0.268178
0.268302
0.268371
0.268251
0.268286
0.268310
0.268426
0.268270
0.268360
0.268289
0.268205
0.268176
0.268301
0.268178
0.268107
0.268082
0.268097
0.268090
0.267990
0.268037
0.268045
0.267995
0.267862
0.267979
0.267901
0.267901
0.267720
0.267725
0.267699
0.267659
0.267464
0.267449
0.267368
0.267210
0.267259
0.267201
0.267151
0.267028
0.267024
0.267029
0.267023
0.266823
0.266863
0.266791
0.266739
0.266671
0.266580
0.266549
0.266487
0.266311
0.266265
0.266206
0.266132
0.265984
0.265831
0.265741
0.265707
0.265516
0.265431
0.265288
0.265193
0.265084
0.265044
0.264964
0.264815
0.264706
0.264630
0.264497
0.264424
0.264329
0.264232
0.264198
0.264045
0.263944
0.263904
0.263842
0.263704
0.263669
0.263602
0.263564
0.263464
0.263386
0.263289
0.263133
0.263088
0.263013
0.262946
0.262764
0.262714
0.262528
0.262517
0.262328
0.262253
0.262132
0.262034
0.261873
0.261752
0.261652
0.261558
0.261459
0.261293
0.261235
0.261136
0.260938
0.260856
0.260741
0.260723
0.260495
0.260425
0.260308
0.260170
0.260077
0.260076
0.259901
0.259827
0.259730
0.259646
0.259533
0.259417
0.259363
0.259312
0.259232
0.259098
0.259146
0.259026
0.259018
0.258877
0.258856
0.258848
0.258850
0.258744
0.258747
0.258714
0.258615
0.258627
0.258578
0.258558
0.258477
0.258421
0.258415
0.258418
0.258305
0.258343
0.258303
0.258308
0.258255
0.258178
0.258171
0.258155
0.258020
0.257997
0.257966
0.257923
0.257808
0.257738
0.257690
0.257772
0.257582
0.257539
0.257483
0.257404
0.257333
0.257295
0.257254
0.257153
0.257112
0.257093
0.257037
0.257029
0.256983
0.256954
0.256942
0.256864
0.256800
0.256778
0.256730
0.256635
0.256626
0.256586
0.256607
0.256536
0.256531
0.256536
0.256434
0.256440
0.256419
0.256391
0.256278
0.256302
0.256182
0.256268
0.256129
0.256137
0.256082
0.256130
0.256052
0.256046
0.255987
0.255917
0.255881
0.255811
0.255815
0.255782
0.255686
0.255628
0.255598
0.255649
0.255481
0.255486
0.255379
0.255306
0.255239
0.255281
0.255153
0.255146
0.255054
0.255049
0.254946
0.254839
0.254809
0.254732
0.254675
0.254540
0.254559
0.254439
0.254385
0.254268
0.254201
0.254228
0.254164
0.254075
0.254062
0.254060
0.253914
0.253957
0.253887
0.253915
0.253783
0.253750
0.253722
0.253708
0.253599
0.253577
0.253552
0.253560
0.253478
0.253408
0.253358
0.253332
0.253194
0.253163
0.253105
0.253057
0.252916
0.252867
0.252801
0.252809
0.252655
0.252594
0.252541
0.252470
0.252391
0.252380
0.252335
0.252265
0.252192
0.252171
0.252071
0.252066
0.251981
0.251956
0.251894
0.251854
0.251783
0.251804
0.251770
0.251714
0.251693
0.251620
0.251662
0.251604
0.251602
0.251608
0.251546
0.251554
0.251564
0.251580
0.251478
0.251539
0.251444
0.251533
0.251430
0.251490
0.251393
0.251470
0.251391
0.251425
0.251389
0.251355
0.251356
0.251311
0.251307
0.251326
0.251289
0.251276
0.251309
0.251359
0.251255
0.251328
0.251240
0.251233
0.251232
0.251280
0.251189
0.251220
0.251134
0.251171
0.251112
0.251019
0.251070
0.251005
0.251015
0.250949
0.251008
0.250925
0.250958
0.250849
0.250788
0.250827
0.250779
0.250729
0.250719
0.250766
0.250646
0.250725
0.250640
0.250692
0.250618
0.250603
0.250605
0.250589
0.250571
0.250589
0.250608
0.250634
0.250636
0.250583
0.250582
0.250593
0.250508
0.250543
0.250507
0.250529
0.250455
0.250477
0.250458
0.250515
0.250413
0.250402
0.250372
0.250323
0.250308
0.250279
0.250271
0.250195
0.250134
0.250099
0.249974
0.249962
0.249889
0.249871
0.249826
0.249820
0.249725
0.249743
0.249666
0.249643
0.249654
0.249581
0.249590
0.249509
0.249470
0.249494
0.249424
0.249364
0.249349
0.249290
0.249212
0.249274
0.249138
0.249219
0.249125
0.249157
0.249052
0.249113
0.249008
0.249035
0.248968
0.248921
0.248943
0.248892
0.248885
0.248900
0.248886
0.248849
0.248876
0.248899
0.248857
0.248931
0.248889
0.248912
0.248920
0.248962
0.248887
0.248946
0.248865
0.248901
0.248861
0.248812
0.248850
0.248806
0.248781
0.248732
0.248760
0.248681
0.248695
0.248642
0.248575
0.248630
0.248543
0.248533
0.248493
0.248520
0.248454
0.248471
0.248386
0.248466
0.248408
0.248382
0.248387
0.248352
0.248343
0.248339
0.248277
0.248284
0.248249
0.248211
0.248181
0.248187
0.248132
0.248165
0.248128
0.248177
0.248133
0.248193
0.248155
0.248233
0.248164
0.248173
0.248195
0.248196
0.248202
0.248213
0.248242
0.248285
0.248277
0.248339
0.248338
0.248383
0.248385
0.248402
0.248390
0.248454
0.248400
0.248472
0.248429
0.248455
0.248499
0.248471
0.248471
0.248485
0.248440
0.248528
0.248504
0.248471
0.248507
0.248484
0.248451
0.248547
0.248475
0.248519
0.248500
0.248534
0.248485
0.248536
0.248465
0.248492
0.248430
0.248395
0.248402
0.248392
0.248351
0.248388
0.248386
0.248363
0.248368
0.248371
0.248332
0.248376
0.248287
0.248262
0.248237
0.248227
0.248115
0.248123
0.248032
0.247983
0.247919
0.247880
0.247823
0.247739
0.247635
0.247562
0.247494
0.247372
0.247300
0.247184
0.247058
0.247016
0.246850
0.246725
0.246562
0.246518
0.246368
0.246284
0.246080
0.246033
0.245871
0.245752
0.245675
0.245551
0.245429
0.245393
0.245247
0.245223
0.245127
0.245026
0.244952
0.244891
0.244763
0.244695
0.244594
0.244512
0.244373
0.244277
0.244146
0.244047
0.243965
0.243870
0.243734
0.243626
0.243467
0.243409
0.243265
0.243154
0.242985
0.242859
0.242703
0.242632
0.242492
0.242303
0.242182
0.242050
0.241849
0.241806
0.241613
0.241450
0.241380
0.241225
0.241107
0.241052
0.240837
0.240851
0.240693
0.240546
0.240444
0.240343
0.240220
0.240155
0.240005
0.239961
0.239835
0.239794
0.239643
0.239602
0.239528
0.239464
0.239387
0.239351
0.239337
0.239235
0.239179
0.239153
0.239076
0.238974
0.238930
0.238825
0.238723
0.238698
0.238549
0.238475
0.238387
0.238324
0.238133
0.238075
0.237951
0.237829
0.237717
0.237613
0.237525
0.237395
0.237275
0.237163
0.237097
0.236961
0.236842
0.236716
0.236582
0.236540
0.236375
0.236245
0.236088
0.236039
0.235906
0.235827
0.235617
0.235514
0.235368
0.235190
0.235119
0.234981
0.234808
0.234724
0.234518
0.234372
0.234245
0.234041
0.233829
0.233682
0.233450
0.233240
0.233111
0.232914
0.232703
0.232581
0.232359
0.232161
0.232018
0.231800
0.231639
0.231437
0.231206
0.231132
0.230931
0.230750
0.230610
0.230423
0.230233
0.230182
0.230018
0.229834
0.229745
0.229589
0.229401
0.229380
0.229170
0.228998
0.228932
0.228743
0.228642
0.228544
0.228325
0.228321
0.228171
0.227995
0.227936
0.227776
0.227645
0.227553
0.227377
0.227256
0.227113
0.227011
0.226827
0.226729
0.226614
0.226464
0.226336
0.226259
0.226228
0.226044
0.225949
0.225902
0.225793
0.225718
0.225699
0.225618
0.225544
0.225544
0.225434
0.225371
0.225347
0.225330
0.225191
0.225207
0.225172
0.225045
0.224970
0.224903
0.224868
0.224761
0.224716
0.224659
0.224597
0.224510
0.224511
0.224418
0.224376
0.224399
0.224281
0.224237
0.224233
0.224232
0.224248
0.224241
0.224135
0.224104
0.224090
0.223923
0.224000
0.223850
0.223728
0.223754
0.223598
0.223468
0.223499
0.223365
0.223243
0.223254
0.223143
0.223021
0.223066
0.222953
0.222858
0.222885
0.222770
0.222664
0.222732
0.222609
0.222602
0.222456
0.222293
0.222313
0.222146
0.221994
0.221963
0.221776
0.221653
0.221652
0.221536
0.221341
0.221346
0.221187
0.221029
0.221066
0.220864
0.220704
0.220736
0.220553
0.220498
0.220436
0.220245
0.220303
0.220229
0.220022
0.220031
0.219873
0.219741
0.219660
0.219504
0.219368
0.219240
0.219122
0.218924
0.218862
0.218747
0.218575
0.218473
0.218355
0.218315
0.218041
0.217952
0.217804
0.217647
0.217456
0.217396
0.217212
0.217048
0.216973
0.216816
0.216694
0.216533
0.216452
0.216194
0.216138
0.216062
0.215879
0.215829
0.215740
0.215667
0.215478
0.215417
0.215314
0.215249
0.215134
0.215082
0.214983
0.214911
0.214910
0.214763
0.214715
0.214622
0.214535
0.214533
0.214492
0.214324
0.214302
0.214272
0.214116
0.214192
0.214060
0.213971
0.214000
0.213855
0.213764
0.213820
0.213677
0.213602
0.213581
0.213526
0.213443
0.213452
0.213381
0.213324
0.213319
0.213263
0.213216
0.213234
0.213163
0.213174
0.213105
0.213054
0.213082
0.213008
0.212929
0.212927
0.212828
0.212741
0.212793
0.212722
0.212587
0.212626
0.212553
0.212441
0.212502
0.212370
0.212261
0.212364
0.212236
0.212214
0.212229
0.212114
0.212090
0.212079
0.211949
0.211920
0.211878
0.211809
0.211733
0.211723
0.211658
0.211590
0.211607
0.211504
0.211421
0.211423
0.211304
0.211255
0.211241
0.211217
0.211030
0.211031
0.210923
0.210822
0.210795
0.210764
0.210747
0.210638
0.210599
0.210603
0.210544
0.210485
0.210523
0.210363
0.210318
0.210309
0.210182
0.210117
0.210112
0.210047
0.209956
0.209982
0.209948
0.209889
0.209878
0.209853
0.209820
0.209853
0.209859
0.209787
0.209809
0.209795
0.209720
0.209800
0.209768
0.209650
0.209709
0.209685
0.209576
0.209676
0.209579
0.209520
0.209621
0.209542
0.209493
0.209644
0.209572
0.209562
0.209556
0.209541
0.209432
0.209493
0.209424
0.209388
0.209420
0.209382
0.209380
0.209371
0.209318
0.209343
0.209287
0.209220
0.209262
0.209177
0.209129
0.209124
0.209074
0.209016
0.209103
0.209078
0.208993
0.209063
0.209005
0.208911
0.208935
0.208826
0.208715
0.208762
0.208602
0.208547
0.208537
0.208420
0.208365
0.208319
0.208192
0.208146
0.208120
0.208084
0.208015
0.207977
0.207919
0.207854
0.207836
0.207753
0.207693
0.207685
0.207588
0.207509
0.207505
0.207480
0.207315
0.207318
0.207207
0.207128
0.207080
0.207030
0.206970
0.206854
0.206797
0.206734
0.206679
0.206590
0.206555
0.206376
0.206318
0.206296
0.206139
0.206072
0.206016
0.205946
0.205829
0.205843
0.205753
0.205679
0.205614
0.205527
0.205436
0.205389
0.205297
0.205141
0.205048
0.204906
0.204752
0.204743
0.204625
0.204467
0.204400
0.204308
0.204120
0.204130
0.203970
0.203832
0.203760
0.203598
0.203431
0.203418
0.203288
0.203126
0.203052
0.202964
0.202793
0.202843
0.202668
0.202551
0.202501
0.202373
0.202264
0.202204
0.202063
0.202049
0.201902
0.201776
0.201835
0.201675
0.201549
0.201518
0.201337
0.201208
0.201209
0.201041
0.200837
0.200810
0.200664
0.200503
0.200566
0.200387
0.200208
0.200249
0.200102
0.200016
0.200090
0.199943
0.199874
0.199874
0.199752
0.199716
0.199706
0.199627
0.199547
0.199526
0.199467
0.199383
0.199400
0.199310
0.199253
0.199281
0.199171
0.199082
0.199166
0.199182
0.199059
0.199135
0.199081
0.199043
0.199081
0.199048
0.199018
0.198949
0.198904
0.198940
0.198938
0.198899
0.198955
0.198854
0.198832
0.198912
0.198735
0.198667
0.198675
0.198592
0.198459
0.198529
0.198429
0.198398
0.198329
0.198270
0.198210
0.198218
0.198191
0.198101
0.198125
0.198074
0.197944
0.198045
0.197951
0.197817
0.197793
0.197727
0.197563
0.197648
0.197498
0.197453
0.197437
0.197306
0.197136
0.197198
0.197048
0.196931
0.196843
0.196762
0.196599
0.196609
0.196444
0.196368
0.196338
0.196240
0.196103
0.196076
0.195973
0.195957
0.195871
0.195794
0.195791
0.195672
0.195642
0.195621
0.195530
0.195427
0.195468
0.195380
0.195240
0.195233
0.195155
0.195032
0.195068
0.194901
0.194799
0.194826
0.194695
0.194609
0.194631
0.194474
0.194384
0.194350
0.194186
0.194158
0.194077
0.194039
0.193915
0.193854
0.193789
0.193696
0.193673
0.193556
0.193432
0.193398
0.193262
0.193157
0.193143
0.193092
0.192889
0.192887
0.192780
0.192703
0.192686
0.192638
0.192550
0.192519
0.192462
0.192474
0.192450
0.192394
0.192399
0.192286
0.192274
0.192312
0.192193
0.192183
0.192186
0.192152
0.192061
0.192132
0.192069
0.192113
0.192026
0.191991
0.191957
0.191926
0.191908
0.191834
0.191787
0.191754
0.191612
0.191689
0.191621
0.191508
0.191500
0.191502
0.191325
0.191355
0.191205
0.191191
0.191136
0.191065
0.190942
0.190995
0.190894
0.190842
0.190785
0.190793
0.190735
0.190752
0.190712
0.190734
0.190733
0.190726
0.190644
0.190673
0.190623
0.190600
0.190552
0.190552
0.190506
0.190465
0.190447
0.190429
0.190373
0.190311
0.190328
0.190279
0.190235
0.190234
0.190231
0.190184
0.190216
0.190136
0.190112
0.190194
0.190085
0.190049
0.190077
0.190011
0.189950
0.189919
0.189814
0.189799
0.189680
0.189656
0.189565
0.189514
0.189464
0.189417
0.189378
0.189312
0.189230
0.189193
0.189166
0.189073
0.189066
0.189052
0.188897
0.188942
0.188865
0.188916
0.188920
0.188956
0.188933
0.188941
0.188926
0.188971
0.189008
0.188978
0.189031
0.188974
0.188995
0.189072
0.189023
0.189078
0.189081
0.189106
0.189084
0.189138
0.189148
0.189210
0.189194
0.189248
0.189321
0.189295
0.189314
0.189345
0.189363
0.189408
0.189342
0.189450
0.189445
0.189386
0.189463
0.189478
0.189453
0.189548
0.189515
0.189627
0.189594
0.189663
0.189628
0.189738
0.189710
0.189768
0.189691
0.189768
0.189825
0.189799
0.189879
0.189974
0.189983
0.190058
0.190020
0.190166
0.190235
0.190279
0.190340
0.190489
0.190461
0.190570
0.190646
0.190673
0.190760
0.190820
0.190924
0.191010
0.191078
0.191098
0.191167
0.191208
0.191280
0.191303
0.191360
0.191497
0.191436
0.191473
0.191601
0.191614
0.191663
0.191722
0.191702
0.191776
0.191729
0.191840
0.191830
0.191899
0.191986
0.192028
0.192069
0.192101
0.192117
0.192182
0.192297
0.192261
0.192388
0.192451
0.192406
0.192553
0.192537
0.192651
0.192734
0.192840
0.192912
0.193005
0.193078
0.193214
0.193362
0.193392
0.193516
0.193558
0.193600
0.193778
0.193770
0.193869
0.193900
0.193967
0.193980
0.194117
0.194116
0.194275
0.194289
0.194369
0.194443
0.194478
0.194542
0.194621
0.194688
0.194791
0.194799
0.194945
0.194951
0.194955
0.195028
0.195122
0.195049
0.195161
0.195114
0.195211
0.195201
0.195239
0.195255
0.195348
0.195332
0.195384
0.195346
0.195484
0.195492
0.195497
0.195520
0.195633
0.195589
0.195699
0.195726
0.195794
0.195887
0.195908
0.195984
0.196118
0.196135
0.196211
0.196280
0.196342
0.196405
0.196506
0.196574
0.196701
0.196722
0.196815
0.196884
0.196999
0.197124
0.197088
0.197199
0.197268
0.197282
0.197342
0.197442
0.197464
0.197520
0.197602
0.197575
0.197690
0.197691
0.197775
0.197793
0.197897
0.198043
0.198113
0.198205
0.198262
0.198317
0.198377
0.198531
0.198561
0.198674
0.198754
0.198714
0.198864
0.198861
0.198954
0.199024
0.199111
0.199198
0.199258
0.199283
0.199399
0.199497
0.199557
0.199635
0.199646
0.199700
0.199884
0.199907
0.199995
0.200034
0.200100
0.200118
0.200255
0.200249
0.200414
0.200422
0.200471
0.200531
0.200525
0.200560
0.200552
0.200624
0.200661
0.200644
0.200780
0.200802
0.200813
0.200904
0.200952
0.200841
0.200927
0.200888
0.200938
0.200899
0.200918
0.200884
0.200929
0.200860
0.200879
0.200815
0.200871
0.200870
0.200854
0.200854
0.200901
0.200815
0.200884
0.200866
0.200816
0.200879
0.200846
0.200899
0.200976
0.200883
0.200894
0.200898
0.200854
0.200888
0.200819
0.200860
0.200854
0.200819
0.200812
0.200848
0.200826
0.200891
0.200806
0.200871
0.200879
0.200767
0.200742
0.200765
0.200706
0.200635
0.200663
0.200576
0.200586
0.200496
0.200532
0.200498
0.200472
0.200545
0.200561
0.200503
0.200526
0.200465
0.200511
0.200635
0.200549
0.200671
0.200682
0.200594
0.200700
0.200659
0.200751
0.200854
0.200852
0.200977
0.201070
0.201050
0.201192
0.201250
0.201254
0.201334
0.201316
0.201320
0.201459
0.201422
0.201483
0.201511
0.201481
0.201477
0.201467
0.201448
0.201525
0.201435
0.201409
0.201421
0.201323
0.201249
0.201179
0.201161
0.201159
0.200979
0.201043
0.200982
0.200920
0.200983
0.200962
0.200833
0.200889
0.200816
0.200887
0.200788
0.200756
0.200734
0.200732
0.200602
0.200609
0.200500
0.200490
0.200441
0.200324
0.200285
0.200295
0.200127
0.200119
0.200017
0.199823
0.199765
0.199592
0.199528
0.199484
0.199304
0.199218
0.199121
0.198991
0.198892
0.198729
0.198626
0.198583
0.198445
0.198354
0.198276
0.198171
0.198129
0.197938
0.197911
0.197825
0.197652
0.197537
0.197495
0.197362
0.197237
0.197175
0.197035
0.196976
0.196832
0.196816
0.196694
0.196609
0.196555
0.196490
0.196404
0.196317
0.196150
0.196068
0.196032
0.195829
0.195804
0.195670
0.195467
0.195407
0.195202
0.195075
0.194956
0.194765
0.194638
0.194550
0.194313
0.194214
0.194078
0.193882
0.193741
0.193565
0.193376
0.193349
0.193154
0.193021
0.192896
0.192721
0.192553
0.192485
0.192313
0.192239
0.192081
0.191917
0.191844
0.191726
0.191582
0.191475
0.191345
0.191223
0.191016
0.190982
0.190797
0.190652
0.190580
0.190504
0.190260
0.190183
0.190028
0.189952
0.189773
0.189632
0.189481
0.189371
0.189154
0.189083
0.188880
0.188835
0.188667
0.188512
0.188389
0.188352
0.188124
0.188057
0.187853
0.187653
0.187544
0.187313
0.187179
0.187066
0.186861
0.186689
0.186536
0.186364
0.186233
0.186038
0.185877
0.185754
0.185569
0.185408
0.185278
0.185131
0.185063
0.184806
0.184699
0.184590
0.184366
0.184165
0.184063
0.183895
0.183723
0.183546
0.183362
0.183219
0.183011
0.182909
0.182670
0.182537
0.182397
0.182205
0.182078
0.181884
0.181651
0.181520
0.181404
0.181111
0.181032
0.180820
0.180594
0.180476
0.180259
0.180125
0.179988
0.179781
0.179643
0.179531
0.179244
0.179126
0.178947
0.178757
0.178579
0.178421
0.178187
0.178138
0.177863
0.177723
0.177549
0.177319
0.177055
0.176964
0.176741
0.176589
0.176356
0.176116
0.175918
0.175689
0.175410
0.175210
0.174947
0.174712
0.174401
0.174317
0.174023
0.173782
0.173613
0.173465
0.173133
0.173018
0.172761
0.172612
0.172387
0.172205
0.172018
0.171880
0.171628
0.171520
0.171266
0.171104
0.170866
0.170625
0.170425
0.170303
0.170044
0.169935
0.169738
0.169472
0.169293
0.169050
0.168824
0.168666
0.168395
0.168179
0.167942
0.167759
0.167555
0.167318
0.167065
0.166895
0.166629
0.166379
0.166130
0.165890
0.165690
0.165356
0.165128
0.164932
0.164653
0.164372
0.164202
0.163996
0.163699
0.163455
0.163194
0.163003
0.162753
0.162569
0.162240
0.162069
0.161781
0.161520
0.161338
0.161099
0.160805
0.160594
0.160373
0.160141
0.160017
0.159807
0.159577
0.159437
0.159239
0.159064
0.158916
0.158727
0.158550
0.158378
0.158107
0.157992
0.157806
0.157649
0.157441
0.157293
0.157052
0.157003
0.156781
0.156699
0.156533
0.156353
0.156133
0.156113
0.155922
0.155792
0.155606
0.155407
0.155251
0.155185
0.154987
0.154875
0.154672
0.154496
0.154241
0.154217
0.153924
0.153761
0.153556
0.153443
0.153142
0.153062
0.152786
0.152662
0.152438
0.152276
0.152055
0.151904
0.151684
0.151553
0.151332
0.151224
0.150960
0.150754
0.150547
0.150443
0.150198
0.150112
0.149944
0.149654
0.149494
0.149310
0.149136
0.149003
0.148769
0.148573
0.148398
0.148301
0.148117
0.147955
0.147690
0.147555
0.147356
0.147190
0.146987
0.146771
0.146644
0.146402
0.146267
0.146120
0.145944
0.145718
0.145584
0.145491
0.145216
0.145039
0.144822
0.144683
0.144516
0.144338
0.144052
0.143897
0.143653
0.143459
0.143288
0.143060
0.142788
0.142577
0.142347
0.142091
0.141915
0.141660
0.141417
0.141192
0.140963
0.140727
0.140551
0.140318
0.140145
0.139941
0.139632
0.139477
0.139202
0.138993
0.138669
0.138455
0.138112
0.137939
0.137621
0.137384
0.137100
0.136832
0.136501
0.136320
0.136029
0.135748
0.135489
0.135191
0.134929
0.134717
0.134447
0.134239
0.133930
0.133694
0.133391
0.133257
0.132938
0.132676
0.132458
0.132254
0.131933
0.131762
0.131471
0.131265
0.130994
0.130786
0.130524
0.130312
0.130036
0.129790
0.129532
0.129285
0.128964
0.128741
0.128457
0.128218
0.127961
0.127766
0.127538
0.127224
0.126993
0.126756
0.126496
0.126250
0.125998
0.125700
0.125434
0.125255
0.125009
0.124764
0.124509
0.124284
0.124048
0.123814
0.123548
0.123285
0.123075
0.122747
0.122532
0.122347
0.122100
0.121835
0.121655
0.121434
0.121197
0.120934
0.120662
0.120441
0.120209
0.119960
0.119681
0.119492
0.119229
0.118969
0.118744
0.118482
0.118223
0.118014
0.117774
0.117523
0.117346
0.117072
0.116848
0.116661
0.116464
0.116216
0.116052
0.115824
0.115648
0.115457
0.115207
0.115053
0.114801
0.114623
0.114426
0.114250
0.113971
0.113823
0.113575
0.113409
0.113229
0.113032
0.112793
0.112647
0.112432
0.112241
0.112036
0.111805
0.111613
0.111446
0.111252
0.111089
0.110882
0.110714
0.110500
0.110396
0.110195
0.110036
0.109886
0.109753
0.109518
0.109375
0.109179
0.109009
0.108819
0.108651
0.108500
0.108336
0.108183
0.108029
0.107929
0.107811
0.107644
0.107491
0.107336
0.107174
0.107033
0.106899
0.106753
0.106558
0.106397
0.106273
0.106070
0.105944
0.105753
0.105587
0.105380
0.105282
0.105087
0.104914
0.104684
0.104564
0.104401
0.104269
0.104092
0.103948
0.103826
0.103654
0.103504
0.103415
0.103245
0.103077
0.102944
0.102830
0.102665
0.102518
0.102348
0.102240
0.102111
0.101956
0.101787
0.101693
0.101544
0.101429
0.101309
0.101162
0.101047
0.100921
0.100790
0.100664
0.100589
0.100408
0.100278
0.100194
0.100054
0.099897
0.099794
0.099686
0.099576
0.099470
0.099316
0.099266
0.099087
0.098949
0.098836
0.098765
0.098564
0.098526
0.098364
0.098300
0.098171
0.098086
0.097935
0.097900
0.097783
0.097685
0.097565
0.097455
0.097331
0.097288
0.097203
0.097136
0.097026
0.096939
0.096855
0.096856
0.096758
0.096641
0.096565
0.096522
0.096426
0.096374
0.096262
0.096162
0.096041
0.095942
0.095833
0.095773
0.095635
0.095487
0.095343
0.095204
0.095103
0.094972
0.094873
0.094709
0.094588
0.094409
0.094316
0.094159
0.093954
0.093841
0.093591
0.093487
0.093341
0.093220
0.093008
0.092881
0.092723
0.092580
0.092467
0.092349
0.092210
0.092065
0.091858
0.091734
0.091641
0.091522
0.091327
0.091235
0.091021
0.090839
0.090752
0.090552
0.090378
0.090153
0.089951
0.089796
0.089733
0.089538
0.089320
0.089213
0.089032
0.088883
0.088833
0.088668
0.088515
0.088381
0.088192
0.088040
0.087997
0.087722
0.087546
0.087401
0.087176
0.086920
0.086852
0.086652
0.086382
0.086213
0.085951
0.085954
0.085642
0.085441
0.085232
0.085129
0.084825
0.084819
0.084601
0.084482
0.084292
0.084151
0.083915
0.083961
0.083802
0.083688
0.083572
0.083454
0.083316
0.083349
0.083221
0.083157
0.083008
0.082835
0.082739
0.082808
0.082643
0.082489
0.082394
0.082296
0.082183
0.082198
0.082084
0.081964
0.081852
0.081778
0.081659
0.081654
0.081544
0.081414
0.081331
0.081247
0.081130
0.081093
0.080996
0.080919
0.080894
0.080849
0.080821
0.080785
0.080700
0.080702
0.080567
0.080578
0.080539
0.080512
0.080421
0.080464
0.080352
0.080322
0.080281
0.080277
0.080257
0.080235
0.080120
0.080122
0.080119
0.080077
0.080001
0.079970
0.079848
0.079753
0.079751
0.079656
0.079600
0.079512
0.079411
0.079354
0.079339
0.079273
0.079151
0.079178
0.079109
0.079044
0.079042
0.078978
0.078922
0.078889
0.078868
0.078806
0.078856
0.078699
0.078744
0.078771
0.078706
0.078634
0.078652
0.078594
0.078500
0.078524
0.078418
0.078532
0.078425
0.078407
0.078372
0.078464
0.078281
0.078346
0.078231
0.078228
0.078134
0.078119
0.077992
0.078041
0.077979
0.077917
0.077900
0.077865
0.077811
0.077846
0.077839
0.077822
0.077773
0.077749
0.077673
0.077774
0.077708
0.077680
0.077669
0.077687
0.077598
0.077631
0.077556
0.077482
0.077396
0.077354
0.077234
0.077217
0.077147
0.077027
0.076987
0.076942
0.076853
0.076840
0.076801
0.076734
0.076692
0.076640
0.076623
0.076480
0.076399
0.076381
0.076235
0.076245
0.076181
0.076103
0.076027
0.076046
0.075905
0.075863
0.075770
0.075695
0.075626
0.075572
0.075434
0.075402
0.075382
0.075300
0.075232
0.075250
0.075141
0.075093
0.075090
0.075034
0.074902
0.074835
0.074718
0.074758
0.074736
0.074674
0.074587
0.074614
0.074534
0.074530
0.074515
0.074459
0.074383
0.074329
0.074297
0.074286
0.074277
0.074165
0.074158
0.074187
0.074129
0.074067
0.074064
0.074016
0.073983
0.073918
0.073832
0.073921
0.073833
0.073817
0.073781
0.073865
0.073740
0.073788
0.073747
0.073792
0.073755
0.073754
0.073709
0.073805
0.073802
0.073801
0.073804
0.073811
0.073739
0.073752
0.073749
0.073725
0.073688
0.073684
0.073535
0.073580
0.073529
0.073461
0.073427
0.073400
0.073298
0.073273
0.073162
0.073099
0.073048
0.072973
0.072861
0.072784
0.072771
0.072673
0.072626
0.072617
0.072543
0.072514
0.072486
0.072454
0.072423
0.072417
0.072402
0.072346
0.072299
0.072288
0.072196
0.072235
0.072158
0.072134
0.072078
0.072097
0.071989
0.071999
0.071898
0.071905
0.071834
0.071866
0.071782
0.071773
0.071750
0.071733
0.071673
0.071693
0.071635
0.071600
0.071580
0.071613
0.071578
0.071591
0.071532
0.071611
0.071621
0.071589
0.071586
0.071648
0.071595
0.071621
0.071606
0.071570
0.071561
0.071537
0.071529
0.071512
0.071482
0.071412
0.071417
0.071402
0.071311
0.071273
0.071240
0.071208
0.071200
0.071167
0.071084
0.071125
0.071071
0.071058
0.071029
0.071113
0.071048
0.071082
0.071058
0.071109
0.071091
0.071145
0.071089
0.071166
0.071164
0.071169
0.071205
0.071232
0.071205
0.071218
0.071272
0.071265
0.071273
0.071327
0.071236
0.071299
0.071271
0.071292
0.071323
0.071357
0.071338
0.071382
0.071383
0.071402
0.071430
0.071445
0.071422
0.071426
0.071461
0.071444
0.071451
0.071518
0.071484
0.071472
0.071491
0.071511
0.071508
0.071556
0.071552
0.071517
0.071531
0.071551
0.071535
0.071605
0.071555
0.071577
0.071630
0.071730
0.071746
0.071840
0.071841
0.071921
0.071920
0.072046
0.072028
0.072115
0.072207
0.072262
0.072300
0.072455
0.072476
0.072551
0.072628
0.072697
0.072683
0.072794
0.072801
0.072997
0.073064
0.073175
0.073244
0.073397
0.073504
0.073629
0.073729
0.073835
0.073894
0.073990
0.074132
0.074216
0.074338
0.074440
0.074537
0.074732
0.074833
0.074984
0.075106
0.075261
0.075398
0.075419
0.075528
0.075698
0.075825
0.075941
0.076063
0.076232
0.076278
0.076437
0.076509
0.076692
0.076760
0.076884
0.076917
0.077104
0.077244
0.077405
0.077541
0.077676
0.077778
0.077916
0.078111
0.078228
0.078365
0.078556
0.078532
0.078738
0.078867
0.078997
0.079180
0.079346
0.079430
0.079595
0.079689
0.079765
0.079931
0.080003
0.080085
0.080167
0.080275
0.080379
0.080501
0.080663
0.080757
0.080835
0.080984
0.081151
0.081266
0.081433
0.081592
0.081642
0.081798
0.081940
0.082057
0.082288
0.082342
0.082479
0.082599
0.082765
0.082841
0.082963
0.083010
0.083150
0.083191
0.083378
0.083425
0.083553
0.083689
0.083767
0.083867
0.084041
0.084137
0.084244
0.084389
0.084519
0.084595
0.084731
0.084781
0.084998
0.085093
0.085196
0.085253
0.085417
0.085472
0.085588
0.085649
0.085727
0.085778
0.085838
0.085972
0.086073
0.086154
0.086207
0.086255
0.086348
0.086387
0.086439
0.086449
0.086534
0.086596
0.086586
0.086627
0.086688
0.086716
0.086752
0.086742
0.086798
0.086787
0.086825
0.086801
0.086907
0.086865
0.086875
0.086834
0.086880
0.086874
0.086829
0.086838
0.086838
0.086813
0.086784
0.086797
0.086763
0.086720
0.086752
0.086666
0.086711
0.086645
0.086650
0.086644
0.086668
0.086635
0.086698
0.086634
0.086652
0.086672
0.086600
0.086582
0.086540
0.086514
0.086476
0.086458
0.086475
0.086485
0.086448
0.086460
0.086485
0.086456
0.086495
