-0.422742
-0.430852
-0.434852
-0.436477
-0.441156
-0.443055
-0.442500
-0.450055
-0.450719
-0.454086
-0.457055
-0.456930
-0.459008
-0.458688
-0.466578
-0.470078
-0.473437
-0.470523
-0.480883
-0.480188
-0.487016
-0.490156
-0.489078
-0.494047
-0.495398
-0.498930
-0.503180
-0.504867
-0.511844
-0.519594
-0.519687
-0.523719
-0.522969
-0.525891
-0.536336
-0.538172
-0.535773
-0.543844
-0.550359
-0.549664
-0.556742
-0.561500
-0.566227
-0.568125
-0.574281
-0.580258
-0.587977
-0.595242
-0.594578
-0.596016
-0.602320
-0.609633
-0.616289
-0.620727
-0.623367
-0.631430
-0.637586
-0.643594
-0.651852
-0.652062
-0.656023
-0.663656
-0.672578
-0.677891
-0.685914
-0.691805
-0.697758
-0.708109
-0.716664
-0.721492
-0.736008
-0.736047
-0.750906
-0.751562
-0.765250
-0.770430
-0.779656
-0.787562
-0.797039
-0.807586
-0.818906
-0.817031
-0.827898
-0.833125
-0.830328
-0.837148
-0.836258
-0.846672
-0.852992
-0.853539
-0.861172
-0.864273
-0.868242
-0.870914
-0.876148
-0.888547
-0.888250
-0.891992
-0.902180
-0.899602
-0.907172
-0.912719
-0.920602
-0.927484
-0.929281
-0.933977
-0.940930
-0.949094
-0.956227
-0.959211
-0.965930
-0.959312
-0.974664
-0.979492
-0.986031
-0.995992
-0.998289
-1.012000
-1.018211
-1.029969
-1.030375
-1.030719
-1.048984
-1.052281
-1.058516
-1.056336
-1.073367
-1.083797
-1.097305
-1.105297
-1.106211
-1.113430
-1.125195
-1.131070
-1.158180
-1.157391
-1.163352
-1.190000
-1.196258
-1.195297
-1.206102
-1.242703
-1.247187
-1.260430
-1.287945
-1.299164
-1.309180
-1.294000
-1.296984
-1.323695
-1.395203
-1.387516
-1.409141
-1.418055
-1.438352
-1.446828
-1.489016
-1.510039
-1.513312
-1.539039
-1.555063
-1.555508
-1.579953
-1.575664
-1.598250
-1.597180
-1.625984
-1.627117
-1.641867
-1.653164
-1.664969
-1.670461
-1.682148
-1.689242
-1.700219
-1.706133
-1.711859
-1.717969
-1.737641
-1.737102
-1.744766
-1.762023
-1.779008
-1.795680
-1.809922
-1.824047
-1.832414
-1.849055
-1.858133
-1.868422
-1.881312
-1.889078
-1.897508
-1.904141
-1.912969
-1.922031
-1.930508
-1.934500
-1.941930
-1.945430
-1.950125
-1.955672
-1.959641
-1.965141
-1.967383
-1.971461
-1.975594
-1.977391
-1.980469
-1.982547
-1.984734
-1.987781
-1.988500
-1.990578
-1.990789
-1.992672
-1.993406
-1.994930
-1.995398
-1.996242
-1.996805
-1.997461
-1.998352
-1.998602
-1.999008
-1.999195
-1.999297
-1.999234
-1.999625
-1.999766
-1.999844
-1.999828
-1.999922
-1.999906
-1.999984
-1.999969
-1.999984
-2.000000
-2.000000
-1.999984
-2.000000
-2.000000
-2.000000
-2.000000
-2.000000
-2.000000
-2.000000
-2.000000
-2.000000
-2.000000
-2.000000
-2.000000
-2.000000
-2.000000
-2.000000
-2.000000
-2.000000
-2.000000
-2.000000
-2.000000
