0.000680
0.000861
-0.000033
0.000802
-0.000150
-0.000663
0.000430
0.000229
-0.000070
-0.001371
-0.000236
0.000082
0.000162
0.000395
0.000202
0.002089
0.000464
-0.000188
0.001235
0.000514
-0.001583
0.000106
-0.000745
0.001818
0.000298
-0.000964
0.000621
0.001557
0.002149
-0.000438
0.000299
-0.001881
0.001144
-0.001007
0.000089
0.002367
0.000236
-0.001120
0.000673
-0.001036
0.000732
0.001815
0.000928
0.001439
0.000421
-0.000291
-0.001006
0.000678
0.001971
-0.000919
-0.000153
0.000060
0.001434
-0.000080
-0.000562
0.001920
0.003779
-0.000896
-0.001980
0.000699
-0.002454
0.000566
-0.002568
-0.001382
0.001278
-0.000852
0.002341
-0.000047
-0.000536
-0.003782
0.003291
-0.003174
0.000992
0.002597
-0.000631
0.000160
-0.004584
0.000739
-0.003211
-0.002760
-0.002945
-0.010318
0.001971
-0.000944
-0.004045
-0.000642
-0.004647
-0.003615
0.001439
0.000054
-0.000656
-0.000035
-0.005293
0.003754
-0.003177
0.005110
0.003692
-0.005794
0.002720
-0.005275
0.004157
-0.004320
0.006082
0.002604
-0.008004
-0.007701
0.007244
0.007669
0.001912
-0.000986
0.001207
0.002651
-0.014124
0.000369
-0.003417
-0.003619
0.002483
-0.020395
-0.003139
0.009226
-0.016328
0.019065
0.005196
0.039327
0.008047
0.001063
0.005429
0.027253
0.012592
-0.008281
0.008358
0.023773
0.052448
-0.004257
0.005575
-0.006242
-0.006607
-0.013498
-0.017424
0.018282
-0.009310
-0.018163
-0.001986
0.009656
-0.057954
-0.137333
-0.078278
-0.012938
0.045116
0.176281
0.174610
0.117167
0.110733
0.141464
0.103620
0.071788
0.141397
0.175055
0.179703
0.166435
0.187179
0.189333
0.233210
0.283525
0.311314
0.290069
0.264847
0.246120
0.246836
0.275052
0.271435
0.270729
0.280608
0.259922
0.270673
0.275056
0.300778
0.314280
0.317451
0.346060
0.364260
0.358967
0.372934
0.389011
0.401014
0.405007
0.425135
0.443430
0.458467
0.471434
0.490582
0.520371
0.549283
0.565660
0.590281
0.615931
0.650349
0.676674
0.710075
0.731996
0.764188
0.797286
0.825375
0.848121
0.879715
0.905369
0.932984
0.958199
0.983648
0.998679
0.999262
0.999847
1.000311
1.000684
1.001108
1.001411
1.001733
1.001948
1.002194
1.002378
1.002562
1.002693
1.002807
1.002908
1.002986
1.003048
1.003100
1.003152
1.003185
1.003208
1.003231
1.003242
1.003256
1.003264
1.003271
1.003275
1.003275
1.003278
1.003278
1.003277
1.003278
1.003279
1.003279
1.003279
1.003279
1.003279
1.003279
1.003279
1.003279
1.003279
1.003279
1.003279
1.003279
1.003279
1.003279
1.003279
1.003279
1.003279
1.003279
1.003279
