0.003007
0.004214
0.003850
0.005198
0.001001
0.003734
0.002258
0.004167
0.005309
0.002743
0.001754
0.004889
0.004124
0.001310
0.003385
0.005834
0.003393
0.002097
0.001709
0.003951
0.001815
0.004936
0.004335
0.002344
0.006338
0.004093
0.002532
0.005465
0.006314
0.006530
0.005522
0.002214
0.007129
0.004512
0.003336
0.003212
0.006642
0.005818
0.007943
0.004182
0.003593
0.008810
0.006235
0.005232
0.005122
0.006205
0.005878
0.004849
0.008528
0.004207
0.007642
0.007471
0.011424
0.009590
0.005682
0.005378
0.005242
0.005067
0.010083
0.007959
0.007533
0.010337
0.007437
0.003587
0.009322
0.011143
0.014584
0.011600
0.016699
0.012754
0.014561
0.011500
0.014664
0.012356
0.015987
0.014803
0.018744
0.014902
0.014055
0.009410
0.019132
0.018064
0.016467
0.015330
0.028034
0.021073
0.023354
0.016945
0.029416
0.013624
0.036073
0.025290
0.032061
0.026570
0.031852
0.028752
0.033384
0.026525
0.033183
0.043570
0.038385
0.027325
0.038587
0.029813
0.029553
0.034406
0.040553
0.050922
0.053679
0.042749
0.039299
0.048030
0.044092
0.021836
0.042529
0.041327
0.041840
0.051931
0.043420
0.065633
0.094728
0.084527
0.074259
0.080147
0.062772
0.091672
0.077818
0.084075
0.075639
0.113072
0.119900
0.135773
0.136394
0.120139
0.134550
0.150675
0.130379
0.163060
0.142044
0.216595
0.261611
0.300628
0.304220
0.347716
0.409965
0.380642
0.408927
0.400217
0.433565
0.481384
0.546728
0.583659
0.654050
0.687470
0.711014
0.735854
0.761779
0.766253
0.787478
0.793041
0.797040
0.815650
0.828303
0.831392
0.844662
0.849270
0.858507
0.861224
0.870235
0.874533
0.880667
0.880622
0.887176
0.890345
0.898072
0.901920
0.903820
0.907519
0.912483
0.913772
0.918848
0.927445
0.932512
0.939396
0.944542
0.949516
0.955342
0.959365
0.963425
0.967632
0.970794
0.973648
0.976712
0.979282
0.981968
0.984254
0.986122
0.988173
0.989895
0.991554
0.992935
0.994510
0.995790
0.996951
0.997977
0.998753
0.999885
1.000746
1.001326
1.002093
1.002605
1.003022
1.003648
1.004067
1.004415
1.004666
1.005047
1.005229
1.005502
1.005687
1.005847
1.005997
1.006127
1.006230
1.006290
1.006334
1.006426
1.006453
1.006485
1.006517
1.006536
1.006540
1.006556
1.006563
1.006570
1.006572
1.006577
1.006578
1.006578
1.006579
1.006579
1.006579
1.006579
1.006579
1.006579
1.006579
1.006579
1.006579
1.006579
1.006579
1.006579
1.006579
1.006579
1.006579
1.006579
1.006579
1.006579
1.006579
1.006579
1.006579
