-0.000609
0.001187
0.006859
0.001945
0.001564
0.002006
0.003828
0.003223
0.003682
0.004723
0.002504
0.005064
0.002650
0.003943
0.002455
0.003186
0.001574
0.002605
0.004504
0.003723
0.004770
0.001359
0.002615
0.003723
0.002588
0.002131
0.006150
0.004895
0.004527
0.000367
0.002371
0.006490
0.006820
0.007754
0.002617
0.007170
0.007352
0.001641
0.006477
0.002844
0.008586
0.003217
0.002025
0.005807
0.005070
0.010916
0.008389
0.004842
0.007045
0.002801
0.006945
0.005582
0.008393
0.005979
0.008590
0.008934
0.005607
0.012668
0.011008
0.007496
0.001953
0.008293
0.012020
0.020117
0.011346
0.015592
0.012867
0.005201
0.009730
0.004666
0.008943
0.010889
0.013307
0.017838
0.011652
0.010588
0.016654
0.008037
0.012848
0.011941
0.022504
0.019230
0.037363
0.017832
0.006439
0.017420
0.017342
0.015695
0.018369
0.024939
0.019687
0.044166
0.022928
0.025264
0.036314
0.043061
0.021406
0.024443
0.027848
0.021115
0.041781
0.059693
0.040158
0.027104
0.047658
0.019299
0.043697
0.040600
0.035609
0.063211
0.041162
0.061822
0.060154
0.053836
0.038916
0.049098
0.053314
0.060525
0.062262
0.104762
0.045289
0.088672
0.098578
0.040609
0.079789
0.072330
0.070691
0.021287
0.148486
0.082850
0.058354
0.073713
0.189646
0.087484
0.237787
0.081711
0.096779
0.207262
0.259789
0.470291
0.217262
0.185615
0.491340
0.351832
0.429473
0.459355
0.587684
0.587021
0.670076
0.634227
0.625893
0.657879
0.697922
0.705590
0.466297
-0.693443
-0.464230
0.770619
0.769236
0.813613
0.802316
0.799543
0.801336
0.834285
0.831436
0.845867
0.853693
0.851650
0.863787
0.874715
0.876158
0.877170
0.883900
0.886195
0.892725
0.895439
0.901090
0.903059
0.908287
0.908695
0.913539
0.917570
0.926662
0.932500
0.938887
0.943961
0.949420
0.952986
0.958248
0.961238
0.964123
0.967309
0.970344
0.972381
0.975982
0.978135
0.980080
0.981693
0.983432
0.985119
0.986734
0.987809
0.989400
0.990500
0.991482
0.992449
0.993434
0.994221
0.994939
0.995637
0.996293
0.996611
0.997043
0.997504
0.997744
0.998160
0.998410
0.998635
0.998955
0.999084
0.999234
0.999510
0.999525
0.999643
0.999723
0.999793
0.999853
0.999889
0.999910
0.999922
0.999959
0.999955
0.999986
0.999992
0.999990
0.999994
0.999994
0.999998
0.999998
1.000000
1.000000
1.000000
1.000000
1.000000
1.000000
1.000000
1.000000
1.000000
1.000000
1.000000
1.000000
1.000000
1.000000
1.000000
1.000000
1.000000
1.000000
1.000000
1.000000
1.000000
