-0.429906
-0.429907
-0.434226
-0.434498
-0.434207
-0.433620
-0.442682
-0.446730
-0.444023
-0.445128
-0.455182
-0.455664
-0.458788
-0.456843
-0.463611
-0.462573
-0.469735
-0.472361
-0.473089
-0.479488
-0.483567
-0.488472
-0.488616
-0.492204
-0.495510
-0.502739
-0.496571
-0.512476
-0.509510
-0.507914
-0.515781
-0.520791
-0.525072
-0.531031
-0.527442
-0.539547
-0.539349
-0.542936
-0.543819
-0.552353
-0.560533
-0.560252
-0.563077
-0.565208
-0.576993
-0.573457
-0.580711
-0.584448
-0.589636
-0.602562
-0.599149
-0.609484
-0.617297
-0.616300
-0.623155
-0.630544
-0.633556
-0.642882
-0.649030
-0.652834
-0.660987
-0.664217
-0.668541
-0.682114
-0.683186
-0.687918
-0.698245
-0.705844
-0.713818
-0.722490
-0.726520
-0.736415
-0.741452
-0.754595
-0.759270
-0.767505
-0.781760
-0.788900
-0.791247
-0.803960
-0.810694
-0.818890
-0.822427
-0.834230
-0.840968
-0.841486
-0.844167
-0.850690
-0.854048
-0.852217
-0.862005
-0.857995
-0.868014
-0.876248
-0.874738
-0.886531
-0.887487
-0.897887
-0.905450
-0.907593
-0.915987
-0.910953
-0.927478
-0.925274
-0.927943
-0.940308
-0.946832
-0.953573
-0.947673
-0.966854
-0.965722
-0.979252
-0.978060
-0.987568
-0.992800
-0.998822
-1.010080
-1.015365
-1.016012
-1.027226
-1.035926
-1.047114
-1.063011
-1.068527
-1.070622
-1.083190
-1.092168
-1.110332
-1.120796
-1.132562
-1.127772
-1.139295
-1.143039
-1.183777
-1.185141
-1.192238
-1.201983
-1.228889
-1.235383
-1.240587
-1.273068
-1.275089
-1.293834
-1.300081
-1.328212
-1.350505
-1.346344
-1.372064
-1.380397
-1.396407
-1.395126
-1.434722
-1.424147
-1.453900
-1.464773
-1.483574
-1.490657
-1.515833
-1.548699
-1.527150
-1.560703
-1.572477
-1.589066
-1.599925
-1.618271
-1.608450
-1.627971
-1.640531
-1.649709
-1.661885
-1.671670
-1.685081
-1.681780
-1.700441
-1.704106
-1.713752
-1.720295
-1.721334
-1.724619
-1.735610
-1.738103
-1.753711
-1.766572
-1.788614
-1.801759
-1.819434
-1.830258
-1.842280
-1.850577
-1.864318
-1.872023
-1.881306
-1.892909
-1.900396
-1.906979
-1.916480
-1.924328
-1.929942
-1.934108
-1.939272
-1.946107
-1.948931
-1.954251
-1.959027
-1.963411
-1.966250
-1.968655
-1.973291
-1.976223
-1.978783
-1.980156
-1.981422
-1.983169
-1.984730
-1.985184
-1.987650
-1.989195
-1.990148
-1.990585
-1.991490
-1.992146
-1.992458
-1.993255
-1.993660
-1.993692
-1.994316
-1.994253
-1.994285
-1.994566
-1.994815
-1.994753
-1.994878
-1.994940
-1.994940
-1.994972
-1.994972
-1.994972
-1.994972
-1.994972
-1.994972
-1.994972
-1.994972
-1.994972
-1.994972
-1.994972
-1.994972
-1.994972
-1.994972
-1.994972
-1.994972
-1.994972
-1.994972
-1.994972
-1.994972
-1.994972
-1.994972
-1.994972
-1.994972
-1.994972
-1.994972
