-0.429752
-0.432079
-0.434975
-0.436682
-0.440210
-0.441760
-0.444661
-0.447778
-0.449587
-0.452337
-0.455678
-0.457722
-0.460654
-0.463863
-0.466122
-0.469722
-0.472469
-0.476002
-0.478530
-0.482634
-0.486100
-0.488379
-0.491774
-0.494832
-0.498515
-0.500748
-0.505067
-0.508904
-0.512688
-0.515027
-0.518894
-0.522631
-0.526475
-0.530305
-0.534766
-0.538293
-0.542979
-0.545972
-0.550060
-0.554688
-0.558738
-0.563621
-0.567631
-0.572967
-0.576993
-0.581038
-0.585942
-0.591355
-0.596193
-0.600607
-0.605898
-0.611098
-0.616087
-0.621435
-0.626789
-0.633302
-0.638909
-0.644569
-0.650217
-0.656450
-0.661768
-0.668434
-0.675105
-0.682225
-0.686982
-0.696355
-0.701630
-0.709680
-0.716978
-0.723943
-0.731572
-0.739844
-0.747351
-0.756413
-0.764732
-0.771785
-0.782409
-0.789964
-0.799676
-0.809683
-0.819069
-0.823503
-0.828131
-0.834741
-0.837547
-0.839971
-0.843622
-0.848220
-0.853604
-0.859855
-0.864063
-0.866775
-0.872509
-0.877086
-0.881070
-0.887774
-0.890391
-0.894311
-0.902323
-0.907807
-0.911770
-0.914639
-0.922691
-0.926886
-0.933914
-0.937059
-0.945405
-0.949014
-0.955155
-0.959829
-0.965837
-0.969771
-0.977574
-0.983149
-0.993843
-0.996828
-1.007714
-1.010239
-1.017938
-1.024408
-1.032518
-1.038562
-1.046812
-1.053493
-1.059598
-1.069440
-1.073193
-1.083913
-1.095193
-1.102218
-1.111208
-1.113830
-1.127037
-1.139194
-1.145263
-1.154654
-1.163971
-1.163918
-1.183540
-1.193890
-1.209926
-1.213722
-1.222226
-1.239086
-1.248529
-1.269736
-1.274115
-1.289206
-1.301175
-1.322637
-1.341872
-1.352166
-1.376868
-1.393941
-1.402692
-1.424477
-1.441720
-1.466802
-1.476279
-1.491137
-1.504330
-1.513915
-1.539638
-1.545956
-1.558678
-1.572496
-1.585390
-1.591118
-1.611536
-1.624839
-1.634344
-1.644199
-1.655102
-1.663619
-1.672251
-1.680498
-1.689940
-1.698431
-1.706162
-1.714167
-1.722997
-1.740704
-1.756916
-1.771722
-1.788987
-1.801064
-1.815367
-1.826814
-1.840299
-1.852416
-1.862504
-1.871576
-1.881020
-1.890693
-1.898655
-1.907825
-1.916078
-1.922396
-1.929652
-1.936064
-1.942604
-1.948315
-1.953938
-1.959095
-1.964100
-1.968431
-1.973259
-1.978310
-1.983329
-1.989120
-1.991294
-1.993444
-1.995174
-1.996574
-1.998169
-1.999327
-2.000559
-2.001369
-2.002321
-2.003030
-2.003752
-2.004262
-2.004698
-2.005098
-2.005398
-2.005639
-2.005853
-2.006056
-2.006182
-2.006274
-2.006366
-2.006414
-2.006468
-2.006497
-2.006525
-2.006542
-2.006543
-2.006553
-2.006552
-2.006551
-2.006557
-2.006557
-2.006557
-2.006557
-2.006557
-2.006557
-2.006557
-2.006557
-2.006557
-2.006557
-2.006557
-2.006557
-2.006557
-2.006557
-2.006557
-2.006557
-2.006557
-2.006557
-2.006557
-2.006557
