0.051588
0.053456
0.049479
0.053471
0.053802
0.050970
0.054876
0.055551
0.053067
0.053984
0.056097
0.054985
0.053298
0.057200
0.055404
0.053869
0.054703
0.056406
0.057637
0.057145
0.058996
0.056756
0.060221
0.056069
0.057950
0.059019
0.056219
0.059160
0.058467
0.062297
0.060203
0.059743
0.061318
0.061739
0.060947
0.065231
0.062166
0.063102
0.064713
0.064221
0.065259
0.068059
0.064981
0.063100
0.069363
0.070016
0.066587
0.064153
0.072701
0.066783
0.072328
0.065430
0.077011
0.072402
0.073442
0.072349
0.071837
0.076101
0.077930
0.080336
0.080568
0.076346
0.076162
0.078860
0.081094
0.080561
0.083285
0.085946
0.090648
0.084088
0.086034
0.089276
0.090951
0.091237
0.092339
0.099341
0.105571
0.104415
0.091720
0.099567
0.110941
0.103688
0.109174
0.108903
0.103824
0.106675
0.115476
0.121306
0.106293
0.127640
0.120092
0.118530
0.107761
0.123859
0.122838
0.122379
0.119741
0.119117
0.126332
0.138429
0.133608
0.144358
0.130898
0.152373
0.158497
0.150573
0.146037
0.134359
0.140110
0.159175
0.154940
0.170075
0.164697
0.162708
0.144497
0.149055
0.174929
0.172019
0.174205
0.174906
0.167576
0.178737
0.190944
0.198298
0.194152
0.217606
0.227483
0.234600
0.215969
0.229278
0.219032
0.204935
0.235010
0.290138
0.250497
0.244568
0.301900
0.292921
0.262589
0.324293
0.348933
0.350040
0.394491
0.396444
0.339500
0.393318
0.474588
0.526961
0.347474
0.409185
0.564138
0.455517
0.233117
0.588186
0.123737
0.110593
0.123110
0.087021
0.102275
0.131456
0.112971
0.075986
0.071302
0.071030
0.052443
0.053528
0.050527
0.045756
0.043367
0.042332
0.038438
0.034024
0.038990
0.041108
0.032183
0.032610
0.032722
0.028630
0.028033
0.026075
0.028336
0.023834
0.024460
0.021759
0.018504
0.017017
0.017150
0.016614
0.013898
0.013765
0.011892
0.011377
0.011262
0.009782
0.009227
0.008411
0.008507
0.007815
0.007633
0.006463
0.005886
0.005458
0.005278
0.004845
0.004913
0.004367
0.004394
0.003495
0.003443
0.003365
0.002972
0.002794
0.002796
0.002344
0.002131
0.002154
0.001853
0.001615
0.001467
0.001294
0.001226
0.001074
0.000938
0.000852
0.000837
0.000736
0.000550
0.000373
0.000409
0.000354
0.000300
0.000274
0.000273
0.000123
0.000000
0.000087
0.000123
0.000000
0.000000
0.000000
0.000087
0.000000
0.000000
0.000000
0.000000
0.000000
0.000000
0.000000
0.000000
0.000000
0.000000
0.000000
0.000000
0.000000
0.000000
0.000000
0.000000
0.000000
0.000000
0.000000
