0.045215
0.002832
0.002653
0.002639
0.003033
0.003119
0.002674
0.002882
0.002633
0.002801
0.003013
0.003253
0.003687
0.002691
0.002449
0.003480
0.003476
0.003221
0.003584
0.003249
0.003037
0.002923
0.003127
0.002808
0.003665
0.003770
0.003013
0.002672
0.003245
0.002688
0.002831
0.003105
0.002784
0.002730
0.003116
0.002857
0.003122
0.003013
0.003610
0.003297
0.002630
0.003909
0.003184
0.003311
0.003370
0.003604
0.003195
0.003988
0.003273
0.003847
0.002786
0.002885
0.002947
0.003001
0.002207
0.002714
0.003874
0.003278
0.004052
0.003484
0.003175
0.003390
0.002584
0.003319
0.002992
0.002417
0.002601
0.003648
0.003205
0.004008
0.003756
0.002899
0.002099
0.003457
0.004323
0.003499
0.003725
0.002913
0.005014
0.003437
0.004491
0.003935
0.003942
0.003190
0.002871
0.002346
0.003196
0.003278
0.002462
0.002813
0.004005
0.003075
0.002893
0.004514
0.003338
0.004066
0.002997
0.002641
0.004301
0.005179
0.004781
0.004459
0.003092
0.004336
0.002419
0.003455
0.003162
0.002495
0.004069
0.003460
0.004839
0.003727
0.004856
0.003068
0.005376
0.002907
0.003493
0.003147
0.003914
0.003261
0.004753
0.002184
0.004051
0.004133
0.005388
0.003080
0.003102
0.003938
0.003613
0.002361
0.003905
0.003736
0.004872
0.003937
0.003709
0.003394
0.005884
0.003882
0.003244
0.003436
0.003833
0.003513
0.004367
0.003756
0.005319
0.003887
0.002955
0.004102
0.004170
0.002728
0.004749
0.004303
0.003696
0.004614
0.006025
0.002553
0.005446
0.004705
0.004267
0.002371
0.004016
0.005325
0.003919
0.002880
0.004739
0.005019
0.004593
0.003419
0.004175
0.005460
0.003337
0.002790
0.002954
0.004450
0.003173
0.004718
0.003815
0.003901
0.006142
0.003061
0.002200
0.005854
0.003425
0.003785
0.004673
0.003648
0.002834
0.004334
0.002110
0.002598
0.003501
0.002135
0.003465
0.002347
0.002285
0.001750
0.002196
0.002319
0.001650
0.001730
0.001131
0.001361
0.001632
0.001406
0.000979
0.001258
0.001047
0.000912
0.000922
0.000868
0.000929
0.000786
0.000628
0.000722
0.000699
0.000412
0.000456
0.000460
0.000280
0.000642
0.000490
0.000274
0.000218
0.000340
0.000210
0.000212
0.000185
0.000216
0.000162
0.000118
0.000166
0.000098
0.000190
0.000143
0.000196
0.000104
0.000135
0.000092
0.000099
0.000060
0.000068
0.000080
0.000098
0.000178
0.000042
0.000053
0.000054
0.000076
0.000038
0.000063
0.000065
0.000068
0.000051
0.000023
0.000083
0.000090
0.000033
0.000044
0.000054
0.000055
