0.051898
0.054354
0.051972
0.054942
0.054372
0.053510
0.054964
0.054276
0.053893
0.055215
0.054887
0.055861
0.054103
0.055086
0.056220
0.055615
0.056282
0.059369
0.055230
0.056173
0.058343
0.055217
0.058535
0.058327
0.059912
0.059049
0.059546
0.061281
0.060273
0.059808
0.060183
0.057884
0.063049
0.062208
0.061769
0.061649
0.061365
0.061828
0.062986
0.065267
0.065386
0.064732
0.066037
0.065777
0.067494
0.069217
0.069646
0.069562
0.070130
0.069174
0.068916
0.071200
0.071354
0.070590
0.076097
0.073133
0.073393
0.074386
0.074031
0.077819
0.075635
0.078369
0.078201
0.079300
0.079592
0.080861
0.081648
0.082149
0.084153
0.086946
0.089404
0.091553
0.092107
0.091847
0.094067
0.098460
0.096782
0.099782
0.099252
0.106674
0.106447
0.105348
0.105615
0.110384
0.112321
0.120451
0.111258
0.112893
0.110783
0.110966
0.115406
0.120922
0.115445
0.125326
0.121562
0.117143
0.129191
0.130145
0.132752
0.137481
0.129990
0.131635
0.134050
0.127875
0.138408
0.141221
0.148894
0.151350
0.147156
0.146002
0.144745
0.152610
0.154185
0.167305
0.159552
0.168762
0.161041
0.173348
0.177184
0.186336
0.182899
0.191080
0.186598
0.207594
0.221705
0.232288
0.201215
0.197775
0.224317
0.213731
0.228415
0.252422
0.270771
0.247315
0.275956
0.299988
0.259825
0.231431
0.310552
0.295136
0.303303
0.273820
0.412829
0.279154
0.289858
0.385174
0.266427
0.244135
0.191327
0.194847
0.122355
0.456934
0.664145
0.107536
0.085627
0.088295
0.096580
0.132091
0.086490
0.082873
0.074712
0.071519
0.059656
0.053222
0.049545
0.048773
0.043971
0.042802
0.045963
0.046910
0.042133
0.036870
0.035255
0.034565
0.032957
0.030761
0.029718
0.028761
0.027213
0.027296
0.025537
0.023208
0.022273
0.020397
0.019097
0.017614
0.016043
0.015453
0.014224
0.012242
0.012094
0.011103
0.010634
0.010393
0.009372
0.008668
0.008055
0.007603
0.007078
0.006918
0.006384
0.005779
0.005573
0.005191
0.004811
0.004609
0.004192
0.003975
0.003700
0.003430
0.003056
0.002946
0.002691
0.002545
0.002322
0.002089
0.001892
0.001825
0.001675
0.001548
0.001395
0.001333
0.001219
0.001092
0.001033
0.000952
0.000905
0.000853
0.000839
0.000792
0.000763
0.000733
0.000740
0.000710
0.000712
0.000710
0.000704
0.000702
0.000700
0.000700
0.000700
0.000700
0.000700
0.000700
0.000700
0.000700
0.000700
0.000700
0.000700
0.000700
0.000700
0.000700
0.000700
0.000700
0.000700
0.000700
0.000700
0.000700
0.000700
0.000700
