0.003877
0.001791
0.001802
0.001783
0.001710
0.001752
0.001739
0.001794
0.001823
0.001866
0.001848
0.001854
0.001752
0.001723
0.001813
0.001888
0.001888
0.001849
0.001946
0.001837
0.001922
0.001968
0.001869
0.001889
0.001911
0.001992
0.001873
0.001891
0.001928
0.001944
0.001948
0.001946
0.001986
0.001938
0.001896
0.001933
0.002087
0.001972
0.001981
0.002027
0.002078
0.001963
0.001986
0.001991
0.002074
0.002002
0.002112
0.002169
0.002099
0.002067
0.002100
0.002116
0.002085
0.002126
0.002200
0.002194
0.002149
0.002122
0.002171
0.002216
0.002164
0.002301
0.002201
0.002384
0.002366
0.002320
0.002305
0.002344
0.002388
0.002266
0.002348
0.002395
0.002452
0.002453
0.002396
0.002379
0.002515
0.002509
0.002519
0.002680
0.002553
0.002597
0.002504
0.002604
0.002542
0.002617
0.002517
0.002587
0.002687
0.002662
0.002600
0.002685
0.002746
0.002553
0.002612
0.002714
0.002745
0.002628
0.002766
0.002767
0.002817
0.002707
0.002927
0.002806
0.002806
0.002809
0.002832
0.002824
0.002865
0.002894
0.002841
0.002873
0.002937
0.002851
0.002908
0.003156
0.002841
0.003179
0.002917
0.002997
0.003008
0.002984
0.002987
0.003132
0.003218
0.003091
0.003190
0.003079
0.003136
0.003284
0.003322
0.003414
0.003191
0.003340
0.003368
0.003397
0.003478
0.003489
0.003488
0.003548
0.003701
0.003592
0.003875
0.004115
0.003784
0.003839
0.003738
0.004048
0.004203
0.003994
0.005006
0.004959
0.004528
0.004940
0.004039
0.004451
0.004329
0.005264
0.005018
0.004632
0.004293
0.004543
0.004197
0.004286
0.004359
0.004016
0.004460
0.004036
0.004112
0.004036
0.004143
0.004135
0.004072
0.004021
0.004111
0.004047
0.004145
0.004121
0.004025
0.004082
0.003995
0.004127
0.004135
0.004083
0.004120
0.004135
0.004137
0.004145
0.004064
0.004149
0.004110
0.004102
0.004116
0.004097
0.004104
0.004113
0.004130
0.004121
0.004130
0.004125
0.004138
0.004133
0.004139
0.004148
0.004149
0.004145
0.004156
0.004158
0.004157
0.004163
0.004165
0.004165
0.004170
0.004168
0.004173
0.004172
0.004176
0.004176
0.004178
0.004178
0.004179
0.004181
0.004180
0.004182
0.004181
0.004182
0.004181
0.004183
0.004182
0.004183
0.004184
0.004183
0.004184
0.004184
0.004184
0.004184
0.004186
0.004186
0.004188
0.004179
0.004187
0.004176
0.004190
0.004180
0.004189
0.004178
0.004194
0.004185
0.004187
0.004187
0.004187
0.004177
0.004176
0.004175
0.004199
0.004196
0.004192
0.004189
0.004187
0.004185
