0.006415
0.006627
0.006924
0.006719
0.005841
0.006772
0.006941
0.006673
0.006801
0.007369
0.006698
0.006624
0.006524
0.006337
0.006740
0.006338
0.006585
0.007218
0.006920
0.006149
0.007083
0.006727
0.008580
0.007148
0.007429
0.008267
0.006600
0.006532
0.007662
0.008537
0.007268
0.008069
0.007427
0.008225
0.007930
0.007642
0.008138
0.008193
0.005633
0.007406
0.007979
0.008727
0.008278
0.008283
0.007423
0.009771
0.008357
0.006967
0.008069
0.008724
0.008075
0.009200
0.010915
0.008115
0.008670
0.008966
0.008878
0.008987
0.010768
0.008304
0.008526
0.011013
0.008495
0.008592
0.011112
0.010373
0.011063
0.009205
0.009040
0.010697
0.008031
0.012213
0.011375
0.010674
0.010678
0.011510
0.012030
0.012735
0.011102
0.011892
0.012083
0.011869
0.012676
0.011907
0.013045
0.014753
0.012978
0.013385
0.007858
0.008107
0.015436
0.013881
0.017746
0.016459
0.014362
0.014376
0.011027
0.019904
0.014052
0.011305
0.011913
0.016529
0.010014
0.011160
0.011932
0.008102
0.009033
0.013410
0.011972
0.014127
0.010843
0.016958
0.011311
0.011736
0.014954
0.020845
0.014110
0.014653
0.014884
0.010556
0.016383
0.017830
0.019805
0.008465
0.017030
0.011871
0.010936
0.017736
0.011691
0.015592
0.016768
0.010405
0.014229
0.015337
0.010954
0.023182
0.013577
0.011584
0.013390
0.039979
0.013823
0.009735
0.016944
0.020254
0.010793
0.013680
0.008503
0.022480
0.016866
0.026333
0.014263
0.024388
0.018291
0.009711
0.008500
0.010578
0.009684
0.009025
0.011829
0.006860
0.007025
0.007554
0.009064
0.007373
0.008223
0.006738
0.006942
0.006947
0.007086
0.007181
0.008569
0.007630
0.006985
0.007456
0.006652
0.006606
0.007127
0.007275
0.006653
0.006929
0.006668
0.006502
0.006834
0.006620
0.006835
0.006672
0.006587
0.006529
0.006590
0.006503
0.006531
0.006520
0.006487
0.006517
0.006528
0.006531
0.006507
0.006505
0.006529
0.006526
0.006534
0.006530
0.006548
0.006551
0.006538
0.006552
0.006556
0.006561
0.006561
0.006564
0.006562
0.006567
0.006568
0.006571
0.006569
0.006571
0.006576
0.006573
0.006576
0.006573
0.006577
0.006576
0.006578
0.006577
0.006579
0.006578
0.006579
0.006578
0.006578
0.006579
0.006579
0.006579
0.006579
0.006579
0.006579
0.006579
0.006579
0.006579
0.006579
0.006579
0.006579
0.006579
0.006579
0.006579
0.006579
0.006579
0.006579
0.006579
0.006579
0.006579
0.006579
0.006579
0.006579
0.006579
0.006579
0.006579
0.006579
0.006579
0.006579
0.006579
