-0.427089
-0.431020
-0.433782
-0.434375
-0.439136
-0.440625
-0.442344
-0.445620
-0.449029
-0.451243
-0.453947
-0.456552
-0.458544
-0.462204
-0.465213
-0.468684
-0.471006
-0.474855
-0.478430
-0.482160
-0.482926
-0.484964
-0.490819
-0.493443
-0.496021
-0.499034
-0.503740
-0.506890
-0.510659
-0.514087
-0.519356
-0.520938
-0.526062
-0.528101
-0.531697
-0.538211
-0.540120
-0.542840
-0.548576
-0.553766
-0.558275
-0.562719
-0.565170
-0.571340
-0.574033
-0.580928
-0.583266
-0.589268
-0.595535
-0.597465
-0.606468
-0.611315
-0.614435
-0.619006
-0.624452
-0.630594
-0.635306
-0.642398
-0.647200
-0.654519
-0.658199
-0.667107
-0.673521
-0.679471
-0.687883
-0.693805
-0.699255
-0.707241
-0.711288
-0.721820
-0.727357
-0.739381
-0.745771
-0.754405
-0.761318
-0.770955
-0.778264
-0.790113
-0.797900
-0.806095
-0.818578
-0.821907
-0.828430
-0.829431
-0.835799
-0.838706
-0.840374
-0.846864
-0.850666
-0.856140
-0.862460
-0.864558
-0.869611
-0.872606
-0.879796
-0.882762
-0.885218
-0.890361
-0.894985
-0.903422
-0.909220
-0.914003
-0.917145
-0.923054
-0.928819
-0.934751
-0.937718
-0.944045
-0.952745
-0.955849
-0.959757
-0.971105
-0.979429
-0.984155
-0.989067
-0.996821
-1.005729
-1.014090
-1.015021
-1.024259
-1.033800
-1.035084
-1.047491
-1.050524
-1.066995
-1.069746
-1.071958
-1.081638
-1.094281
-1.101334
-1.111875
-1.107693
-1.141959
-1.137059
-1.152038
-1.152085
-1.192095
-1.176205
-1.187036
-1.206919
-1.212342
-1.240299
-1.222320
-1.276879
-1.305759
-1.287014
-1.292458
-1.340075
-1.384209
-1.411538
-1.406950
-1.427431
-1.434868
-1.457174
-1.473392
-1.496747
-1.512140
-1.515921
-1.539907
-1.548602
-1.564521
-1.580771
-1.591612
-1.606299
-1.609036
-1.618158
-1.634774
-1.638124
-1.658222
-1.662343
-1.675157
-1.683035
-1.687424
-1.696366
-1.704283
-1.710988
-1.723332
-1.735377
-1.738321
-1.744869
-1.755909
-1.770458
-1.788185
-1.801943
-1.818074
-1.828021
-1.844124
-1.853839
-1.867126
-1.876061
-1.885195
-1.895211
-1.903517
-1.910557
-1.920704
-1.927217
-1.933223
-1.940208
-1.945379
-1.950687
-1.956152
-1.961833
-1.964881
-1.969752
-1.972259
-1.976336
-1.979687
-1.982533
-1.985208
-1.987677
-1.989928
-1.991979
-1.993407
-1.994549
-1.996477
-1.997414
-1.998958
-1.999553
-2.000506
-2.001474
-2.001933
-2.002662
-2.002920
-2.003321
-2.003702
-2.003825
-2.004099
-2.004349
-2.004465
-2.004513
-2.004613
-2.004685
-2.004729
-2.004715
-2.004745
-2.004762
-2.004780
-2.004780
-2.004782
-2.004784
-2.004784
-2.004784
-2.004784
-2.004784
-2.004784
-2.004784
-2.004784
-2.004784
-2.004784
-2.004784
-2.004784
-2.004784
-2.004784
-2.004784
-2.004784
-2.004784
-2.004784
-2.004784
-2.004784
-2.004784
