0.048464
0.049145
0.051427
0.052081
0.049662
0.049442
0.048674
0.052536
0.045752
0.047492
0.046488
0.047523
0.050855
0.050912
0.048155
0.049666
0.047899
0.048173
0.049557
0.047709
0.050827
0.052523
0.048568
0.051380
0.051371
0.051378
0.050375
0.050669
0.053115
0.051178
0.050252
0.051425
0.050805
0.049689
0.049329
0.052298
0.051702
0.050316
0.049737
0.051821
0.051747
0.050905
0.051622
0.052543
0.051743
0.052157
0.055480
0.053340
0.056619
0.051530
0.049260
0.055277
0.055062
0.054442
0.054662
0.054311
0.050896
0.054448
0.054373
0.055330
0.054791
0.052820
0.054168
0.053590
0.056227
0.056968
0.052227
0.056473
0.057578
0.058760
0.057648
0.055468
0.057705
0.055316
0.060697
0.057085
0.057381
0.059984
0.059022
0.056533
0.058442
0.061163
0.060904
0.059888
0.059505
0.058697
0.061463
0.058272
0.057910
0.058933
0.062028
0.060407
0.060645
0.060347
0.060611
0.060320
0.062198
0.059595
0.062668
0.060737
0.063894
0.063778
0.063414
0.062231
0.065210
0.062016
0.062607
0.065369
0.064645
0.062201
0.065549
0.071779
0.064267
0.067063
0.065019
0.063899
0.066710
0.063651
0.067832
0.065894
0.068553
0.068450
0.067471
0.070852
0.071918
0.071939
0.072043
0.069755
0.071007
0.070807
0.076073
0.073956
0.076736
0.073838
0.078415
0.077761
0.088187
0.074181
0.085516
0.078353
0.083696
0.090254
0.085236
0.082667
0.085966
0.091178
0.097997
0.097203
0.100114
0.093232
0.098163
0.099799
0.094427
0.094428
0.098294
0.082330
0.082108
0.078256
0.089844
0.083654
0.079067
0.087601
0.073755
0.097200
0.073459
0.071296
0.066000
0.068263
0.065027
0.062548
0.067535
0.062265
0.066577
0.061490
0.057821
0.060533
0.058146
0.057077
0.057126
0.056307
0.054469
0.051554
0.048356
0.047194
0.043204
0.038942
0.040389
0.037980
0.038437
0.034529
0.034328
0.032709
0.031002
0.030752
0.028432
0.026320
0.024416
0.023914
0.023360
0.021880
0.021142
0.020311
0.018709
0.017398
0.016546
0.015745
0.015093
0.014917
0.012938
0.011669
0.010750
0.010518
0.009916
0.008881
0.008522
0.007563
0.007223
0.006165
0.005599
0.005522
0.004672
0.004254
0.004394
0.003334
0.002986
0.002752
0.002473
0.001804
0.001567
0.001602
0.001289
0.001094
0.000696
0.000851
0.000000
0.000603
0.000493
0.000000
0.000000
0.000000
0.000000
0.000000
0.000349
0.000000
0.000000
0.000000
0.000000
0.000000
0.000000
0.000000
0.000000
0.000000
0.000000
0.000000
0.000000
0.000000
0.000000
0.000000
0.000000
0.000000
