5.000000
4.975000
4.950000
4.925000
4.900000
4.875000
4.850000
4.825000
4.800000
4.775000
4.750000
4.725000
4.700000
4.675000
4.650000
4.625000
4.600000
4.575000
4.550000
4.525000
4.500000
4.475000
4.450000
4.425000
4.400000
4.375000
4.350000
4.325000
4.300000
4.275000
4.250000
4.225000
4.200000
4.175000
4.150000
4.125000
4.100000
4.075000
4.050000
4.025000
4.000000
3.975000
3.950000
3.925000
3.900000
3.875000
3.850000
3.825000
3.800000
3.775000
3.750000
3.725000
3.700000
3.675000
3.650000
3.625000
3.600000
3.575000
3.550000
3.525000
3.500000
3.475000
3.450000
3.425000
3.400000
3.375000
3.350000
3.325000
3.300000
3.275000
3.250000
3.225000
3.200000
3.175000
3.150000
3.125000
3.100000
3.075000
3.050000
3.025000
3.000000
2.990000
2.980000
2.970000
2.960000
2.950000
2.940000
2.930000
2.920000
2.910000
2.900000
2.890000
2.880000
2.870000
2.860000
2.850000
2.840000
2.830000
2.820000
2.810000
2.800000
2.790000
2.780000
2.770000
2.760000
2.750000
2.740000
2.730000
2.720000
2.710000
2.700000
2.690000
2.680000
2.670000
2.660000
2.650000
2.640000
2.630000
2.620000
2.610000
2.600000
2.590000
2.580000
2.570000
2.560000
2.550000
2.540000
2.530000
2.520000
2.510000
2.500000
2.490000
2.480000
2.470000
2.460000
2.450000
2.440000
2.430000
2.420000
2.410000
2.400000
2.390000
2.380000
2.370000
2.360000
2.350000
2.340000
2.330000
2.320000
2.310000
2.300000
2.290000
2.280000
2.270000
2.260000
2.250000
2.240000
2.230000
2.220000
2.210000
2.200000
2.190000
2.180000
2.170000
2.160000
2.150000
2.140000
2.130000
2.120000
2.110000
2.100000
2.090000
2.080000
2.070000
2.060000
2.050000
2.040000
2.030000
2.020000
2.010000
2.000000
1.975000
1.950000
1.925000
1.900000
1.875000
1.850000
1.825000
1.800000
1.775000
1.750000
1.725000
1.700000
1.675000
1.650000
1.625000
1.600000
1.575000
1.550000
1.525000
1.500000
1.475000
1.450000
1.425000
1.400000
1.375000
1.350000
1.325000
1.300000
1.275000
1.250000
1.225000
1.200000
1.175000
1.150000
1.125000
1.100000
1.075000
1.050000
1.025000
1.000000
0.975000
0.950000
0.925000
0.900000
0.875000
0.850000
0.825000
0.800000
0.775000
0.750000
0.725000
0.700000
0.675000
0.650000
0.625000
0.600000
0.575000
0.550000
0.525000
0.500000
0.475000
0.450000
0.425000
0.400000
0.375000
0.350000
0.325000
0.300000
0.275000
0.250000
0.225000
0.200000
0.175000
0.150000
0.125000
0.100000
0.075000
0.050000
0.025000
