0.047523
0.048438
0.050233
0.050418
0.048193
0.049106
0.048469
0.049036
0.047216
0.050578
0.049181
0.049215
0.050463
0.049287
0.047791
0.050447
0.050448
0.050269
0.049528
0.048750
0.047961
0.050127
0.048383
0.049908
0.047386
0.050265
0.047993
0.049369
0.051509
0.052297
0.049989
0.050883
0.048411
0.047938
0.049218
0.048812
0.047779
0.047410
0.049108
0.050016
0.050734
0.051335
0.049432
0.050607
0.048919
0.052675
0.049748
0.048007
0.049343
0.053252
0.050273
0.051910
0.053141
0.049289
0.049849
0.049116
0.051821
0.052061
0.052929
0.053044
0.053223
0.052676
0.050802
0.051429
0.053385
0.053423
0.051845
0.052826
0.052675
0.051785
0.054133
0.053652
0.054003
0.053284
0.054087
0.054453
0.053147
0.052963
0.052091
0.053225
0.053591
0.053461
0.055329
0.057742
0.056448
0.057978
0.055576
0.054533
0.054983
0.055175
0.054559
0.057830
0.058201
0.057141
0.055067
0.058052
0.057738
0.056556
0.058709
0.057518
0.056827
0.055966
0.057821
0.058624
0.057013
0.058621
0.058165
0.059711
0.059242
0.059819
0.057414
0.058588
0.060855
0.061090
0.060363
0.061742
0.063668
0.058520
0.063269
0.060512
0.058945
0.060810
0.062402
0.062177
0.065382
0.060541
0.063570
0.066581
0.062996
0.064626
0.067995
0.065506
0.067894
0.062390
0.071457
0.063305
0.064273
0.065839
0.067720
0.069436
0.066515
0.076505
0.068826
0.068248
0.074061
0.068114
0.071912
0.071658
0.076262
0.078908
0.079327
0.075600
0.088316
0.092649
0.087457
0.084151
0.086343
0.092756
0.089707
0.089468
0.084339
0.093938
0.088012
0.094557
0.089412
0.074500
0.076097
0.075826
0.077728
0.075913
0.070819
0.065910
0.063806
0.068634
0.061499
0.062373
0.063323
0.062649
0.061856
0.056844
0.058444
0.054301
0.054730
0.049840
0.048314
0.047464
0.044144
0.041519
0.039450
0.038507
0.035956
0.033672
0.032970
0.031048
0.031545
0.028923
0.028244
0.025982
0.026293
0.024831
0.022335
0.022214
0.021138
0.020112
0.019206
0.018042
0.016719
0.016685
0.015377
0.014188
0.013183
0.012423
0.012430
0.011224
0.010668
0.009628
0.009010
0.008769
0.008325
0.007637
0.006905
0.006388
0.005524
0.005396
0.004759
0.004389
0.004086
0.003440
0.003243
0.002778
0.002307
0.002024
0.001830
0.001531
0.001255
0.001016
0.000712
0.000757
0.000583
0.000453
0.000370
0.000000
0.000185
0.000000
0.000000
0.000000
0.000000
0.000000
0.000000
0.000000
0.000000
0.000000
0.000000
0.000000
0.000000
0.000000
0.000000
0.000000
0.000000
0.000000
