-0.001816
-0.004414
0.003727
-0.001020
-0.000355
-0.001527
-0.000469
-0.002199
0.000469
0.001961
0.001477
0.000281
-0.000895
0.002664
-0.000918
0.000879
-0.001082
0.000348
0.001793
0.002211
0.003215
0.000676
-0.000691
-0.001793
-0.002051
0.000215
-0.003840
0.001141
-0.000402
0.002211
0.001195
-0.002113
0.002914
-0.006129
-0.003391
-0.002387
-0.000422
-0.001707
0.006250
0.000805
-0.001617
0.003660
-0.000645
0.000234
-0.004270
0.000402
-0.009258
-0.000551
-0.004344
0.004000
-0.001875
0.000879
0.000434
-0.003082
0.001160
0.001652
-0.002574
-0.005566
0.003426
-0.006023
0.000066
0.000836
0.002273
0.001996
0.001473
0.004844
0.001098
0.001527
0.000363
-0.005359
0.001996
0.000922
-0.000863
0.010621
-0.003598
0.013336
-0.006047
0.006281
0.004984
-0.008336
0.010508
0.008441
0.008816
0.003230
0.006965
-0.001168
-0.010480
0.007254
-0.007980
0.010074
0.022012
0.004469
-0.025656
0.009578
-0.004594
-0.000039
0.005055
-0.000551
0.029840
-0.013609
-0.000379
-0.015781
0.017055
0.027992
-0.015336
-0.005727
-0.015703
-0.003945
0.028168
0.012199
0.003961
-0.004492
-0.024102
-0.004293
0.006855
0.016051
0.003949
0.011613
0.015367
-0.027598
-0.021992
-0.026863
0.010684
-0.002406
-0.000777
0.021496
-0.013039
0.037348
-0.009445
-0.062211
-0.024082
-0.036070
-0.035973
0.128953
-0.156797
0.008902
-0.088070
-0.096488
0.131547
-0.023871
-0.080937
0.037570
0.052293
0.068062
-0.085141
-0.150816
-0.027004
-0.551641
0.569723
0.240234
-0.306863
0.178664
-0.623078
-0.658910
-0.061875
0.753504
0.750551
0.739820
0.482770
-0.779242
-0.796875
-0.763520
-0.813516
-0.765004
-0.829551
-0.840043
-0.847637
-0.846293
-0.858094
-0.862215
-0.871223
-0.871902
-0.872684
-0.886383
-0.886965
-0.894164
-0.900031
-0.900648
-0.904965
-0.906852
-0.910695
-0.916332
-0.926520
-0.932750
-0.939422
-0.944984
-0.948547
-0.953043
-0.957316
-0.960727
-0.963133
-0.966707
-0.970105
-0.973156
-0.974762
-0.977996
-0.979926
-0.981707
-0.983395
-0.984898
-0.986437
-0.987926
-0.989320
-0.990496
-0.991105
-0.992098
-0.993508
-0.993852
-0.994805
-0.995605
-0.995926
-0.996691
-0.997051
-0.997426
-0.997770
-0.998086
-0.998406
-0.998656
-0.998918
-0.999148
-0.999277
-0.999391
-0.999480
-0.999633
-0.999707
-0.999770
-0.999820
-0.999898
-0.999918
-0.999914
-0.999945
-0.999961
-0.999984
-0.999977
-1.000000
-0.999988
-0.999992
-1.000000
-1.000000
-1.000000
-1.000000
-1.000000
-0.999996
-1.000000
-1.000000
-1.000000
-1.000000
-1.000000
-1.000000
-1.000000
-1.000000
-1.000000
-1.000000
-1.000000
-1.000000
-1.000000
-1.000000
-1.000000
-1.000000
-1.000000
