-0.427505
-0.429028
-0.432347
-0.440227
-0.439358
-0.441992
-0.443134
-0.442873
-0.446507
-0.451170
-0.452931
-0.454951
-0.459817
-0.466008
-0.468903
-0.468792
-0.468477
-0.478024
-0.481906
-0.481693
-0.484899
-0.485476
-0.490299
-0.495146
-0.498629
-0.498589
-0.504119
-0.506416
-0.508038
-0.513333
-0.518130
-0.522916
-0.526775
-0.528518
-0.534068
-0.534562
-0.541465
-0.541714
-0.551921
-0.553889
-0.555257
-0.562695
-0.565817
-0.570098
-0.573002
-0.579174
-0.586837
-0.590311
-0.596335
-0.599329
-0.604430
-0.608946
-0.617078
-0.621227
-0.625885
-0.632088
-0.642334
-0.645095
-0.646723
-0.656051
-0.662217
-0.669063
-0.670847
-0.679101
-0.684957
-0.696628
-0.698871
-0.708589
-0.713372
-0.721124
-0.728452
-0.739917
-0.745226
-0.747930
-0.758483
-0.776594
-0.783641
-0.787243
-0.794194
-0.806805
-0.815486
-0.817362
-0.826952
-0.833877
-0.834565
-0.841564
-0.844408
-0.846103
-0.855618
-0.863678
-0.854908
-0.864234
-0.873099
-0.871473
-0.878985
-0.883997
-0.884004
-0.898706
-0.904308
-0.910302
-0.914836
-0.916393
-0.925504
-0.927492
-0.936510
-0.936589
-0.935692
-0.947859
-0.954218
-0.962687
-0.972712
-0.981310
-0.978341
-0.985986
-0.990903
-1.000177
-1.012875
-1.015745
-1.030625
-1.040576
-1.036826
-1.043564
-1.049221
-1.065030
-1.050154
-1.086458
-1.070095
-1.089824
-1.123430
-1.126664
-1.113871
-1.137678
-1.157729
-1.168008
-1.182450
-1.209981
-1.215878
-1.238524
-1.212165
-1.221535
-1.244518
-1.279339
-1.315896
-1.323807
-1.358780
-1.324537
-1.341844
-1.379578
-1.400158
-1.422701
-1.441380
-1.453542
-1.477909
-1.489697
-1.501566
-1.509518
-1.520266
-1.548056
-1.541748
-1.558736
-1.577774
-1.590015
-1.599175
-1.610864
-1.616848
-1.644367
-1.638764
-1.655791
-1.659281
-1.676620
-1.678204
-1.685340
-1.700862
-1.708817
-1.722432
-1.727250
-1.730279
-1.741041
-1.743260
-1.754776
-1.762112
-1.779489
-1.793095
-1.807938
-1.824828
-1.836729
-1.846134
-1.859985
-1.872998
-1.882198
-1.890596
-1.901055
-1.910205
-1.918874
-1.929840
-1.932582
-1.940485
-1.946526
-1.950071
-1.958802
-1.961478
-1.966480
-1.970666
-1.975556
-1.980145
-1.983055
-1.986104
-1.988600
-1.991167
-1.993433
-1.995665
-1.996644
-1.999106
-2.000986
-2.002045
-2.003357
-2.004160
-2.005068
-2.005740
-2.006844
-2.007244
-2.008133
-2.008583
-2.008863
-2.008980
-2.009589
-2.009680
-2.009844
-2.009988
-2.010118
-2.010144
-2.010118
-2.010288
-2.010222
-2.010248
-2.010327
-2.010327
-2.010300
-2.010327
-2.010327
-2.010327
-2.010327
-2.010327
-2.010327
-2.010327
-2.010327
-2.010327
-2.010327
-2.010327
-2.010327
-2.010327
-2.010327
-2.010327
-2.010327
-2.010327
-2.010327
-2.010327
-2.010327
-2.010327
-2.010327
