-0.426678
-0.429258
-0.433321
-0.435048
-0.438141
-0.441588
-0.444232
-0.445936
-0.450136
-0.449742
-0.453495
-0.457846
-0.458529
-0.464387
-0.464106
-0.468158
-0.472243
-0.474865
-0.478809
-0.480668
-0.484462
-0.487719
-0.491148
-0.493246
-0.497664
-0.500398
-0.502932
-0.507254
-0.511172
-0.512835
-0.517428
-0.520736
-0.527204
-0.528631
-0.532153
-0.536409
-0.539505
-0.543978
-0.550089
-0.554115
-0.556821
-0.561583
-0.567242
-0.568086
-0.574480
-0.580060
-0.584763
-0.589910
-0.594874
-0.598716
-0.602410
-0.607815
-0.614356
-0.621684
-0.626467
-0.630539
-0.634411
-0.643390
-0.648714
-0.655709
-0.660340
-0.667301
-0.673489
-0.680003
-0.689330
-0.694358
-0.697850
-0.707988
-0.714016
-0.721832
-0.728499
-0.737002
-0.742792
-0.753249
-0.760545
-0.770366
-0.777777
-0.787897
-0.800786
-0.807997
-0.817624
-0.825337
-0.823163
-0.833789
-0.833914
-0.838144
-0.840002
-0.847181
-0.849771
-0.854746
-0.861841
-0.863222
-0.869278
-0.871832
-0.876967
-0.886538
-0.889560
-0.892098
-0.897761
-0.903275
-0.906101
-0.915813
-0.920175
-0.923038
-0.929151
-0.935939
-0.941918
-0.941608
-0.954960
-0.956058
-0.963392
-0.969516
-0.977489
-0.984762
-0.992760
-0.998702
-1.000552
-1.011299
-1.013648
-1.025513
-1.039200
-1.033500
-1.051943
-1.051136
-1.061097
-1.072899
-1.082368
-1.087019
-1.087472
-1.103892
-1.107898
-1.127610
-1.138159
-1.139706
-1.144512
-1.151192
-1.157153
-1.183200
-1.207584
-1.195152
-1.211597
-1.237050
-1.265581
-1.294055
-1.306738
-1.302588
-1.308005
-1.316712
-1.336935
-1.363863
-1.367889
-1.410306
-1.447328
-1.454908
-1.469643
-1.481310
-1.518729
-1.534461
-1.545086
-1.554428
-1.569430
-1.569229
-1.587213
-1.596412
-1.610481
-1.628416
-1.635080
-1.640118
-1.652894
-1.658135
-1.672485
-1.689893
-1.691499
-1.697245
-1.706150
-1.717306
-1.723419
-1.730185
-1.735700
-1.738774
-1.752471
-1.770423
-1.786580
-1.802954
-1.817129
-1.826985
-1.842348
-1.852668
-1.863480
-1.875333
-1.885295
-1.896381
-1.904499
-1.912423
-1.918504
-1.926334
-1.933138
-1.938968
-1.946366
-1.950589
-1.956742
-1.960513
-1.965742
-1.969199
-1.973196
-1.976009
-1.980262
-1.982631
-1.984539
-1.988201
-1.990004
-1.991865
-1.993665
-1.995145
-1.996299
-1.997903
-1.998956
-1.999990
-2.000668
-2.001446
-2.002056
-2.002460
-2.002903
-2.003410
-2.003779
-2.004018
-2.004198
-2.004419
-2.004508
-2.004610
-2.004716
-2.004779
-2.004797
-2.004828
-2.004830
-2.004866
-2.004872
-2.004882
-2.004881
-2.004884
-2.004883
-2.004885
-2.004885
-2.004885
-2.004885
-2.004885
-2.004885
-2.004885
-2.004885
-2.004885
-2.004885
-2.004885
-2.004885
-2.004885
-2.004885
-2.004885
-2.004885
-2.004885
-2.004885
-2.004885
