0.000292
-0.000034
-0.000022
0.000192
0.000027
-0.000333
-0.000095
0.000312
-0.000209
0.000128
-0.000052
0.000346
0.000283
-0.000039
-0.000103
0.000228
-0.000033
-0.000103
0.000133
-0.000249
-0.000019
-0.000024
-0.000119
0.000290
0.000255
0.000027
0.000331
-0.000098
0.000018
0.000309
0.000131
0.000101
-0.000079
0.000097
-0.000072
-0.000014
0.000261
0.000147
0.000068
0.000398
0.000055
0.000333
-0.000248
0.000064
-0.000087
0.000049
0.000104
-0.000272
0.000035
-0.000598
-0.000101
-0.000109
0.000048
-0.000013
-0.000212
-0.000166
-0.000463
0.000499
0.000502
0.000643
0.000219
0.000889
0.000251
-0.000151
0.000273
-0.000566
-0.000110
0.000807
0.000134
-0.000040
0.000255
0.000330
0.000293
-0.000006
0.000891
0.001241
0.000593
-0.001173
0.000676
0.000030
0.000635
0.000518
-0.000643
-0.000686
0.000530
-0.000088
-0.000044
0.000101
0.000971
-0.001090
0.000126
0.001518
0.001285
0.001628
-0.000424
0.000644
0.000233
0.001044
0.000190
0.000129
0.000322
-0.000639
0.001205
0.001275
-0.001001
0.000974
0.002155
0.001079
-0.002974
-0.000114
-0.001274
0.000439
-0.000790
-0.001347
-0.000894
0.002033
-0.004497
0.007087
0.004099
-0.001098
0.001199
0.001457
0.001066
0.001513
-0.002593
0.001102
0.000936
0.000692
0.001440
-0.001908
-0.002577
0.001468
-0.004130
-0.003243
-0.006497
-0.010993
-0.003823
0.000170
0.003070
0.017422
-0.002110
0.000491
-0.000239
-0.004521
0.004199
0.011105
-0.003219
-0.006713
-0.032353
-0.019384
0.013105
0.013567
0.012982
0.008758
-0.001222
0.023528
0.034213
0.039953
0.034700
0.027356
0.041053
0.051790
0.059042
0.067626
0.069180
0.068106
0.065075
0.068019
0.075403
0.077942
0.078588
0.081596
0.081052
0.085241
0.079343
0.077262
0.080061
0.080036
0.079644
0.079648
0.077321
0.075728
0.080301
0.082953
0.079781
0.077974
0.079156
0.080762
0.082024
0.081709
0.081368
0.083233
0.086598
0.085900
0.082366
0.081710
0.082046
0.087453
0.087580
0.089593
0.088487
0.091021
0.092179
0.095755
0.097513
0.098114
0.099862
0.100767
0.101198
0.101961
0.104743
0.102410
0.101828
0.102428
0.101844
0.100904
0.096389
0.094210
0.093194
0.094027
0.094565
0.097205
0.099821
0.100659
0.100308
0.101083
0.098255
0.095868
0.095257
0.095174
0.092478
0.088413
0.088260
0.087684
0.085668
0.084352
0.083369
0.078874
0.078460
0.079888
0.082402
0.082635
0.081570
0.081262
0.080134
0.081337
0.080716
0.078701
0.078739
0.078629
0.078070
0.079773
0.079455
0.079875
0.079197
0.080797
0.078926
0.079144
0.079334
0.078388
