-0.426077
-0.430539
-0.431655
-0.435797
-0.437628
-0.439828
-0.445457
-0.447428
-0.447123
-0.450770
-0.451895
-0.456734
-0.458743
-0.462571
-0.463797
-0.472851
-0.469983
-0.475041
-0.478259
-0.483067
-0.485193
-0.486487
-0.490510
-0.492491
-0.498173
-0.500214
-0.503569
-0.507318
-0.510687
-0.513334
-0.518652
-0.522931
-0.526869
-0.528802
-0.534591
-0.536034
-0.541170
-0.542123
-0.547706
-0.554544
-0.557100
-0.562668
-0.566388
-0.571219
-0.574279
-0.579991
-0.583615
-0.592322
-0.593701
-0.601145
-0.604803
-0.611186
-0.611275
-0.619010
-0.625503
-0.631825
-0.635957
-0.643157
-0.647148
-0.653581
-0.662490
-0.667262
-0.672362
-0.681243
-0.686574
-0.693927
-0.697908
-0.708665
-0.714558
-0.721327
-0.730831
-0.739145
-0.748003
-0.753181
-0.762247
-0.773994
-0.780993
-0.787534
-0.796870
-0.811440
-0.813798
-0.822212
-0.822255
-0.831967
-0.835961
-0.839199
-0.844395
-0.847843
-0.853809
-0.853807
-0.862319
-0.865739
-0.871275
-0.875647
-0.878053
-0.884293
-0.888555
-0.893138
-0.899323
-0.903514
-0.906740
-0.914846
-0.921595
-0.923970
-0.931403
-0.935612
-0.943441
-0.950257
-0.955802
-0.958674
-0.962608
-0.968727
-0.976558
-0.988194
-0.989836
-0.995065
-1.002187
-1.011611
-1.012647
-1.025819
-1.030465
-1.034022
-1.042900
-1.050089
-1.063923
-1.079012
-1.075574
-1.083974
-1.094813
-1.102844
-1.111200
-1.124050
-1.136015
-1.147997
-1.154699
-1.172348
-1.179086
-1.204342
-1.204126
-1.214582
-1.219097
-1.249780
-1.271242
-1.277886
-1.299671
-1.310355
-1.325058
-1.354410
-1.364880
-1.385127
-1.415020
-1.412994
-1.434306
-1.466759
-1.501301
-1.494195
-1.507949
-1.510622
-1.538687
-1.552597
-1.562773
-1.577213
-1.588297
-1.603826
-1.615586
-1.621172
-1.635012
-1.643295
-1.655815
-1.663555
-1.675596
-1.682355
-1.692697
-1.701100
-1.706808
-1.717329
-1.727643
-1.731199
-1.738844
-1.748942
-1.759466
-1.772794
-1.786510
-1.802683
-1.816201
-1.829746
-1.844709
-1.855629
-1.865511
-1.877500
-1.887102
-1.895211
-1.904897
-1.913245
-1.922233
-1.928759
-1.934853
-1.941559
-1.947352
-1.953351
-1.957665
-1.963519
-1.967160
-1.971205
-1.974487
-1.976990
-1.981742
-1.983995
-1.986689
-1.989181
-1.991266
-1.993404
-1.995470
-1.996926
-1.998428
-1.999367
-2.000683
-2.001455
-2.002505
-2.002774
-2.003709
-2.004155
-2.004549
-2.005023
-2.005302
-2.005608
-2.005794
-2.005854
-2.005950
-2.006095
-2.006182
-2.006275
-2.006254
-2.006347
-2.006341
-2.006347
-2.006363
-2.006368
-2.006374
-2.006374
-2.006374
-2.006374
-2.006374
-2.006374
-2.006374
-2.006374
-2.006374
-2.006374
-2.006374
-2.006374
-2.006374
-2.006374
-2.006374
-2.006374
-2.006374
-2.006374
-2.006374
-2.006374
-2.006374
-2.006374
