0.048352
0.048836
0.049806
0.045647
0.050365
0.049475
0.046216
0.048880
0.051611
0.047839
0.048355
0.051480
0.049049
0.047919
0.049436
0.051672
0.052515
0.050223
0.051312
0.051593
0.050273
0.050282
0.051236
0.048936
0.052053
0.049306
0.051878
0.051007
0.051264
0.049162
0.053123
0.051441
0.049271
0.051998
0.052253
0.053690
0.054159
0.050758
0.051251
0.050732
0.047693
0.054501
0.051345
0.054382
0.053923
0.052952
0.051800
0.050013
0.048427
0.051136
0.048554
0.053164
0.051659
0.051536
0.054931
0.054050
0.050415
0.053698
0.050022
0.054882
0.051912
0.051622
0.056304
0.056300
0.057323
0.056324
0.054054
0.055731
0.055134
0.057740
0.056031
0.057293
0.056069
0.054392
0.058506
0.059151
0.060824
0.058419
0.057756
0.060183
0.061079
0.061914
0.060626
0.059332
0.055588
0.064444
0.059689
0.058856
0.059511
0.058454
0.061844
0.062102
0.061326
0.062376
0.061578
0.062065
0.061317
0.064213
0.058732
0.062703
0.062906
0.063051
0.066848
0.062941
0.062871
0.064869
0.061843
0.064677
0.065566
0.060537
0.062379
0.066521
0.065891
0.063158
0.067607
0.065274
0.069787
0.066150
0.066453
0.066058
0.069609
0.065074
0.071256
0.067659
0.065554
0.070688
0.070886
0.076580
0.074633
0.074165
0.068338
0.071037
0.072829
0.074152
0.072818
0.077402
0.076277
0.082157
0.082044
0.088586
0.096005
0.081529
0.080259
0.098322
0.100670
0.084700
0.095837
0.095615
0.089374
0.098086
0.097238
0.099007
0.097668
0.084812
0.085829
0.091209
0.083623
0.078820
0.083937
0.076607
0.080798
0.077111
0.079083
0.070807
0.070272
0.072326
0.071904
0.067867
0.063052
0.064949
0.063077
0.062656
0.061291
0.058296
0.058344
0.057592
0.056722
0.053050
0.055207
0.055207
0.053476
0.048943
0.049810
0.048290
0.043807
0.041993
0.040355
0.038370
0.036967
0.035554
0.033056
0.030698
0.030394
0.028347
0.026932
0.027608
0.025008
0.024242
0.023200
0.022809
0.020779
0.019300
0.018502
0.018288
0.016543
0.016494
0.015154
0.013034
0.013027
0.012741
0.010937
0.010633
0.010010
0.009152
0.008494
0.007849
0.007049
0.006150
0.005630
0.005261
0.005139
0.004475
0.003828
0.003383
0.002924
0.002662
0.002277
0.001855
0.001620
0.001375
0.000980
0.000997
0.001150
0.000493
0.000493
0.000000
0.000000
0.000349
0.000000
0.000000
0.000000
0.000000
0.000000
0.000000
0.000000
0.000000
0.000000
0.000000
0.000000
0.000000
0.000000
0.000000
0.000000
0.000000
0.000000
0.000000
0.000000
0.000000
0.000000
0.000000
