-0.415885
-0.430472
-0.433386
-0.435619
-0.437917
-0.440799
-0.442592
-0.444389
-0.447015
-0.450881
-0.453637
-0.454862
-0.459360
-0.462569
-0.465377
-0.467557
-0.470210
-0.475362
-0.476651
-0.480077
-0.482958
-0.485136
-0.489980
-0.493632
-0.498024
-0.500771
-0.501745
-0.507441
-0.510112
-0.513187
-0.516369
-0.522076
-0.525318
-0.527454
-0.531773
-0.536228
-0.540428
-0.544861
-0.547595
-0.551980
-0.555258
-0.560899
-0.565242
-0.574273
-0.576759
-0.578242
-0.584706
-0.589135
-0.593940
-0.598508
-0.602026
-0.609229
-0.611952
-0.618294
-0.624574
-0.632040
-0.637081
-0.641589
-0.645568
-0.653970
-0.659891
-0.665615
-0.673193
-0.678354
-0.686305
-0.694135
-0.696876
-0.705315
-0.711186
-0.721301
-0.727103
-0.736983
-0.742484
-0.754012
-0.760626
-0.769487
-0.778029
-0.787869
-0.796037
-0.807091
-0.816168
-0.822748
-0.824603
-0.830058
-0.830929
-0.837310
-0.840637
-0.847078
-0.852314
-0.856719
-0.857780
-0.864729
-0.870400
-0.870789
-0.876841
-0.882975
-0.885902
-0.888048
-0.900337
-0.904904
-0.905165
-0.909283
-0.916103
-0.922271
-0.922839
-0.934592
-0.938231
-0.943836
-0.951264
-0.955599
-0.965131
-0.966386
-0.976282
-0.980225
-0.986202
-0.994717
-1.000137
-1.007392
-1.006942
-1.021137
-1.027009
-1.032816
-1.037974
-1.046932
-1.055928
-1.062401
-1.067392
-1.075270
-1.084568
-1.092206
-1.102008
-1.113301
-1.118134
-1.129683
-1.132226
-1.143075
-1.157930
-1.170124
-1.181320
-1.188575
-1.197647
-1.202415
-1.212215
-1.221706
-1.233890
-1.243783
-1.260246
-1.270941
-1.282734
-1.296813
-1.305347
-1.318107
-1.332977
-1.345417
-1.362282
-1.379029
-1.390863
-1.405733
-1.417523
-1.428102
-1.442200
-1.455703
-1.468659
-1.482741
-1.495206
-1.506872
-1.521320
-1.533443
-1.542591
-1.553666
-1.567373
-1.579062
-1.590892
-1.600236
-1.613604
-1.619991
-1.631083
-1.637795
-1.649999
-1.659394
-1.666691
-1.682607
-1.701737
-1.718415
-1.735051
-1.751608
-1.763631
-1.779728
-1.789515
-1.803237
-1.814378
-1.827306
-1.838472
-1.846707
-1.857207
-1.862978
-1.873337
-1.879942
-1.887547
-1.893271
-1.900231
-1.905344
-1.910415
-1.915878
-1.920659
-1.924936
-1.928528
-1.931924
-1.936159
-1.938732
-1.941769
-1.943810
-1.946268
-1.948373
-1.950996
-1.952661
-1.954515
-1.956029
-1.957662
-1.959138
-1.960531
-1.961646
-1.962835
-1.963661
-1.964170
-1.964822
-1.965615
-1.966260
-1.966760
-1.967143
-1.967727
-1.967927
-1.968441
-1.968898
-1.969227
-1.969730
-1.970083
-1.970404
-1.970664
-1.970920
-1.971161
-1.971437
-1.971754
-1.972086
-1.972506
-1.972659
-1.972888
-1.973073
-1.973291
-1.973463
-1.973675
-1.973904
-1.974125
-1.974262
-1.974504
-1.974842
-1.975012
-1.975162
-1.975286
-1.975413
