0.001984
0.003497
0.000182
0.002176
0.000405
0.003702
0.003161
0.006321
0.005266
0.004123
0.005347
0.004068
0.002119
0.000779
0.000915
0.000318
0.002142
0.002204
0.004734
-0.000166
0.004303
0.006229
0.003319
0.000136
0.005771
0.003677
0.008879
0.003240
0.003307
0.005938
0.002453
0.005214
0.004261
0.002713
0.008089
0.007533
0.006693
0.001581
0.003543
0.007397
0.005744
0.003088
0.007868
0.005285
0.008368
0.004315
0.009470
0.007248
0.006770
0.007693
0.007504
0.006710
0.008064
0.009383
0.007123
0.005694
0.003898
0.010968
0.005584
0.006079
0.005180
0.010846
-0.000745
0.012482
0.017615
0.003587
0.012755
0.012912
0.000773
0.005258
0.009148
0.013112
0.015492
0.006286
0.004056
0.003094
0.016401
0.024956
0.018399
0.009530
0.020238
0.011519
0.010129
0.024337
0.021774
0.028028
0.022766
0.017745
0.016068
0.026069
0.030861
0.012670
0.005978
0.023853
0.035708
0.023203
0.047986
0.040995
0.005030
0.013192
0.024372
0.046771
0.021805
0.013195
0.050110
0.029439
0.034866
0.043640
0.026473
0.038269
0.030812
0.041738
0.066679
0.029566
0.062332
0.064969
0.077302
0.056961
0.057159
0.039911
0.092629
0.050767
0.102675
0.087296
0.050002
0.148215
0.099586
0.040121
0.049372
0.055863
0.103015
0.201176
0.191237
0.175836
0.188906
0.100603
0.168516
0.188633
0.259840
0.199615
0.262850
0.324127
0.400698
0.481479
0.515643
0.489460
0.443412
0.362737
0.397536
0.475777
0.432810
0.525971
0.696424
0.679431
0.686524
0.721284
0.771214
0.786716
0.792909
0.792260
0.812994
0.805679
0.823897
0.826919
0.835804
0.851906
0.855366
0.855723
0.863091
0.864820
0.874210
0.885131
0.884254
0.887356
0.890905
0.897467
0.899292
0.902871
0.905518
0.904959
0.912948
0.920733
0.927760
0.934606
0.940212
0.943389
0.948749
0.952705
0.956635
0.960898
0.964441
0.967905
0.970688
0.973286
0.975053
0.977463
0.979617
0.981473
0.983683
0.984988
0.986715
0.987737
0.989378
0.990329
0.991472
0.992238
0.993439
0.994091
0.994611
0.995615
0.996097
0.996583
0.997072
0.997469
0.997777
0.998195
0.998480
0.998747
0.998923
0.999121
0.999276
0.999384
0.999498
0.999625
0.999721
0.999781
0.999827
0.999883
0.999905
0.999931
0.999958
0.999974
0.999978
0.999986
0.999986
0.999995
0.999997
0.999999
0.999999
1.000000
1.000000
1.000000
1.000000
1.000000
1.000000
1.000000
1.000000
1.000000
1.000000
1.000000
1.000000
1.000000
1.000000
1.000000
1.000000
1.000000
1.000000
1.000000
1.000000
1.000000
