0.004477
0.004914
0.002359
0.001992
0.004281
0.001367
-0.001602
0.003328
0.004430
0.004602
0.002438
0.004125
0.006453
0.005516
0.001195
0.004781
0.008430
-0.000859
0.002430
0.005430
0.001484
0.001570
0.008547
0.006063
0.003320
0.010961
0.001508
0.001891
0.005195
-0.001820
0.002531
0.003602
-0.003922
0.003578
0.004141
0.014891
0.007523
0.003180
0.009031
0.004281
0.001602
0.003062
0.001031
0.005328
0.005773
0.009922
-0.002617
0.014828
0.005500
0.007242
0.003938
0.012883
0.007812
0.004234
0.004172
0.003187
0.010477
0.010437
0.008898
0.010984
0.012781
0.005773
0.011234
0.013664
0.004430
-0.003234
0.008953
0.004633
0.009313
0.010742
0.019305
0.010953
0.016039
0.018109
0.015930
0.019648
0.014187
0.020602
0.008062
0.021336
0.018039
0.020508
0.030547
0.008523
0.047766
0.009891
0.023672
0.016984
0.013617
0.028641
0.031336
0.024945
0.028891
0.016695
0.032453
0.033992
0.033516
0.038031
0.021250
0.042516
0.051242
0.049125
0.048859
0.008633
0.049039
0.031906
0.038984
0.032078
0.034055
0.024008
0.052422
0.036758
0.034875
0.045742
0.051344
0.051102
0.006734
0.060109
0.030453
0.045727
0.037508
0.102273
0.097664
0.031750
0.068812
0.033195
0.095391
0.095758
0.162703
0.072016
0.193125
0.136570
0.052594
0.136562
0.113961
0.136320
0.157242
0.169180
0.232859
0.240547
0.181742
0.191234
-0.054398
0.305781
0.259086
0.238047
0.149312
0.343203
0.317703
0.397781
0.042336
0.470313
0.154633
0.380242
0.312680
0.485383
-0.078031
0.575367
0.619344
-0.470469
0.411586
0.815516
0.824305
0.827438
0.843023
-0.541391
0.090313
0.855062
0.856805
0.866977
0.873883
0.881055
0.876961
0.887336
0.888898
0.896547
0.898695
-0.327102
-0.903883
-0.909000
-0.910180
-0.916867
-0.922234
-0.932703
-0.937758
-0.943727
-0.947500
-0.952320
-0.955414
-0.960063
-0.962875
-0.965578
-0.969945
-0.972578
-0.974602
-0.977320
-0.979727
-0.981734
-0.983016
-0.984477
-0.986562
-0.987453
-0.988883
-0.990133
-0.991437
-0.992266
-0.992914
-0.994148
-0.995000
-0.995727
-0.996102
-0.996352
-0.996906
-0.997352
-0.997461
-0.998086
-0.998500
-0.998758
-0.998883
-0.999117
-0.999281
-0.999359
-0.999570
-0.999672
-0.999672
-0.999836
-0.999820
-0.999828
-0.999898
-0.999961
-0.999945
-0.999977
-0.999992
-0.999992
-1.000000
-1.000000
-1.000000
-1.000000
-1.000000
-1.000000
-1.000000
-1.000000
-1.000000
-1.000000
-1.000000
-1.000000
-1.000000
-1.000000
-1.000000
-1.000000
-1.000000
-1.000000
-1.000000
-1.000000
-1.000000
-1.000000
-1.000000
-1.000000
-1.000000
-1.000000
