0.026449
0.006662
0.006640
0.006078
0.006850
0.007094
0.006527
0.007210
0.006399
0.006807
0.007120
0.006964
0.006621
0.006672
0.007295
0.006372
0.006569
0.006356
0.007272
0.006854
0.007315
0.006977
0.007430
0.007492
0.006825
0.006758
0.007696
0.007248
0.006688
0.007319
0.007261
0.006661
0.007496
0.007227
0.007569
0.007552
0.007614
0.007017
0.007459
0.007731
0.007107
0.007374
0.007344
0.008354
0.008030
0.007696
0.007901
0.007136
0.007489
0.007751
0.008609
0.007863
0.007543
0.007620
0.007903
0.007395
0.007663
0.008084
0.008090
0.008358
0.008190
0.007110
0.008316
0.008055
0.008318
0.008772
0.007590
0.008380
0.008422
0.007923
0.008553
0.008264
0.008388
0.008373
0.009716
0.008655
0.008869
0.008351
0.008663
0.009141
0.010234
0.008965
0.009436
0.010322
0.009840
0.009013
0.010427
0.009209
0.009237
0.009485
0.010001
0.008694
0.009039
0.009371
0.009705
0.009052
0.010318
0.009521
0.009241
0.008960
0.008082
0.010330
0.010048
0.009323
0.009553
0.010980
0.009320
0.011379
0.009888
0.010057
0.009252
0.010857
0.009474
0.009723
0.010304
0.010552
0.010559
0.010402
0.011423
0.010091
0.010927
0.011032
0.011460
0.010960
0.010026
0.011328
0.012073
0.012265
0.011590
0.012004
0.011003
0.010904
0.010752
0.011779
0.011029
0.011605
0.010802
0.011647
0.011407
0.015604
0.011730
0.012475
0.011950
0.012938
0.012500
0.012779
0.013644
0.018891
0.012684
0.012084
0.013185
0.014090
0.014134
0.014151
0.013420
0.012917
0.013378
0.013444
0.014105
0.012204
0.012658
0.012512
0.014135
0.013306
0.013289
0.012606
0.013149
0.012478
0.012994
0.013494
0.014903
0.014340
0.012974
0.013681
0.013353
0.012547
0.013470
0.014186
0.012953
0.013509
0.012860
0.012982
0.013319
0.013074
0.013695
0.013173
0.013220
0.013148
0.013256
0.013101
0.013099
0.013213
0.012977
0.013060
0.013071
0.013124
0.013037
0.013002
0.013116
0.013082
0.013095
0.013072
0.013148
0.013146
0.013084
0.013144
0.013145
0.013160
0.013155
0.013170
0.013149
0.013166
0.013163
0.013178
0.013165
0.013174
0.013182
0.013167
0.013182
0.013167
0.013182
0.013176
0.013182
0.013180
0.013184
0.013183
0.013184
0.013181
0.013184
0.013187
0.013188
0.013186
0.013187
0.013186
0.013187
0.013187
0.013187
0.013187
0.013187
0.013187
0.013187
0.013187
0.013187
0.013187
0.013187
0.013187
0.013187
0.013187
0.013187
0.013187
0.013187
0.013187
0.013187
0.013187
0.013187
0.013187
0.013187
0.013187
0.013187
0.013187
