0.040971
0.044791
0.046521
0.044856
0.040429
0.047939
0.041526
0.042491
0.048826
0.043418
0.037573
0.040391
0.044506
0.040570
0.041151
0.049712
0.045741
0.037943
0.045818
0.040837
0.047441
0.046210
0.045122
0.046448
0.043576
0.042504
0.049565
0.042285
0.049400
0.041839
0.043171
0.043779
0.045329
0.041060
0.046318
0.043876
0.050952
0.048276
0.045815
0.045528
0.042709
0.048676
0.049986
0.044710
0.040413
0.047589
0.050995
0.046163
0.047988
0.042488
0.048188
0.041852
0.051268
0.047257
0.045735
0.051331
0.045674
0.052238
0.048792
0.049890
0.048172
0.044631
0.051831
0.046744
0.046218
0.045535
0.045290
0.041823
0.041924
0.050255
0.055852
0.044168
0.046046
0.047408
0.054566
0.048384
0.044271
0.041336
0.052740
0.044654
0.047737
0.047502
0.049863
0.042583
0.050535
0.038599
0.048320
0.047057
0.044952
0.047102
0.048671
0.051712
0.048657
0.044891
0.046183
0.051606
0.043997
0.051936
0.048194
0.053942
0.048348
0.052738
0.051518
0.046623
0.047630
0.053549
0.049581
0.049680
0.048419
0.053619
0.056607
0.056478
0.051103
0.056083
0.052390
0.052903
0.050522
0.049262
0.046327
0.054655
0.048655
0.059106
0.056852
0.050120
0.049748
0.050486
0.055958
0.051780
0.055597
0.062856
0.055390
0.054332
0.050197
0.053451
0.053812
0.051392
0.046495
0.057644
0.052173
0.057865
0.056456
0.053438
0.059416
0.062249
0.055443
0.056301
0.063417
0.068990
0.064622
0.061912
0.078801
0.088175
0.065663
0.062413
0.083352
0.056503
0.074441
0.060177
0.067833
0.084184
0.067827
0.068110
0.086160
0.087562
0.101700
0.081472
0.087932
0.075173
0.059423
0.089219
0.072175
0.107836
0.091879
0.102351
0.076702
0.086745
0.076151
0.073908
0.096727
0.080470
0.059015
0.062805
0.063714
0.054015
0.056525
0.050933
0.054107
0.043337
0.042962
0.046936
0.036592
0.035836
0.036655
0.027863
0.034641
0.031222
0.028321
0.024903
0.024562
0.025466
0.023115
0.022494
0.018102
0.016298
0.016453
0.018475
0.018005
0.014555
0.012805
0.010659
0.012446
0.012326
0.011032
0.008830
0.007570
0.007445
0.007607
0.006721
0.006893
0.005485
0.004909
0.003625
0.003772
0.003979
0.002869
0.003323
0.002214
0.002462
0.001985
0.001397
0.000953
0.000671
0.001184
0.000903
0.000795
0.000714
0.000433
0.000383
0.001122
0.000433
0.000000
0.000273
0.000273
0.000000
0.000000
0.000273
0.000000
0.000000
0.000000
0.000000
0.000000
0.000194
0.000000
0.000000
0.000000
0.000000
0.000000
0.000000
0.000000
0.000000
