-0.427889
-0.433716
-0.436225
-0.438692
-0.441205
-0.443707
-0.446425
-0.449292
-0.452015
-0.454723
-0.457377
-0.460197
-0.462874
-0.466066
-0.468819
-0.471577
-0.474628
-0.477759
-0.481002
-0.483987
-0.487284
-0.490693
-0.493489
-0.497082
-0.500364
-0.504055
-0.507081
-0.510706
-0.514222
-0.517870
-0.521193
-0.525091
-0.528639
-0.532683
-0.536176
-0.540847
-0.544359
-0.548447
-0.552737
-0.556821
-0.561158
-0.565507
-0.570131
-0.574435
-0.578760
-0.583526
-0.588463
-0.593171
-0.598441
-0.603145
-0.608097
-0.613308
-0.618814
-0.623718
-0.629560
-0.635195
-0.640996
-0.646453
-0.652691
-0.658794
-0.664236
-0.670876
-0.677479
-0.683761
-0.690659
-0.697384
-0.705136
-0.712564
-0.718898
-0.726412
-0.734494
-0.741926
-0.750286
-0.758718
-0.767392
-0.775613
-0.784897
-0.794573
-0.804100
-0.812658
-0.822531
-0.827742
-0.831420
-0.835092
-0.839773
-0.844402
-0.848256
-0.852929
-0.857213
-0.862068
-0.866231
-0.871348
-0.875756
-0.880372
-0.884927
-0.890158
-0.895407
-0.899466
-0.904450
-0.909365
-0.914493
-0.920164
-0.925501
-0.930543
-0.936290
-0.942929
-0.947035
-0.953603
-0.958857
-0.965465
-0.971179
-0.977225
-0.982831
-0.991026
-0.997775
-1.002891
-1.009076
-1.016128
-1.022442
-1.030168
-1.037706
-1.045257
-1.051860
-1.060367
-1.067103
-1.075215
-1.083319
-1.091868
-1.100057
-1.107932
-1.117027
-1.127744
-1.137022
-1.144575
-1.156918
-1.167862
-1.177411
-1.191674
-1.201199
-1.213763
-1.227405
-1.241952
-1.252714
-1.269871
-1.283867
-1.302884
-1.321756
-1.340103
-1.359327
-1.379899
-1.398838
-1.418988
-1.441352
-1.456036
-1.475027
-1.492796
-1.507115
-1.525588
-1.541675
-1.553038
-1.564758
-1.579864
-1.592650
-1.605111
-1.616104
-1.626995
-1.638535
-1.649176
-1.659556
-1.668882
-1.679012
-1.688311
-1.696893
-1.705102
-1.714279
-1.721944
-1.731073
-1.739267
-1.745947
-1.753603
-1.760876
-1.777602
-1.794909
-1.809556
-1.823818
-1.837592
-1.850128
-1.861950
-1.873326
-1.884051
-1.893962
-1.903745
-1.912332
-1.920546
-1.928091
-1.935453
-1.942286
-1.948373
-1.954595
-1.960097
-1.965336
-1.969818
-1.974032
-1.978322
-1.982110
-1.985514
-1.988690
-1.991593
-1.994219
-1.996743
-1.998935
-2.000784
-2.002548
-2.004182
-2.005597
-2.006859
-2.007957
-2.008960
-2.009791
-2.010527
-2.011165
-2.011684
-2.012165
-2.012554
-2.012859
-2.013109
-2.013320
-2.013484
-2.013633
-2.013730
-2.013806
-2.013864
-2.013907
-2.013941
-2.013963
-2.013976
-2.013986
-2.013992
-2.013994
-2.013996
-2.013998
-2.013997
-2.013999
-2.013999
-2.013999
-2.013999
-2.013999
-2.013999
-2.013999
-2.013999
-2.013999
-2.013999
-2.013999
-2.013999
-2.013999
-2.013999
-2.013999
-2.013999
-2.013999
-2.013999
