0.003444
0.005003
0.002906
0.002466
0.001492
0.002102
0.004213
0.003983
0.002053
0.002796
0.006201
0.004652
0.001090
0.002378
0.002893
0.004444
0.004757
0.004367
0.000993
0.002764
0.004444
0.006612
0.003817
0.002735
0.003362
0.005089
0.003704
0.003876
0.004300
0.003556
0.003036
0.010750
0.003172
0.003771
-0.000855
0.005937
0.003469
0.006475
0.005873
0.005876
0.006071
0.006807
0.002261
0.005858
0.002841
0.008950
0.003752
0.006486
0.006058
0.006178
0.005766
0.007074
0.004452
0.005152
0.003711
0.001593
0.006858
0.006988
0.003700
0.007187
0.011605
0.004302
0.013687
0.016825
0.008927
-0.000259
0.015301
0.005032
0.014451
0.010363
0.010778
0.014653
0.014808
0.015254
0.014777
0.016556
0.013810
0.015016
0.020924
0.016790
0.014777
0.016584
0.022460
0.022174
0.019992
0.018641
0.038154
0.026962
0.029161
0.037346
0.032813
0.018668
0.025348
0.014252
0.017037
0.029911
0.035106
0.025403
0.016324
0.021354
0.033360
0.048970
0.045305
0.042605
0.033970
0.035017
0.035545
0.030985
0.039822
0.048980
0.055373
0.030565
0.037996
0.078708
0.052126
0.050866
0.056468
0.050575
0.038201
0.104250
0.086055
0.015963
0.055445
0.078151
0.092101
0.106830
0.105232
0.125704
0.108489
0.154439
0.111580
0.126738
0.132513
0.191981
0.181531
0.188608
0.222347
0.324387
0.210989
0.244942
0.254485
0.366843
0.264149
0.388531
0.421098
0.359606
0.467965
0.538956
0.567458
0.597678
0.667129
0.468593
0.181483
0.721144
0.763017
0.748159
0.750672
0.741662
0.784667
0.793607
0.802094
0.812370
0.821872
0.835137
0.842114
0.844089
0.853603
0.858311
0.863463
0.867679
0.875066
0.879165
0.884719
0.888512
0.891038
0.897298
0.901895
0.903390
0.907105
0.911038
0.916474
0.922195
0.927513
0.933888
0.939411
0.944718
0.949885
0.954132
0.957565
0.962030
0.965257
0.967823
0.971009
0.973634
0.976520
0.978535
0.980530
0.982486
0.984147
0.985925
0.987270
0.988932
0.990017
0.991175
0.992112
0.992802
0.994105
0.994763
0.995497
0.996188
0.996754
0.997311
0.997854
0.998244
0.998630
0.998898
0.999244
0.999442
0.999706
0.999781
1.000015
1.000130
1.000235
1.000357
1.000427
1.000506
1.000554
1.000570
1.000594
1.000630
1.000652
1.000676
1.000670
1.000693
1.000692
1.000693
1.000697
1.000699
1.000700
1.000700
1.000700
1.000700
1.000700
1.000700
1.000700
1.000700
1.000700
1.000700
1.000700
1.000700
1.000700
1.000700
1.000700
1.000700
1.000700
1.000700
1.000700
1.000700
1.000700
1.000700
