1.000000
0.999983
0.999967
0.999950
0.999933
0.999917
0.999900
0.999883
0.999866
0.999850
0.999833
0.999816
0.999800
0.999783
0.999766
0.999750
0.999733
0.999716
0.999700
0.999683
0.999666
0.999650
0.999633
0.999616
0.999599
0.999583
0.999566
0.999549
0.999533
0.999516
0.999499
0.999483
0.999466
0.999449
0.999432
0.999416
0.999399
0.999382
0.999366
0.999349
0.999332
0.999316
0.999299
0.999282
0.999265
0.999249
0.999232
0.999215
0.999199
0.999182
0.999165
0.999149
0.999132
0.999115
0.999099
0.999082
0.999065
0.999049
0.999032
0.999015
0.998998
0.998982
0.998965
0.998948
0.998932
0.998915
0.998898
0.998882
0.998865
0.998848
0.998832
0.998815
0.998798
0.998781
0.998765
0.998748
0.998731
0.998715
0.998698
0.998681
0.998665
0.998648
0.998631
0.998614
0.998598
0.998581
0.998564
0.998548
0.998531
0.998514
0.998498
0.998481
0.998464
0.998448
0.998431
0.998414
0.998398
0.998381
0.998364
0.998347
0.998331
0.998315
0.998299
0.998282
0.998265
0.998249
0.998232
0.998215
0.998199
0.998182
0.998165
0.998149
0.998132
0.998115
0.998099
0.998082
0.998065
0.998048
0.998032
0.998015
0.997998
0.997982
0.997965
0.997948
0.997932
0.997915
0.997898
0.997882
0.997865
0.997848
0.997832
0.997815
0.997798
0.997782
0.997765
0.997748
0.997731
0.997715
0.997698
0.997681
0.997665
0.997648
0.997631
0.997615
0.997598
0.997581
0.997565
0.997548
0.997531
0.997515
0.997498
0.997481
0.997465
0.997448
0.997431
0.997415
0.997398
0.997381
0.997365
0.997348
0.997331
0.997314
0.997298
0.997281
0.997265
0.997248
0.997231
0.997214
0.997198
0.997181
0.997164
0.997148
0.997131
0.997114
0.997098
0.997081
0.997064
0.997048
0.997031
0.997014
0.996998
0.996981
0.996964
0.996948
0.996931
0.996914
0.996898
0.996881
0.996864
0.996848
0.996831
0.996814
0.996798
0.996781
0.996764
0.996747
0.996731
0.996714
0.996697
0.996681
0.996664
0.996650
0.996633
0.996617
0.996600
0.996583
0.996567
0.996550
0.996533
0.996517
0.996500
0.996483
0.996467
0.996450
0.996433
0.996417
0.996400
0.996383
0.996367
0.996350
0.996333
0.996317
0.996300
0.996283
0.996267
0.996250
0.996233
0.996217
0.996200
0.996183
0.996167
0.996150
0.996133
0.996117
0.996100
0.996083
0.996067
0.996050
0.996033
0.996017
0.996000
0.995983
0.995967
0.995950
0.995933
0.995917
0.995900
0.995883
0.995867
0.995850
0.995833
0.995817
0.995800
0.995783
0.995767
0.995750
0.995733
0.995717
0.995700
0.995683
0.995667
0.995650
0.995633
0.995617
0.995600
0.995583
0.995567
0.995550
0.995533
0.995517
0.995500
0.995483
0.995467
0.995450
0.995433
0.995417
0.995400
0.995383
0.995367
0.995350
0.995333
0.995317
0.995300
0.995283
0.995267
0.995250
0.995233
0.995217
0.995200
0.995183
0.995167
0.995150
0.995133
0.995117
0.995100
0.995083
0.995067
0.995050
0.995033
0.995017
0.995000
0.994987
0.994971
0.994954
0.994937
0.994921
0.994904
0.994887
0.994871
0.994854
0.994837
0.994821
0.994804
0.994787
0.994771
0.994754
0.994738
0.994721
0.994704
0.994687
0.994671
0.994654
0.994638
0.994621
0.994604
0.994588
0.994571
0.994554
0.994538
0.994521
0.994504
0.994488
0.994471
0.994454
0.994438
0.994421
0.994404
0.994388
0.994371
0.994354
0.994338
0.994321
0.994304
0.994288
0.994271
0.994254
0.994238
0.994221
0.994204
0.994188
0.994171
0.994155
0.994138
0.994121
0.994105
0.994088
0.994071
0.994055
0.994038
0.994021
0.994005
0.993988
0.993971
0.993955
0.993938
0.993921
0.993905
0.993888
0.993871
0.993855
0.993838
0.993822
0.993805
0.993788
0.993771
0.993755
0.993738
0.993722
0.993705
0.993688
0.993672
0.993655
0.993638
0.993622
0.993605
0.993588
0.993572
0.993555
0.993538
0.993522
0.993505
0.993488
0.993472
0.993455
0.993438
0.993422
0.993405
0.993389
0.993372
0.993355
0.993338
0.993327
0.993310
0.993294
0.993277
0.993261
0.993244
0.993227
0.993211
0.993194
0.993177
0.993161
0.993144
0.993127
0.993111
0.993094
0.993077
0.993061
0.993044
0.993028
0.993010
0.992993
0.992976
0.992959
0.992941
0.992924
0.992907
0.992890
0.992873
0.992855
0.992838
0.992821
0.992804
0.992787
0.992769
0.992752
0.992734
0.992717
0.992699
0.992681
0.992663
0.992646
0.992628
0.992610
0.992592
0.992574
0.992557
0.992539
0.992521
0.992503
0.992486
0.992468
0.992450
0.992432
0.992415
0.992397
0.992379
0.992361
0.992343
0.992326
0.992308
0.992290
0.992272
0.992255
0.992237
0.992219
0.992201
0.992184
0.992166
0.992148
0.992130
0.992112
0.992095
0.992077
0.992059
0.992041
0.992024
0.992006
0.991988
0.991970
0.991953
0.991935
0.991917
0.991899
0.991881
0.991864
0.991846
0.991828
0.991810
0.991793
0.991775
0.991757
0.991739
0.991722
0.991704
0.991686
0.991668
0.991650
0.991633
0.991615
0.991597
0.991586
0.991568
0.991550
0.991532
0.991515
0.991497
0.991479
0.991461
0.991444
0.991426
0.991408
0.991390
0.991373
0.991355
0.991337
0.991319
0.991302
0.991284
0.991266
0.991248
0.991230
0.991213
0.991195
0.991177
0.991159
0.991142
0.991124
0.991106
0.991088
0.991071
0.991053
0.991035
0.991017
0.991000
0.990982
0.990964
0.990946
0.990929
0.990911
0.990893
0.990875
0.990858
0.990840
0.990822
0.990804
0.990787
0.990769
0.990751
0.990733
0.990716
0.990698
0.990680
0.990662
0.990645
0.990627
0.990609
0.990591
0.990573
0.990556
0.990538
0.990520
0.990502
0.990485
0.990467
0.990449
0.990431
0.990414
0.990396
0.990378
0.990360
0.990343
0.990325
0.990307
0.990289
0.990272
0.990254
0.990236
0.990218
0.990201
0.990183
0.990165
0.990147
0.990130
0.990112
0.990094
0.990076
0.990058
0.990041
0.990023
0.990005
0.989987
0.989970
0.989952
0.989934
0.989916
0.989899
0.989881
0.989863
0.989845
0.989827
0.989818
0.989800
0.989782
0.989764
0.989747
0.989729
0.989711
0.989693
0.989676
0.989658
0.989640
0.989622
0.989605
0.989587
0.989569
0.989551
0.989534
0.989516
0.989498
0.989480
0.989463
0.989445
0.989427
0.989410
0.989392
0.989374
0.989356
0.989338
0.989321
0.989303
0.989285
0.989268
0.989250
0.989232
0.989214
0.989196
0.989179
0.989161
0.989143
0.989125
0.989108
0.989090
0.989072
0.989055
0.989037
0.989019
0.989001
0.988984
0.988966
0.988948
0.988930
0.988913
0.988895
0.988877
0.988859
0.988842
0.988824
0.988806
0.988788
0.988771
0.988753
0.988735
0.988717
0.988700
0.988682
0.988664
0.988646
0.988629
0.988611
0.988593
0.988575
0.988558
0.988540
0.988522
0.988504
0.988487
0.988469
0.988451
0.988433
0.988416
0.988398
0.988380
0.988362
0.988345
0.988327
0.988309
0.988292
0.988274
0.988256
0.988238
0.988221
0.988203
0.988185
0.988167
0.988150
0.988132
0.988114
0.988096
0.988079
0.988061
0.988052
0.988034
0.988016
0.987999
0.987981
0.987963
0.987946
0.987928
0.987910
0.987892
0.987875
0.987857
0.987839
0.987821
0.987804
0.987786
0.987768
0.987750
0.987733
0.987715
0.987697
0.987680
0.987662
0.987644
0.987626
0.987609
0.987591
0.987573
0.987555
0.987538
0.987520
0.987502
0.987485
0.987467
0.987449
0.987431
0.987414
0.987396
0.987378
0.987360
0.987343
0.987325
0.987307
0.987289
0.987272
0.987254
0.987236
0.987218
0.987201
0.987183
0.987165
0.987148
0.987130
0.987112
0.987097
0.987081
0.987066
0.987050
0.987035
0.987019
0.987004
0.986988
0.986973
0.986957
0.986942
0.986926
0.986911
0.986895
0.986880
0.986864
0.986849
0.986833
0.986818
0.986802
0.986787
0.986771
0.986756
0.986740
0.986725
0.986709
0.986694
0.986678
0.986663
0.986647
0.986632
0.986616
0.986601
0.986585
0.986570
0.986555
0.986539
0.986523
0.986508
0.986492
0.986477
0.986461
0.986446
0.986431
0.986415
0.986399
0.986394
0.986379
0.986363
0.986348
0.986332
0.986317
0.986301
0.986286
0.986270
0.986255
0.986239
0.986224
0.986208
0.986193
0.986177
0.986162
0.986146
0.986131
0.986116
0.986100
0.986085
0.986069
0.986054
0.986038
0.986023
0.986007
0.985992
0.985976
0.985961
0.985945
0.985930
0.985914
0.985899
0.985883
0.985868
0.985852
0.985837
0.985822
0.985806
0.985791
0.985775
0.985760
0.985744
0.985729
0.985713
0.985698
0.985682
0.985667
0.985651
0.985636
0.985620
0.985605
0.985589
0.985574
0.985558
0.985542
0.985526
0.985510
0.985494
0.985478
0.985462
0.985446
0.985429
0.985413
0.985397
0.985381
0.985365
0.985349
0.985333
0.985317
0.985301
0.985285
0.985269
0.985253
0.985237
0.985221
0.985205
0.985189
0.985173
0.985157
0.985141
0.985125
0.985109
0.985093
0.985077
0.985061
0.985044
0.985028
0.985012
0.984996
0.984980
0.984964
0.984948
0.984943
0.984938
0.984933
0.984928
0.984922
0.984917
0.984913
0.984908
0.984903
0.984898
0.984893
0.984888
0.984883
0.984877
0.984872
0.984867
0.984862
0.984857
0.984852
0.984847
0.984842
0.984837
0.984832
0.984827
0.984822
0.984817
0.984812
0.984807
0.984802
0.984797
0.984792
0.984787
0.984782
0.984777
0.984772
0.984767
0.984762
0.984757
0.984752
0.984747
0.984742
0.984737
0.984731
0.984726
0.984721
0.984716
0.984711
0.984706
0.984701
0.984696
0.984691
0.984686
0.984681
0.984676
0.984671
0.984666
0.984661
0.984656
0.984651
0.984646
0.984641
0.984636
0.984631
0.984626
0.984621
0.984616
0.984611
0.984606
0.984601
0.984595
0.984590
0.984585
0.984580
0.984575
0.984570
0.984565
0.984560
0.984555
0.984550
0.984545
0.984540
0.984535
0.984530
0.984525
0.984520
0.984515
0.984510
0.984505
0.984500
0.984495
0.984490
0.984485
0.984480
0.984475
0.984470
0.984465
0.984460
0.984455
0.984449
0.984444
0.984439
0.984434
0.984429
0.984424
0.984419
0.984414
0.984409
0.984404
0.984399
0.984394
0.984389
0.984384
0.984379
0.984374
0.984369
0.984364
0.984359
0.984354
0.984349
0.984344
0.984339
0.984334
0.984329
0.984324
0.984319
0.984314
0.984309
0.984304
0.984299
0.984294
0.984289
0.984284
0.984279
0.984273
0.984268
0.984263
0.984258
0.984253
0.984248
0.984243
0.984238
0.984233
0.984228
0.984223
0.984218
0.984213
0.984208
0.984203
0.984198
0.984193
0.984188
0.984183
0.984178
0.984173
0.984168
0.984163
0.984158
0.984153
0.984148
0.984143
0.984137
0.984132
0.984127
0.984122
0.984117
0.984112
0.984107
0.984102
0.984097
0.984092
0.984087
0.984082
0.984077
0.984072
0.984067
0.984062
0.984057
0.984052
0.984047
0.984042
0.984037
0.984032
0.984027
0.984022
0.984017
0.984012
0.984007
0.984002
0.983997
0.983991
0.983986
0.983981
0.983976
0.983971
0.983966
0.983961
0.983956
0.983951
0.983946
0.983941
0.983936
0.983931
0.983926
0.983921
0.983916
0.983911
0.983906
0.983901
0.983896
0.983891
0.983886
0.983881
0.983876
0.983871
0.983866
0.983861
0.983856
0.983851
0.983846
0.983841
0.983836
0.983831
0.983826
0.983820
0.983815
0.983810
0.983805
0.983800
0.983795
0.983790
0.983785
0.983780
0.983775
0.983770
0.983765
0.983760
0.983755
0.983750
0.983745
0.983740
0.983735
0.983730
0.983725
0.983720
0.983715
0.983710
0.983705
0.983700
0.983695
0.983690
0.983685
0.983680
0.983674
0.983669
0.983664
0.983659
0.983654
0.983649
0.983644
0.983639
0.983634
0.983629
0.983624
0.983619
0.983614
0.983609
0.983604
0.983599
0.983594
0.983589
0.983584
0.983579
0.983574
0.983569
0.983564
0.983559
0.983554
0.983549
0.983544
0.983539
0.983534
0.983528
0.983523
0.983518
0.983513
0.983508
0.983503
0.983498
0.983493
0.983488
0.983483
0.983478
0.983473
0.983468
0.983463
0.983458
0.983455
0.983452
0.983450
0.983447
0.983444
0.983441
0.983438
0.983436
0.983433
0.983430
0.983427
0.983425
0.983422
0.983419
0.983416
0.983413
0.983411
0.983408
0.983405
0.983402
0.983400
0.983397
0.983394
0.983391
0.983388
0.983386
0.983383
0.983380
0.983377
0.983374
0.983372
0.983369
0.983366
0.983363
0.983360
0.983358
0.983355
0.983352
0.983349
0.983346
0.983344
0.983341
0.983338
0.983335
0.983333
0.983330
0.983327
0.983324
0.983321
0.983319
0.983316
0.983313
0.983310
0.983307
0.983305
0.983302
0.983299
0.983296
0.983293
0.983291
0.983288
0.983285
0.983282
0.983279
0.983277
0.983274
0.983271
0.983268
0.983265
0.983263
0.983260
0.983257
0.983254
0.983252
0.983249
0.983246
0.983243
0.983240
0.983238
0.983235
0.983232
0.983229
0.983226
0.983224
0.983221
0.983218
0.983215
0.983212
0.983208
0.983205
0.983202
0.983198
0.983195
0.983192
0.983188
0.983185
0.983182
0.983178
0.983175
0.983172
0.983168
0.983165
0.983161
0.983158
0.983155
0.983151
0.983148
0.983145
0.983141
0.983138
0.983135
0.983131
0.983128
0.983125
0.983121
0.983118
0.983115
0.983111
0.983108
0.983105
0.983101
0.983098
0.983095
0.983091
0.983088
0.983084
0.983081
0.983078
0.983074
0.983071
0.983068
0.983064
0.983061
0.983058
0.983054
0.983051
0.983048
0.983044
0.983041
0.983037
0.983034
0.983031
0.983027
0.983024
0.983021
0.983017
0.983014
0.983011
0.983007
0.983004
0.983001
0.982997
0.982994
0.982991
0.982987
0.982984
0.982980
0.982977
0.982974
0.982970
0.982967
0.982964
0.982960
0.982957
0.982953
0.982950
0.982947
0.982943
0.982940
0.982937
0.982933
0.982930
0.982927
0.982923
0.982920
0.982917
0.982913
0.982910
0.982907
0.982903
0.982900
0.982896
0.982893
0.982890
0.982886
0.982883
0.982880
0.982876
0.982873
0.982870
0.982866
0.982863
0.982859
0.982856
0.982853
0.982849
0.982846
0.982843
0.982839
0.982836
0.982833
0.982829
0.982826
0.982823
0.982819
0.982816
0.982813
0.982809
0.982806
0.982802
0.982799
0.982796
0.982792
0.982789
0.982786
0.982782
0.982779
0.982776
0.982772
0.982769
0.982766
0.982762
0.982759
0.982756
0.982752
0.982749
0.982746
0.982742
0.982739
0.982735
0.982732
0.982729
0.982725
0.982722
0.982719
0.982715
0.982712
0.982709
0.982705
0.982702
0.982699
0.982695
0.982692
0.982688
0.982685
0.982682
0.982678
0.982675
0.982672
0.982668
0.982665
0.982662
0.982658
0.982655
0.982652
0.982648
0.982645
0.982641
0.982638
0.982635
0.982631
0.982628
0.982625
0.982621
0.982618
0.982615
0.982611
0.982608
0.982605
0.982601
0.982598
0.982594
0.982591
0.982588
0.982584
0.982581
0.982578
0.982574
0.982571
0.982568
0.982564
0.982561
0.982558
0.982554
0.982551
0.982547
0.982544
0.982541
0.982537
0.982534
0.982531
0.982527
0.982524
0.982521
0.982517
0.982514
0.982511
0.982507
0.982504
0.982500
0.982497
0.982494
0.982490
0.982487
0.982484
0.982480
0.982477
0.982474
0.982470
0.982467
0.982464
0.982460
0.982457
0.982454
0.982450
0.982447
0.982444
0.982440
0.982437
0.982433
0.982430
0.982427
0.982423
0.982420
0.982417
0.982413
0.982410
0.982407
0.982403
0.982400
0.982397
0.982393
0.982390
0.982386
0.982383
0.982380
0.982376
0.982373
0.982370
0.982366
0.982363
0.982360
0.982356
0.982353
0.982350
0.982346
0.982343
0.982340
0.982336
0.982333
0.982329
0.982326
0.982323
0.982319
0.982316
0.982313
0.982309
0.982306
0.982302
0.982299
0.982296
0.982292
0.982289
0.982286
0.982282
0.982279
0.982276
0.982272
0.982269
0.982266
0.982262
0.982259
0.982255
0.982252
0.982249
0.982245
0.982242
0.982239
0.982235
0.982232
0.982229
0.982225
0.982222
0.982219
0.982215
0.982212
0.982208
0.982205
0.982202
0.982198
0.982195
0.982192
0.982188
0.982185
0.982182
0.982178
0.982175
0.982172
0.982168
0.982165
0.982161
0.982158
0.982155
0.982151
0.982148
0.982145
0.982141
0.982138
0.982135
0.982131
0.982128
0.982125
0.982121
0.982118
0.982115
0.982111
0.982108
0.982104
0.982101
0.982100
0.982099
0.982098
0.982097
0.982096
0.982095
0.982093
0.982092
0.982091
0.982090
0.982089
0.982088
0.982087
0.982086
0.982085
0.982083
0.982082
0.982081
0.982080
0.982079
0.982078
0.982077
0.982076
0.982074
0.982073
0.982072
0.982071
0.982070
0.982069
0.982068
0.982067
0.982066
0.982064
0.982063
0.982062
0.982061
0.982060
0.982059
0.982058
0.982057
0.982055
0.982054
0.982053
0.982052
0.982051
0.982050
0.982049
0.982048
0.982047
0.982045
0.982044
0.982043
0.982042
0.982041
0.982040
0.982039
0.982038
0.982037
0.982035
0.982034
0.982033
0.982032
0.982031
0.982030
0.982029
0.982028
0.982027
0.982025
0.982024
0.982023
0.982022
0.982021
0.982020
0.982019
0.982018
0.982017
0.982015
0.982014
0.982013
0.982012
0.982011
0.982010
0.982009
0.982008
0.982007
0.982005
0.982004
0.982003
0.982001
0.981999
0.981998
0.981996
0.981994
0.981993
0.981991
0.981989
0.981988
0.981986
0.981984
0.981983
0.981981
0.981979
0.981978
0.981976
0.981974
0.981973
0.981971
0.981969
0.981968
0.981966
0.981964
0.981963
0.981961
0.981959
0.981957
0.981956
0.981954
0.981952
0.981951
0.981949
0.981947
0.981946
0.981944
0.981942
0.981941
0.981939
0.981937
0.981936
0.981934
0.981932
0.981931
0.981929
0.981927
0.981926
0.981924
0.981922
0.981921
0.981919
0.981917
0.981916
0.981914
0.981912
0.981910
0.981909
0.981907
0.981905
0.981904
0.981902
0.981900
0.981899
0.981897
0.981895
0.981894
0.981892
0.981890
0.981889
0.981887
0.981885
0.981884
0.981882
0.981880
0.981879
0.981877
0.981875
0.981873
0.981872
0.981870
0.981868
0.981867
0.981865
0.981863
0.981862
0.981860
0.981858
0.981857
0.981855
0.981853
0.981852
0.981850
0.981848
0.981847
0.981845
0.981843
0.981842
0.981840
0.981838
0.981837
0.981835
0.981833
0.981831
0.981830
0.981828
0.981827
0.981825
0.981823
0.981822
0.981820
0.981818
0.981817
0.981815
0.981813
0.981812
0.981810
0.981808
0.981807
0.981805
0.981803
0.981801
0.981800
0.981798
0.981796
0.981795
0.981793
0.981791
0.981790
0.981788
0.981786
0.981785
0.981783
0.981781
0.981780
0.981778
0.981776
0.981775
0.981773
0.981771
0.981770
0.981768
0.981766
0.981764
0.981763
0.981761
0.981759
0.981758
0.981756
0.981754
0.981753
0.981751
0.981749
0.981748
0.981746
0.981744
0.981743
0.981741
0.981739
0.981738
0.981736
0.981734
0.981733
0.981731
0.981729
0.981728
0.981726
0.981724
0.981722
0.981721
0.981719
0.981717
0.981716
0.981714
0.981712
0.981711
0.981709
0.981707
0.981706
0.981704
0.981702
0.981701
0.981699
0.981697
0.981696
0.981694
0.981692
0.981691
0.981689
0.981687
0.981686
0.981684
0.981682
0.981681
0.981679
0.981677
0.981675
0.981674
0.981672
0.981670
0.981669
0.981667
0.981665
0.981664
0.981662
0.981660
0.981659
0.981657
0.981655
0.981654
0.981652
0.981650
0.981649
0.981647
0.981645
0.981644
0.981642
0.981640
0.981639
0.981637
0.981635
0.981634
0.981632
0.981630
0.981629
0.981627
0.981625
0.981624
0.981622
0.981620
0.981619
0.981617
0.981615
0.981613
0.981612
0.981610
0.981608
0.981607
0.981605
0.981603
0.981602
0.981600
0.981598
0.981597
0.981595
0.981593
0.981592
0.981590
0.981588
0.981587
0.981585
0.981583
0.981582
0.981580
0.981578
0.981576
0.981575
0.981573
0.981571
0.981570
0.981568
0.981566
0.981565
0.981563
0.981561
0.981560
0.981558
0.981556
0.981555
0.981553
0.981551
0.981550
0.981548
0.981546
0.981545
0.981543
0.981541
0.981540
0.981538
0.981536
0.981534
0.981533
0.981531
0.981529
0.981528
0.981526
0.981524
0.981523
0.981521
0.981519
0.981518
0.981516
0.981514
0.981513
0.981511
0.981509
0.981508
0.981506
0.981504
0.981503
0.981501
0.981499
0.981498
0.981496
0.981494
0.981493
0.981491
0.981489
0.981488
0.981486
0.981484
0.981483
0.981481
0.981479
0.981477
0.981476
0.981474
0.981472
0.981471
0.981469
0.981467
0.981466
0.981464
0.981462
0.981461
0.981459
0.981457
0.981456
0.981454
0.981452
0.981451
0.981449
0.981447
0.981446
0.981444
0.981442
0.981441
0.981439
0.981437
0.981436
0.981434
0.981432
0.981431
0.981429
0.981427
0.981425
0.981424
0.981422
0.981420
0.981419
0.981417
0.981415
0.981414
0.981412
0.981410
0.981409
0.981407
0.981405
0.981404
0.981402
0.981400
0.981399
0.981397
0.981395
0.981394
0.981392
0.981390
0.981388
0.981387
0.981385
0.981383
0.981382
0.981380
0.981378
0.981377
0.981375
0.981373
0.981372
0.981370
0.981368
0.981367
0.981365
0.981363
0.981362
0.981360
0.981358
0.981357
0.981355
0.981353
0.981352
0.981350
0.981348
0.981346
0.981345
0.981343
0.981341
0.981340
0.981338
0.981336
0.981335
0.981333
0.981331
0.981330
0.981328
0.981326
0.981325
0.981323
0.981321
0.981320
0.981318
0.981316
0.981315
0.981313
0.981311
0.981310
0.981308
0.981306
0.981305
0.981303
0.981301
0.981300
0.981298
0.981296
0.981295
0.981293
0.981291
0.981290
0.981288
0.981286
0.981284
0.981283
0.981281
0.981279
0.981278
0.981276
0.981274
0.981272
0.981270
0.981268
0.981265
0.981263
0.981261
0.981259
0.981256
0.981254
0.981252
0.981250
0.981247
0.981245
0.981243
0.981241
0.981238
0.981236
0.981234
0.981232
0.981229
0.981227
0.981225
0.981223
0.981220
0.981218
0.981216
0.981214
0.981211
0.981209
0.981207
0.981205
0.981203
0.981200
0.981198
0.981196
0.981194
0.981191
0.981189
0.981187
0.981185
0.981182
0.981180
0.981178
0.981176
0.981173
0.981171
0.981169
0.981167
0.981164
0.981162
0.981160
0.981158
0.981155
0.981153
0.981151
0.981149
0.981146
0.981144
0.981142
0.981140
0.981137
0.981135
0.981133
0.981131
0.981128
0.981126
0.981124
0.981122
0.981119
0.981117
0.981115
0.981113
0.981111
0.981108
0.981106
0.981104
0.981102
0.981099
0.981097
0.981095
0.981093
0.981090
0.981088
0.981086
0.981084
0.981081
0.981079
0.981077
0.981075
0.981072
0.981070
0.981068
0.981066
0.981063
0.981061
0.981059
0.981057
0.981054
0.981052
0.981050
0.981048
0.981045
0.981043
0.981041
0.981039
0.981036
0.981034
0.981032
0.981030
0.981027
0.981025
0.981023
0.981021
0.981018
0.981016
0.981014
0.981012
0.981010
0.981007
0.981005
0.981003
0.981001
0.980998
0.980996
0.980994
0.980992
0.980989
0.980987
0.980985
0.980983
0.980980
0.980978
0.980976
0.980973
0.980971
0.980969
0.980967
0.980965
0.980962
0.980960
0.980958
0.980956
0.980953
0.980951
0.980949
0.980947
0.980944
0.980942
0.980940
0.980938
0.980935
0.980933
0.980931
0.980929
0.980926
0.980924
0.980922
0.980920
0.980917
0.980915
0.980913
0.980911
0.980908
0.980906
0.980904
0.980902
0.980899
0.980897
0.980895
0.980893
0.980891
0.980888
0.980886
0.980884
0.980882
0.980879
0.980877
0.980875
0.980873
0.980870
0.980868
0.980866
0.980864
0.980861
0.980859
0.980857
0.980855
0.980852
0.980850
0.980848
0.980846
0.980843
0.980841
0.980839
0.980837
0.980834
0.980832
0.980830
0.980828
0.980825
0.980823
0.980821
0.980819
0.980816
0.980814
0.980812
0.980810
0.980807
0.980805
0.980803
0.980801
0.980798
0.980796
0.980794
0.980792
0.980789
0.980787
0.980785
0.980783
0.980780
0.980778
0.980776
0.980774
0.980771
0.980769
0.980767
0.980765
0.980762
0.980760
0.980758
0.980756
0.980754
0.980751
0.980749
0.980747
0.980745
0.980742
0.980740
0.980738
0.980736
0.980733
0.980731
0.980729
0.980727
0.980724
0.980722
0.980720
0.980718
0.980715
0.980713
0.980711
0.980709
0.980706
0.980704
0.980702
0.980700
0.980697
0.980695
0.980693
0.980691
0.980688
0.980686
0.980684
0.980682
0.980679
0.980677
0.980675
0.980673
0.980670
0.980668
0.980666
0.980664
0.980661
0.980659
0.980657
0.980655
0.980653
0.980650
0.980648
0.980646
0.980644
0.980641
0.980639
0.980637
0.980635
0.980632
0.980630
0.980628
0.980626
0.980623
0.980621
0.980619
0.980617
0.980614
0.980612
0.980610
0.980608
0.980605
0.980603
0.980601
0.980599
0.980596
0.980594
0.980592
0.980590
0.980587
0.980585
0.980583
0.980581
0.980578
0.980576
0.980574
0.980572
0.980569
0.980567
0.980565
0.980563
0.980560
0.980558
0.980556
0.980554
0.980551
0.980549
0.980547
0.980545
0.980542
0.980540
0.980538
0.980536
0.980534
0.980531
0.980529
0.980527
0.980525
0.980522
0.980520
0.980518
0.980516
0.980513
0.980511
0.980509
0.980507
0.980504
0.980502
0.980500
0.980498
0.980495
0.980493
0.980491
0.980489
0.980486
0.980484
0.980482
0.980480
0.980477
0.980475
0.980473
0.980471
0.980468
0.980466
0.980464
0.980462
0.980459
0.980457
0.980455
0.980453
0.980450
0.980448
0.980446
0.980444
0.980441
0.980439
0.980437
0.980435
0.980433
0.980430
0.980428
0.980426
0.980424
0.980421
0.980419
0.980417
0.980415
0.980412
0.980410
0.980408
0.980406
0.980403
0.980401
0.980399
0.980397
0.980394
0.980392
0.980390
0.980388
0.980385
0.980383
0.980381
0.980379
0.980376
0.980374
0.980372
0.980370
0.980367
0.980365
0.980363
0.980361
0.980358
0.980356
0.980354
0.980352
0.980349
0.980347
0.980345
0.980343
0.980340
0.980338
0.980336
0.980334
0.980331
0.980329
0.980327
0.980325
0.980322
0.980320
0.980318
0.980316
0.980313
0.980311
0.980309
0.980307
0.980304
0.980302
0.980300
0.980298
0.980295
0.980293
0.980291
0.980289
0.980286
0.980284
0.980282
0.980280
0.980278
0.980275
0.980273
0.980271
0.980269
0.980266
0.980264
0.980262
0.980260
0.980257
0.980255
0.980253
0.980251
0.980248
0.980246
0.980244
0.980242
0.980239
0.980237
0.980235
0.980233
0.980230
0.980228
0.980226
0.980224
0.980221
0.980219
0.980217
0.980215
0.980212
0.980210
0.980208
0.980206
0.980203
0.980201
0.980199
0.980197
0.980194
0.980192
0.980190
0.980188
0.980185
0.980183
0.980181
0.980179
0.980176
0.980174
0.980172
0.980170
0.980167
0.980165
0.980163
0.980161
0.980159
0.980156
0.980154
0.980152
0.980150
0.980147
0.980145
0.980143
0.980141
0.980138
0.980136
0.980134
0.980132
0.980129
0.980127
0.980125
0.980123
0.980120
0.980118
0.980116
0.980114
0.980111
0.980109
0.980107
0.980105
0.980102
0.980100
0.980098
0.980096
0.980093
0.980091
0.980089
0.980087
0.980084
0.980082
0.980080
0.980078
0.980075
0.980073
0.980071
0.980069
0.980066
0.980064
0.980062
0.980060
0.980057
0.980055
0.980053
0.980051
0.980048
0.980046
0.980044
0.980042
0.980039
0.980037
0.980035
0.980033
0.980031
0.980028
0.980026
0.980024
0.980022
0.980019
0.980017
0.980015
0.980013
0.980010
0.980008
0.980006
0.980004
0.980001
0.979999
0.979997
0.979995
0.979992
0.979990
0.979988
0.979986
0.979983
0.979981
0.979979
0.979977
0.979974
0.979972
0.979970
0.979968
0.979965
0.979963
0.979961
0.979959
0.979956
0.979954
0.979952
0.979950
0.979947
0.979945
0.979943
0.979941
0.979938
0.979936
0.979934
0.979932
0.979929
0.979927
0.979925
0.979923
0.979920
0.979918
0.979916
0.979914
0.979912
0.979909
0.979907
0.979905
0.979903
0.979900
0.979898
0.979896
0.979894
0.979891
0.979889
0.979887
0.979885
0.979882
0.979880
0.979878
0.979876
0.979873
0.979871
0.979869
0.979867
0.979864
0.979862
0.979860
0.979858
0.979855
0.979853
0.979851
0.979849
0.979846
0.979844
0.979842
0.979840
0.979837
0.979835
0.979833
0.979831
0.979828
0.979826
0.979824
0.979822
0.979819
0.979817
0.979815
0.979813
0.979810
0.979808
0.979806
0.979804
0.979801
0.979799
0.979797
0.979795
0.979792
0.979790
0.979788
0.979786
0.979783
0.979781
0.979779
0.979777
0.979774
0.979772
0.979770
0.979768
0.979765
0.979763
0.979761
0.979759
0.979756
0.979754
0.979752
0.979750
0.979747
0.979745
0.979743
0.979741
0.979738
0.979736
0.979734
0.979732
0.979730
0.979727
0.979725
0.979723
0.979721
0.979718
0.979716
0.979714
0.979712
0.979709
0.979707
0.979705
0.979703
0.979700
0.979698
0.979696
0.979694
0.979691
0.979689
0.979687
0.979685
0.979682
0.979680
0.979678
0.979676
0.979673
0.979671
0.979669
0.979667
0.979664
0.979662
0.979660
0.979658
0.979655
0.979653
0.979651
0.979649
0.979646
0.979644
0.979642
0.979640
0.979637
0.979635
0.979633
0.979631
0.979628
0.979626
0.979624
0.979622
0.979619
0.979617
0.979615
0.979613
0.979610
0.979608
0.979606
0.979604
0.979601
0.979599
0.979597
0.979595
0.979593
0.979590
0.979588
0.979586
0.979584
0.979581
0.979581
0.979581
0.979581
0.979581
0.979581
0.979581
0.979581
0.979581
0.979581
0.979581
0.979581
0.979581
0.979581
0.979581
0.979581
0.979581
0.979581
0.979581
0.979581
0.979581
0.979581
0.979581
0.979581
0.979581
0.979581
0.979581
0.979581
0.979581
0.979581
0.979581
0.979581
0.979581
0.979581
0.979581
0.979581
0.979581
0.979581
0.979581
0.979581
0.979581
0.979581
0.979581
0.979581
0.979581
0.979581
0.979581
0.979581
0.979581
0.979581
0.979581
0.979581
0.979581
0.979581
0.979581
0.979581
0.979581
0.979581
0.979581
0.979581
0.979581
0.979581
0.979581
0.979581
0.979581
0.979581
0.979581
0.979581
0.979581
0.979581
0.979581
0.979581
0.979581
0.979581
0.979581
0.979581
0.979581
0.979581
0.979581
0.979581
0.979581
0.979581
0.979581
0.979581
0.979581
0.979581
0.979581
0.979581
0.979581
0.979581
0.979581
0.979581
0.979581
0.979581
0.979581
0.979581
0.979581
0.979581
0.979581
0.979581
0.979581
0.979581
0.979581
0.979581
0.979581
0.979581
0.979581
0.979581
0.979581
0.979581
0.979581
0.979581
0.979581
0.979581
0.979581
0.979581
0.979581
0.979581
0.979581
0.979581
0.979581
0.979581
0.979581
0.979581
0.979581
0.979581
0.979581
0.979581
0.979581
0.979581
0.979581
0.979581
0.979581
0.979581
0.979581
0.979581
0.979581
0.979581
0.979581
0.979581
0.979581
0.979581
0.979581
0.979581
0.979581
0.979581
0.979581
0.979581
0.979581
0.979581
0.979581
0.979581
0.979581
0.979581
0.979581
0.979581
0.979581
0.979581
0.979581
0.979581
0.979581
0.979581
0.979581
0.979581
0.979581
0.979581
0.979581
0.979581
0.979581
0.979581
0.979581
0.979581
0.979581
0.979581
0.979581
0.979581
0.979581
0.979581
0.979581
0.979581
0.979581
0.979581
0.979581
0.979581
0.979581
0.979581
0.979581
0.979581
0.979581
0.979581
0.979581
0.979581
0.979581
0.979581
0.979581
0.979581
0.979581
0.979581
0.979581
0.979581
0.979581
0.979581
0.979581
0.979581
0.979581
0.979581
0.979581
0.979581
0.979581
0.979581
0.979581
0.979581
0.979581
0.979581
0.979581
0.979581
0.979581
0.979581
0.979581
0.979581
0.979581
0.979581
0.979581
0.979581
0.979581
0.979581
0.979581
0.979581
0.979581
0.979581
0.979581
0.979581
0.979581
0.979581
0.979581
0.979581
0.979581
0.979581
0.979581
0.979581
0.979581
0.979581
0.979581
0.979581
0.979581
0.979581
0.979581
0.979581
0.979581
0.979581
0.979581
0.979581
0.979581
0.979581
0.979581
0.979581
0.979581
0.979581
0.979581
0.979581
0.979581
0.979581
0.979581
0.979581
0.979581
0.979581
0.979581
0.979581
0.979581
0.979581
0.979581
0.979581
0.979581
0.979581
0.979581
0.979581
0.979581
0.979581
0.979581
0.979581
0.979581
0.979581
0.979581
0.979581
0.979581
0.979581
0.979581
0.979581
0.979581
0.979581
0.979581
0.979581
0.979581
0.979581
0.979581
0.979581
0.979581
0.979581
0.979581
0.979581
0.979581
0.979581
0.979581
0.979581
0.979581
0.979581
0.979581
0.979581
0.979581
0.979581
0.979581
0.979581
0.979581
0.979581
0.979581
0.979581
0.979581
0.979581
0.979581
0.979581
0.979581
0.979581
0.979581
0.979581
0.979581
0.979581
0.979581
0.979581
0.979581
0.979581
0.979581
0.979581
0.979581
0.979581
0.979581
0.979581
0.979581
0.979581
0.979581
0.979581
0.979581
0.979581
0.979581
0.979581
0.979581
0.979581
0.979581
0.979581
0.979581
0.979581
0.979581
0.979581
0.979581
0.979581
0.979581
0.979581
0.979581
0.979581
0.979581
0.979581
0.979581
0.979581
0.979581
0.979581
0.979581
0.979581
0.979581
0.979581
0.979581
0.979581
0.979581
0.979581
0.979581
0.979581
0.979581
0.979581
0.979581
0.979581
0.979581
0.979581
0.979581
0.979581
0.979581
0.979581
0.979581
0.979581
0.979581
0.979581
0.979581
0.979581
0.979581
0.979581
0.979581
0.979581
0.979581
0.979581
0.979581
0.979581
0.979581
0.979581
0.979581
0.979581
0.979581
0.979581
0.979581
0.979581
0.979581
0.979581
0.979581
0.979581
0.979581
0.979581
0.979581
0.979581
0.979581
0.979581
0.979581
0.979581
0.979581
0.979581
0.979581
0.979581
0.979581
0.979581
0.979581
0.979581
0.979581
0.979581
0.979581
0.979581
0.979581
0.979581
0.979581
0.979581
0.979581
0.979581
0.979581
0.979581
0.979581
0.979581
0.979581
0.979581
0.979581
0.979581
0.979581
0.979581
0.979581
0.979581
0.979581
0.979581
0.979581
0.979581
0.979581
0.979581
0.979581
0.979581
0.979581
0.979581
0.979581
0.979581
0.979581
0.979581
0.979581
0.979581
0.979581
0.979581
0.979581
0.979581
0.979581
0.979581
0.979581
0.979581
0.979581
0.979581
0.979581
0.979581
0.979581
0.979581
0.979581
0.979581
0.979581
0.979581
0.979581
0.979581
0.979581
0.979581
0.979581
0.979581
0.979581
0.979581
0.979581
0.979581
0.979581
0.979581
0.979581
0.979581
0.979581
0.979581
0.979581
0.979581
0.979581
0.979581
0.979581
0.979581
0.979581
0.979581
0.979581
0.979581
0.979581
0.979581
0.979581
0.979581
0.979581
0.979581
0.979581
0.979581
0.979581
0.979581
0.979581
0.979581
0.979581
0.979581
0.979581
0.979581
0.979581
0.979581
0.979581
0.979581
0.979581
0.979581
0.979581
0.979581
0.979581
0.979581
0.979581
0.979581
0.979581
0.979581
0.979581
0.979581
0.979581
0.979581
0.979581
0.979581
0.979581
0.979581
0.979581
0.979581
0.979581
0.979581
0.979581
0.979581
0.979581
0.979581
0.979581
0.979581
0.979581
0.979581
0.979581
0.979581
0.979581
0.979581
0.979581
0.979581
0.979581
0.979581
0.979581
0.979581
0.979581
0.979581
0.979581
0.979581
0.979581
0.979581
0.979581
0.979581
0.979581
0.979581
0.979581
0.979581
0.979581
0.979581
0.979581
0.979581
0.979581
0.979581
0.979581
0.979581
0.979581
0.979581
0.979581
0.979581
0.979581
0.979581
0.979581
0.979581
0.979581
0.979581
0.979581
0.979581
0.979581
0.979581
0.979581
0.979581
0.979581
0.979581
0.979581
0.979581
0.979581
0.979581
0.979581
0.979581
0.979581
0.979581
0.979581
0.979581
0.979581
0.979581
0.979581
0.979581
0.979581
0.979581
0.979581
0.979581
0.979581
0.979581
0.979581
0.979581
0.979581
0.979581
0.979581
0.979581
0.979581
0.979581
0.979581
0.979581
0.979581
0.979581
0.979581
0.979581
0.979581
0.979581
0.979581
0.979581
0.979581
0.979581
0.979581
0.979581
0.979581
0.979581
0.979581
0.979581
0.979581
0.979581
0.979581
0.979581
0.979581
0.979581
0.979581
0.979581
0.979581
0.979581
0.979581
0.979581
0.979581
0.979581
0.979581
0.979581
0.979581
0.979581
0.979581
0.979581
0.979581
0.979581
0.979581
0.979581
0.979581
0.979581
0.979581
0.979581
0.979581
0.979581
0.979581
0.979581
0.979581
0.979581
0.979581
0.979581
0.979581
0.979581
0.979581
0.979581
0.979581
0.979581
0.979581
0.979581
0.979581
0.979581
0.979581
0.979581
0.979581
0.979581
0.979581
0.979581
0.979581
0.979581
0.979581
0.979581
0.979581
0.979581
0.979581
0.979581
0.979581
0.979581
0.979581
0.979581
0.979581
0.979581
0.979581
0.979581
0.979581
0.979581
0.979581
0.979581
0.979581
0.979581
0.979581
0.979581
0.979581
0.979581
0.979581
0.979581
0.979581
0.979581
0.979581
0.979581
0.979581
0.979581
0.979581
0.979581
0.979581
0.979581
0.979581
0.979581
0.979581
0.979581
0.979581
0.979581
0.979581
0.979581
0.979581
0.979581
0.979581
0.979581
0.979581
0.979581
0.979581
0.979581
0.979581
0.979581
0.979581
0.979581
0.979581
0.979581
0.979581
0.979581
0.979581
0.979581
0.979581
0.979581
0.979581
0.979581
0.979581
0.979581
0.979581
0.979581
0.979581
0.979581
0.979581
0.979581
0.979581
0.979581
0.979581
0.979581
0.979581
0.979581
0.979581
0.979581
0.979581
0.979581
0.979581
0.979581
0.979581
0.979581
0.979581
0.979581
0.979581
0.979581
0.979581
0.979581
0.979581
0.979581
0.979581
0.979581
0.979581
0.979581
0.979581
0.979581
0.979581
0.979581
0.979581
0.979581
0.979581
0.979581
0.979581
0.979581
0.979581
0.979581
0.979581
0.979581
0.979581
0.979581
0.979581
0.979581
0.979581
0.979581
0.979581
0.979581
0.979581
0.979581
0.979581
0.979581
0.979581
0.979581
0.979581
0.979581
0.979581
0.979581
0.979581
0.979581
0.979581
0.979581
0.979581
0.979581
0.979581
0.979581
0.979581
0.979581
0.979581
0.979581
0.979581
0.979581
0.979581
0.979581
0.979581
0.979581
0.979581
0.979581
0.979581
0.979581
0.979581
0.979581
0.979581
0.979581
0.979581
0.979581
0.979581
0.979581
0.979581
0.979581
0.979581
0.979581
0.979581
0.979581
0.979581
0.979581
0.979581
0.979581
0.979581
0.979581
0.979581
0.979581
0.979581
0.979581
0.979581
0.979581
0.979581
0.979581
0.979581
0.979581
0.979581
0.979581
0.979581
0.979581
0.979581
0.979581
0.979581
0.979581
0.979581
0.979581
0.979581
0.979581
0.979581
0.979581
0.979581
0.979581
0.979581
0.979581
0.979581
0.979581
0.979581
0.979581
0.979581
0.979581
0.979581
0.979581
0.979581
0.979581
0.979581
0.979581
0.979581
0.979581
0.979581
0.979581
0.979581
0.979581
0.979581
0.979581
0.979581
0.979581
0.979581
0.979581
0.979581
0.979581
0.979581
0.979581
0.979581
0.979581
0.979581
0.979581
0.979581
0.979581
0.979581
0.979581
0.979581
0.979581
0.979581
0.979581
0.979581
0.979581
0.979581
0.979581
0.979581
0.979581
0.979581
0.979581
0.979581
0.979581
0.979581
0.979581
0.979581
0.979581
0.979581
0.979581
0.979581
0.979581
0.979581
0.979581
0.979581
0.979581
0.979581
0.979581
0.979581
0.979581
0.979581
0.979581
0.979581
0.979581
0.979581
0.979581
0.979581
0.979581
0.979581
0.979581
0.979581
0.979581
0.979581
0.979581
0.979581
0.979581
0.979581
0.979581
0.979581
0.979581
0.979581
0.979581
0.979581
0.979581
0.979581
0.979581
0.979581
0.979581
0.979581
0.979581
0.979581
0.979581
0.979581
0.979581
0.979581
0.979581
0.979581
0.979581
0.979581
0.979581
0.979581
0.979581
0.979581
0.979581
0.979581
0.979581
0.979581
0.979581
0.979581
0.979581
0.979581
0.979581
0.979581
0.979581
0.979581
0.979581
0.979581
0.979581
0.979581
0.979581
0.979581
0.979581
0.979581
0.979581
0.979581
0.979581
0.979581
0.979581
0.979581
0.979581
0.979581
0.979581
0.979581
0.979581
0.979581
0.979581
0.979581
0.979581
0.979581
0.979581
0.979581
0.979581
0.979581
0.979581
0.979581
0.979581
0.979581
0.979581
0.979581
0.979581
0.979581
0.979581
0.979581
0.979581
0.979581
0.979581
0.979581
0.979581
0.979581
0.979581
0.979581
0.979581
0.979581
0.979581
0.979581
0.979581
0.979581
0.979581
0.979581
0.979581
0.979581
0.979581
0.979581
0.979581
0.979581
0.979581
0.979581
0.979581
0.979581
0.979581
0.979581
0.979581
0.979581
0.979581
0.979581
0.979581
0.979581
0.979581
0.979581
0.979581
0.979581
0.979581
0.979581
0.979581
0.979581
0.979581
0.979581
0.979581
0.979581
0.979581
0.979581
0.979581
0.979581
0.979581
0.979581
0.979581
0.979581
0.979581
0.979581
0.979581
0.979581
0.979581
0.979581
0.979581
0.979581
0.979581
0.979581
0.979581
0.979581
0.979581
0.979581
0.979581
0.979581
0.979581
0.979581
0.979581
0.979581
0.979581
0.979581
0.979581
0.979581
0.979581
0.979581
0.979581
0.979581
0.979581
0.979581
0.979581
0.979581
0.979581
0.979581
0.979581
0.979581
0.979581
0.979581
0.979581
0.979581
0.979581
0.979581
0.979581
0.979581
0.979581
0.979581
0.979581
0.979581
0.979581
0.979581
0.979581
0.979581
0.979581
0.979581
0.979581
0.979581
0.979581
0.979581
0.979581
0.979581
0.979581
0.979581
0.979581
0.979581
0.979581
0.979581
0.979581
0.979581
0.979581
0.979581
0.979581
0.979581
0.979581
0.979581
0.979581
0.979581
0.979581
0.979581
0.979581
0.979581
0.979581
0.979581
0.979581
0.979581
0.979581
0.979581
0.979581
0.979581
0.979581
0.979581
0.979581
0.979581
0.979581
0.979581
0.979581
0.979581
0.979581
0.979581
0.979581
0.979581
0.979581
0.979581
0.979581
0.979581
0.979581
0.979581
0.979581
0.979581
0.979581
0.979581
0.979581
0.979581
0.979581
0.979581
0.979581
0.979581
0.979581
0.979581
0.979581
0.979581
0.979581
0.979581
0.979581
0.979581
0.979581
0.979581
0.979581
0.979581
0.979581
0.979581
0.979581
0.979581
0.979581
0.979581
0.979581
0.979581
0.979581
0.979581
0.979581
0.979581
0.979581
0.979581
0.979581
0.979581
0.979581
0.979581
0.979581
0.979581
0.979581
0.979581
0.979581
0.979581
0.979581
0.979581
0.979581
0.979581
0.979581
0.979581
0.979581
0.979581
0.979581
0.979581
0.979581
0.979581
0.979581
0.979581
0.979581
0.979581
0.979581
0.979581
0.979581
0.979581
0.979581
0.979581
0.979581
0.979581
0.979581
0.979581
0.979581
0.979581
0.979581
0.979581
0.979581
0.979581
0.979581
0.979581
0.979581
0.979581
0.979581
0.979581
0.979581
0.979581
0.979581
0.979581
0.979581
0.979581
0.979581
0.979581
0.979581
0.979581
0.979581
0.979581
0.979581
0.979581
0.979581
0.979581
0.979581
0.979581
0.979581
0.979581
0.979581
0.979581
0.979581
0.979581
0.979581
0.979581
0.979581
0.979581
0.979581
0.979581
0.979581
0.979581
0.979581
0.979581
0.979581
0.979581
0.979581
0.979581
0.979581
0.979581
0.979581
0.979581
0.979581
0.979581
0.979581
0.979581
0.979581
0.979581
0.979581
0.979581
0.979581
0.979581
0.979581
0.979581
0.979581
0.979581
0.979581
0.979581
0.979581
0.979581
0.979581
0.979581
0.979581
0.979581
0.979581
0.979581
0.979581
0.979581
0.979581
0.979581
0.979581
0.979581
0.979581
0.979581
0.979581
0.979581
0.979581
0.979581
0.979581
0.979581
0.979581
0.979581
0.979581
0.979581
0.979581
0.979581
0.979581
0.979581
0.979581
0.979581
0.979581
0.979581
0.979581
0.979581
0.979581
0.979581
0.979581
0.979581
0.979581
0.979581
0.979581
0.979581
0.979581
0.979581
0.979581
0.979581
0.979581
0.979581
0.979581
0.979581
0.979581
0.979581
0.979581
0.979581
0.979581
0.979581
0.979581
0.979581
0.979581
0.979581
0.979581
0.979581
0.979581
0.979581
0.979581
0.979581
0.979581
0.979581
0.979581
0.979581
0.979581
0.979581
0.979581
0.979581
0.979581
0.979581
0.979581
0.979581
0.979581
0.979581
0.979581
0.979581
0.979581
0.979581
0.979581
0.979581
0.979581
0.979581
0.979581
0.979581
0.979581
0.979581
0.979581
0.979581
0.979581
0.979581
0.979581
0.979581
0.979581
0.979581
0.979581
0.979581
0.979581
0.979581
0.979581
0.979581
0.979581
0.979581
0.979581
0.979581
0.979581
0.979581
0.979581
0.979581
0.979581
0.979581
0.979581
0.979581
0.979581
0.979581
0.979581
0.979581
0.979581
0.979581
0.979581
0.979581
0.979581
0.979581
0.979581
0.979581
0.979581
0.979581
0.979581
0.979581
0.979581
0.979581
0.979581
0.979581
0.979581
0.979581
0.979581
0.979581
0.979581
0.979581
0.979581
0.979581
0.979581
0.979581
0.979581
0.979581
0.979581
0.979581
0.979581
0.979581
0.979581
0.979581
0.979581
0.979581
0.979581
0.979581
0.979581
0.979581
0.979581
0.979581
0.979581
0.979581
0.979581
0.979581
0.979581
0.979581
0.979581
0.979581
0.979581
0.979581
0.979581
0.979581
0.979581
0.979581
0.979581
0.979581
0.979581
0.979581
0.979581
0.979581
0.979581
0.979581
0.979581
0.979581
0.979581
0.979581
0.979581
0.979581
0.979581
0.979581
0.979581
0.979581
0.979581
0.979581
0.979581
0.979581
0.979581
0.979581
0.979581
0.979581
0.979581
0.979581
0.979581
0.979581
0.979581
0.979581
0.979581
0.979581
0.979581
0.979581
0.979581
0.979581
0.979581
0.979581
0.979581
0.979581
0.979581
0.979581
0.979581
0.979581
0.979581
0.979581
0.979581
0.979581
0.979581
0.979581
0.979581
0.979581
0.979581
0.979581
0.979581
0.979581
0.979581
0.979581
0.979581
0.979581
0.979581
0.979581
0.979581
0.979581
0.979581
0.979581
0.979581
0.979581
0.979581
0.979581
0.979581
0.979581
0.979581
0.979581
0.979581
0.979581
0.979581
0.979581
0.979581
0.979581
0.979581
0.979581
0.979581
0.979581
0.979581
0.979581
0.979581
0.979581
0.979581
0.979581
0.979581
0.979581
0.979581
0.979581
0.979581
0.979581
0.979581
0.979581
0.979581
0.979581
0.979581
0.979581
0.979581
0.979581
0.979581
0.979581
0.979581
0.979581
0.979581
0.979581
0.979581
0.979581
0.979581
0.979581
0.979581
0.979581
0.979581
0.979581
0.979581
0.979581
0.979581
0.979581
0.979581
0.979581
0.979581
0.979581
0.979581
0.979581
0.979581
0.979581
0.979581
0.979581
0.979581
0.979581
0.979581
0.979581
0.979581
0.979581
0.979581
0.979581
0.979581
0.979581
0.979581
0.979581
0.979581
0.979581
0.979581
0.979581
0.979581
0.979581
0.979581
0.979581
0.979581
0.979581
0.979581
0.979581
0.979581
0.979581
0.979581
0.979581
0.979581
0.979581
0.979581
0.979581
0.979581
0.979581
0.979581
0.979581
0.979581
0.979581
0.979581
0.979581
0.979581
0.979581
0.979581
0.979581
0.979581
0.979581
0.979581
0.979581
0.979581
0.979581
0.979581
0.979581
0.979581
0.979581
0.979581
0.979581
0.979581
0.979581
0.979581
0.979581
0.979581
0.979581
0.979581
0.979581
0.979581
0.979581
0.979581
0.979581
0.979581
0.979581
0.979581
0.979581
0.979581
0.979581
0.979581
0.979581
0.979581
0.979581
0.979581
0.979581
0.979581
0.979581
0.979581
0.979581
0.979581
0.979581
0.979581
0.979581
0.979581
0.979581
0.979581
0.979581
0.979581
0.979581
0.979581
0.979581
0.979581
0.979581
0.979581
0.979581
0.979581
0.979581
0.979581
0.979581
0.979581
0.979581
0.979581
0.979581
0.979581
0.979581
0.979581
0.979581
0.979581
0.979581
0.979581
0.979581
0.979581
0.979581
0.979581
0.979581
0.979581
0.979581
0.979581
0.979581
0.979581
0.979581
0.979581
0.979581
0.979581
0.979581
0.979581
0.979581
0.979581
0.979581
0.979581
0.979581
0.979581
0.979581
0.979581
0.979581
0.979581
0.979581
0.979581
0.979581
0.979581
0.979581
0.979581
0.979581
0.979581
0.979581
0.979581
0.979581
0.979581
0.979581
0.979581
0.979581
0.979581
0.979581
0.979581
0.979581
0.979581
0.979581
0.979581
0.979581
0.979581
0.979581
0.979581
0.979581
0.979581
0.979581
0.979581
0.979581
0.979581
0.979581
0.979581
0.979581
0.979581
0.979581
0.979581
0.979581
0.979581
0.979581
0.979581
0.979581
0.979581
0.979581
0.979581
0.979581
0.979581
0.979581
0.979581
0.979581
0.979581
0.979581
0.979581
0.979581
0.979581
0.979581
0.979581
0.979581
0.979581
0.979581
0.979581
0.979581
0.979581
0.979581
0.979581
0.979581
0.979581
0.979581
0.979581
0.979581
0.979581
0.979581
0.979581
0.979581
0.979581
0.979581
0.979581
0.979581
0.979581
0.979581
0.979581
0.979581
0.979581
0.979581
0.979581
0.979581
0.979581
0.979581
0.979581
0.979581
0.979581
0.979581
0.979581
0.979581
0.979581
0.979581
0.979581
0.979581
0.979581
0.979581
0.979581
0.979581
0.979581
0.979581
0.979581
0.979581
0.979581
0.979581
0.979581
0.979581
0.979581
0.979581
0.979581
0.979581
0.979581
0.979581
0.979581
0.979581
0.979581
0.979581
0.979581
0.979581
0.979581
0.979581
0.979581
0.979581
0.979581
0.979581
0.979581
0.979581
0.979581
0.979581
0.979581
0.979581
0.979581
0.979581
0.979581
0.979581
0.979581
0.979581
0.979581
0.979581
0.979581
0.979581
0.979581
0.979581
0.979581
0.979581
0.979581
0.979581
0.979581
0.979581
0.979581
0.979581
0.979581
0.979581
0.979581
0.979581
0.979581
0.979581
0.979581
0.979581
0.979581
0.979581
0.979581
0.979581
0.979581
0.979581
0.979581
0.979581
0.979581
0.979581
0.979581
0.979581
0.979581
0.979581
0.979581
0.979581
0.979581
0.979581
0.979581
0.979581
0.979581
0.979581
0.979581
0.979581
0.979581
0.979581
0.979581
0.979581
0.979581
0.979581
0.979581
0.979581
0.979581
0.979581
0.979581
0.979581
0.979581
0.979581
0.979581
0.979581
0.979581
0.979581
0.979581
0.979581
0.979581
0.979581
0.979581
0.979581
0.979581
0.979581
0.979581
0.979581
0.979581
0.979581
0.979581
0.979581
0.979581
0.979581
0.979581
0.979581
0.979581
0.979581
0.979581
0.979581
0.979581
0.979581
0.979581
0.979581
0.979581
0.979581
0.979581
0.979581
0.979581
0.979581
0.979581
0.979581
0.979581
0.979581
0.979581
0.979581
0.979581
0.979581
0.979581
0.979581
0.979581
0.979581
0.979581
0.979581
0.979581
0.979581
0.979581
0.979581
0.979581
0.979581
0.979581
0.979581
0.979581
0.979581
0.979581
0.979581
0.979581
0.979581
0.979581
0.979581
0.979581
0.979581
0.979581
0.979581
0.979581
0.979581
0.979581
0.979581
0.979581
0.979581
0.979581
0.979581
0.979581
0.979581
0.979581
0.979581
0.979581
0.979581
0.979581
0.979581
0.979581
0.979581
0.979581
0.979581
0.979581
0.979581
0.979581
0.979581
0.979581
0.979581
0.979581
0.979581
0.979581
0.979581
0.979581
0.979581
0.979581
0.979581
0.979581
0.979581
0.979581
0.979581
0.979581
0.979581
0.979581
0.979581
0.979581
0.979581
0.979581
0.979581
0.979581
0.979581
0.979581
0.979581
0.979581
0.979581
0.979581
0.979581
0.979581
0.979581
0.979581
0.979581
0.979581
0.979581
0.979581
0.979581
0.979581
0.979581
0.979581
0.979581
0.979581
0.979581
0.979581
0.979581
0.979581
0.979581
0.979581
0.979581
0.979581
0.979581
0.979581
0.979581
0.979581
0.979581
0.979581
0.979581
0.979581
0.979581
0.979581
0.979581
0.979581
0.979581
0.979581
0.979581
0.979581
0.979581
0.979581
0.979581
0.979581
0.979581
0.979581
0.979581
0.979581
0.979581
0.979581
0.979581
0.979581
0.979581
0.979581
0.979581
0.979581
0.979581
0.979581
0.979581
0.979581
0.979581
0.979581
0.979581
0.979581
0.979581
0.979581
0.979581
0.979581
0.979581
0.979581
0.979581
0.979581
0.979581
0.979581
0.979581
0.979581
0.979581
0.979581
0.979581
0.979581
0.979581
0.979581
0.979581
0.979581
0.979581
0.979581
0.979581
0.979581
0.979581
0.979581
0.979581
0.979581
0.979581
0.979581
0.979581
0.979581
0.979581
0.979581
0.979581
0.979581
0.979581
0.979581
0.979581
0.979581
0.979581
0.979581
0.979581
0.979581
0.979581
0.979581
0.979581
0.979581
0.979581
0.979581
0.979581
0.979581
0.979581
0.979581
0.979581
0.979581
0.979581
0.979581
0.979581
0.979581
0.979581
0.979581
0.979581
0.979581
0.979581
0.979581
0.979581
0.979581
0.979581
0.979581
0.979581
0.979581
0.979581
0.979581
0.979581
0.979581
0.979581
0.979581
0.979581
0.979581
0.979581
0.979581
0.979581
0.979581
0.979581
0.979581
0.979581
0.979581
0.979581
0.979581
0.979581
0.979581
0.979581
0.979581
0.979581
0.979581
0.979581
0.979581
0.979581
0.979581
0.979581
0.979581
0.979581
0.979581
0.979581
0.979581
0.979581
0.979581
0.979581
0.979581
0.979581
0.979581
0.979581
0.979581
0.979581
0.979581
0.979581
0.979581
0.979581
0.979581
0.979581
0.979581
0.979581
0.979581
0.979581
0.979581
0.979581
0.979581
0.979581
0.979581
0.979581
0.979581
0.979581
0.979581
0.979581
0.979581
0.979581
0.979581
0.979581
0.979581
0.979581
0.979581
0.979581
0.979581
0.979581
0.979581
0.979581
0.979581
0.979581
0.979581
0.979581
0.979581
0.979581
0.979581
0.979581
0.979581
0.979581
0.979581
0.979581
0.979581
0.979581
0.979581
0.979581
0.979581
0.979581
0.979581
0.979581
0.979581
0.979581
0.979581
0.979581
0.979581
0.979581
0.979581
0.979581
0.979581
0.979581
0.979581
0.979581
0.979581
0.979581
0.979581
0.979581
0.979581
0.979581
0.979581
0.979581
0.979581
0.979581
0.979581
0.979581
0.979581
0.979581
0.979581
0.979581
0.979581
0.979581
0.979581
0.979581
0.979581
0.979581
0.979581
0.979581
0.979581
0.979581
0.979581
0.979581
0.979581
0.979581
0.979581
0.979581
0.979581
0.979581
0.979581
0.979581
0.979581
0.979581
0.979581
0.979581
0.979581
0.979581
0.979581
0.979581
0.979581
0.979581
0.979581
0.979581
0.979581
0.979581
0.979581
0.979581
0.979581
0.979581
0.979581
0.979581
0.979581
0.979581
0.979581
0.979581
0.979581
0.979581
0.979581
0.979581
0.979581
0.979581
0.979581
0.979581
0.979581
0.979581
0.979581
0.979581
0.979581
0.979581
0.979581
0.979581
0.979581
0.979581
0.979581
0.979581
0.979581
0.979581
0.979581
0.979581
0.979581
0.979581
0.979581
0.979581
0.979581
0.979581
0.979581
0.979581
0.979581
0.979581
0.979581
0.979581
0.979581
0.979581
0.979581
0.979581
0.979581
0.979581
0.979581
0.979581
0.979581
0.979581
0.979581
0.979581
0.979581
0.979581
0.979581
0.979581
0.979581
0.979581
0.979581
0.979581
0.979581
0.979581
0.979581
0.979581
0.979581
0.979581
0.979581
0.979581
0.979581
0.979581
0.979581
0.979581
0.979581
0.979581
0.979581
0.979581
0.979581
0.979581
0.979581
0.979581
0.979581
0.979581
0.979581
0.979581
0.979581
0.979581
0.979581
0.979581
0.979581
0.979581
0.979581
0.979581
0.979581
0.979581
0.979581
0.979581
0.979581
0.979581
0.979581
0.979581
0.979581
0.979581
0.979581
0.979581
0.979581
0.979581
0.979581
0.979581
0.979581
0.979581
0.979581
0.979581
0.979581
0.979581
0.979581
0.979581
0.979581
0.979581
0.979581
0.979581
0.979581
0.979581
0.979581
0.979581
0.979581
0.979581
0.979581
0.979581
0.979581
0.979581
0.979581
0.979581
0.979581
0.979581
0.979581
0.979581
0.979581
0.979581
0.979581
0.979581
0.979581
0.979581
0.979581
0.979581
0.979581
0.979581
0.979581
0.979581
0.979581
0.979581
0.979581
0.979581
0.979581
0.979581
0.979581
0.979581
0.979581
0.979581
0.979581
0.979581
0.979581
0.979581
0.979581
0.979581
0.979581
0.979581
0.979581
0.979581
0.979581
0.979581
0.979581
0.979581
0.979581
0.979581
0.979581
0.979581
0.979581
0.979581
0.979581
0.979581
0.979581
0.979581
0.979581
0.979581
0.979581
0.979581
0.979581
0.979581
0.979581
0.979581
0.979581
0.979581
0.979581
0.979581
0.979581
0.979581
0.979581
0.979581
0.979581
0.979581
0.979581
0.979581
0.979581
0.979581
0.979581
0.979581
0.979581
0.979581
0.979581
0.979581
0.979581
0.979581
0.979581
0.979581
0.979581
0.979581
0.979581
0.979581
0.979581
0.979581
0.979581
0.979581
0.979581
0.979581
0.979581
0.979581
0.979581
0.979581
0.979581
0.979581
0.979581
0.979581
0.979581
0.979581
0.979581
0.979581
0.979581
0.979581
0.979581
0.979581
0.979581
0.979581
0.979581
0.979581
0.979581
0.979581
0.979581
0.979581
0.979581
0.979581
0.979581
0.979581
0.979581
0.979581
0.979581
0.979581
0.979581
0.979581
0.979581
0.979581
0.979581
0.979581
0.979581
0.979581
0.979581
0.979581
0.979581
0.979581
0.979581
0.979581
0.979581
0.979581
0.979581
0.979581
0.979581
0.979581
0.979581
0.979581
0.979581
0.979581
0.979581
0.979581
0.979581
0.979581
0.979581
0.979581
0.979581
0.979581
0.979581
0.979581
0.979581
0.979581
0.979581
0.979581
0.979581
0.979581
0.979581
0.979581
0.979581
0.979581
0.979581
0.979581
0.979581
0.979581
0.979581
0.979581
0.979581
0.979581
0.979581
0.979581
0.979581
0.979581
0.979581
0.979581
0.979581
0.979581
0.979581
0.979581
0.979581
0.979581
0.979581
0.979581
0.979581
0.979581
0.979581
0.979581
0.979581
0.979581
0.979581
0.979581
0.979581
0.979581
0.979581
0.979581
0.979581
0.979581
0.979581
0.979581
0.979581
0.979581
0.979581
0.979581
0.979581
0.979581
0.979581
0.979581
0.979581
0.979581
0.979581
0.979581
0.979581
0.979581
0.979581
0.979581
0.979581
0.979581
0.979581
0.979581
0.979581
0.979581
0.979581
0.979581
0.979581
0.979581
0.979581
0.979581
0.979581
0.979581
0.979581
0.979581
0.979581
0.979581
0.979581
0.979581
0.979581
0.979581
0.979581
0.979581
0.979581
0.979581
0.979581
0.979581
0.979581
0.979581
0.979581
0.979581
0.979581
0.979581
0.979581
0.979581
0.979581
0.979581
0.979581
0.979581
0.979581
0.979581
0.979581
0.979581
0.979581
0.979581
0.979581
0.979581
0.979581
0.979581
0.979581
0.979581
0.979581
0.979581
0.979581
0.979581
0.979581
0.979581
0.979581
0.979581
0.979581
0.979581
0.979581
0.979581
0.979581
0.979581
0.979581
0.979581
0.979581
0.979581
0.979581
0.979581
0.979581
0.979581
0.979581
0.979581
0.979581
0.979581
0.979581
0.979581
0.979581
0.979581
0.979581
0.979581
0.979581
0.979581
0.979581
0.979581
0.979581
0.979581
0.979581
0.979581
0.979581
0.979581
0.979581
0.979581
0.979581
0.979581
0.979581
0.979581
0.979581
0.979581
0.979581
0.979581
0.979581
0.979581
0.979581
0.979581
0.979581
0.979581
0.979581
0.979581
0.979581
0.979581
0.979581
0.979581
0.979581
0.979581
0.979581
0.979581
0.979581
0.979581
0.979581
0.979581
0.979581
0.979581
0.979581
0.979581
0.979581
0.979581
0.979581
0.979581
0.979581
0.979581
0.979581
0.979581
0.979581
0.979581
0.979581
0.979581
0.979581
0.979581
0.979581
0.979581
0.979581
0.979581
0.979581
0.979581
0.979581
0.979581
0.979581
0.979581
0.979581
0.979581
0.979581
0.979581
0.979581
0.979581
0.979581
0.979581
0.979581
0.979581
0.979581
0.979581
0.979581
0.979581
0.979581
0.979581
0.979581
0.979581
0.979581
0.979581
0.979581
0.979581
0.979581
0.979581
0.979581
0.979581
0.979581
0.979581
0.979581
0.979581
0.979581
0.979581
0.979581
0.979581
0.979581
0.979581
0.979581
0.979581
0.979581
0.979581
0.979581
0.979581
0.979581
0.979581
0.979581
0.979581
0.979581
0.979581
0.979581
0.979581
0.979581
0.979581
0.979581
0.979581
0.979581
0.979581
0.979581
0.979581
0.979581
0.979581
0.979581
0.979581
0.979581
0.979581
0.979581
0.979581
0.979581
0.979581
0.979581
0.979581
0.979581
0.979581
0.979581
0.979581
0.979581
0.979581
0.979581
0.979581
0.979581
0.979581
0.979581
0.979581
0.979581
0.979581
0.979581
0.979581
0.979581
0.979581
0.979581
0.979581
0.979581
0.979581
0.979581
0.979581
0.979581
0.979581
0.979581
0.979581
0.979581
0.979581
0.979581
0.979581
0.979581
0.979581
0.979581
0.979581
0.979581
0.979581
0.979581
0.979581
0.979581
0.979581
0.979581
0.979581
0.979581
0.979580
0.979580
0.979580
0.979580
0.979580
0.979580
0.979580
0.979580
0.979580
0.979580
0.979580
0.979580
0.979580
0.979580
0.979580
0.979580
0.979580
0.979580
0.979580
0.979580
0.979580
0.979580
0.979580
0.979580
0.979580
0.979580
0.979580
0.979580
0.979580
0.979580
0.979580
0.979580
0.979580
0.979580
0.979580
0.979580
0.979580
0.979580
0.979580
0.979580
0.979580
0.979580
0.979580
0.979580
0.979580
0.979580
0.979580
0.979580
0.979580
0.979580
0.979580
0.979580
0.979580
0.979580
0.979580
0.979580
0.979580
0.979580
0.979580
0.979580
0.979580
0.979580
0.979580
0.979580
0.979580
0.979580
0.979580
0.979580
0.979580
0.979580
0.979580
0.979580
0.979580
0.979580
0.979580
0.979580
0.979580
0.979580
0.979580
0.979580
0.979580
0.979580
0.979580
0.979580
0.979580
0.979580
0.979580
0.979580
0.979580
0.979580
0.979580
0.979580
0.979580
0.979580
0.979580
0.979580
0.979580
0.979580
0.979580
0.979580
0.979580
0.979580
0.979580
0.979580
0.979580
0.979580
0.979580
0.979580
0.979580
0.979580
0.979580
0.979580
0.979580
0.979580
0.979580
0.979580
0.979580
0.979580
0.979580
0.979580
0.979580
0.979580
0.979580
0.979580
0.979580
0.979580
0.979580
0.979580
0.979580
0.979580
0.979580
0.979580
0.979580
0.979580
0.979580
0.979580
0.979580
0.979580
0.979580
0.979580
0.979580
0.979580
0.979580
0.979580
0.979580
0.979580
0.979580
0.979580
0.979580
0.979580
0.979580
0.979580
0.979580
0.979580
0.979580
0.979580
0.979580
0.979580
0.979580
0.979580
0.979580
0.979580
0.979580
0.979580
0.979580
0.979580
0.979580
0.979580
0.979580
0.979580
0.979580
0.979580
0.979580
0.979580
0.979580
0.979580
0.979580
0.979580
0.979580
0.979580
0.979580
0.979580
0.979580
0.979580
0.979580
0.979580
0.979580
0.979580
0.979580
0.979580
0.979580
0.979580
0.979580
0.979580
0.979580
0.979580
0.979580
0.979580
0.979580
0.979580
0.979580
0.979580
0.979580
0.979580
0.979580
0.979580
0.979580
0.979580
0.979580
0.979580
0.979580
0.979580
0.979580
0.979580
0.979580
0.979580
0.979580
0.979580
0.979580
0.979580
0.979580
0.979580
0.979580
0.979580
0.979580
0.979580
0.979580
0.979580
0.979580
0.979580
0.979580
0.979580
0.979580
0.979580
0.979580
0.979580
0.979580
0.979580
0.979580
0.979580
0.979580
0.979580
0.979580
0.979580
0.979580
0.979580
0.979580
0.979580
0.979580
0.979580
0.979580
0.979580
0.979580
0.979580
0.979580
0.979580
0.979580
0.979580
0.979580
0.979580
0.979580
0.979580
0.979580
0.979580
0.979580
0.979580
0.979580
0.979580
0.979580
0.979580
0.979580
0.979580
0.979580
0.979580
0.979580
0.979580
0.979580
0.979580
0.979580
0.979580
0.979580
0.979580
0.979580
0.979580
0.979580
0.979580
0.979580
0.979580
0.979580
0.979580
0.979580
0.979580
0.979580
0.979580
0.979580
0.979580
0.979580
0.979580
0.979580
0.979580
0.979580
0.979580
0.979580
0.979580
0.979580
0.979580
0.979580
0.979580
0.979580
0.979580
0.979580
0.979580
0.979580
0.979580
0.979580
0.979580
0.979580
0.979580
0.979580
0.979580
0.979580
0.979580
0.979580
0.979580
0.979580
0.979580
0.979580
0.979580
0.979580
0.979580
0.979580
0.979580
0.979580
0.979580
0.979580
0.979580
0.979580
0.979580
0.979580
0.979580
0.979580
0.979580
0.979580
0.979580
0.979580
0.979580
0.979580
0.979580
0.979580
0.979580
0.979580
0.979580
0.979580
0.979580
0.979580
0.979580
0.979580
0.979580
0.979580
0.979580
0.979580
0.979580
0.979580
0.979580
0.979580
0.979580
0.979580
0.979580
0.979580
0.979580
0.979580
0.979580
0.979580
0.979580
0.979580
0.979580
0.979580
0.979580
0.979580
0.979580
0.979580
0.979580
0.979580
0.979580
0.979580
0.979580
0.979580
0.979580
0.979580
0.979580
0.979580
0.979580
0.979580
0.979580
0.979580
0.979580
0.979580
0.979580
0.979580
0.979580
0.979580
0.979580
0.979580
0.979580
0.979580
0.979580
0.979580
0.979580
0.979580
0.979580
0.979580
0.979580
0.979580
0.979580
0.979580
0.979580
0.979580
0.979580
0.979580
0.979580
0.979580
0.979580
0.979580
0.979580
0.979580
0.979580
0.979580
0.979580
0.979580
0.979580
0.979580
0.979580
0.979580
0.979580
0.979580
0.979580
0.979580
0.979580
0.979580
0.979580
0.979580
0.979580
0.979580
0.979580
0.979580
0.979580
0.979580
0.979580
0.979580
0.979580
0.979580
0.979580
0.979580
0.979580
0.979580
0.979580
0.979580
0.979580
0.979580
0.979580
0.979580
0.979580
0.979580
0.979580
0.979580
0.979580
0.979580
0.979580
0.979580
0.979580
0.979580
0.979580
0.979580
0.979580
0.979580
0.979580
0.979580
0.979580
0.979580
0.979580
0.979580
0.979580
0.979580
0.979580
0.979580
0.979580
0.979580
0.979580
0.979580
0.979580
0.979580
0.979580
0.979580
0.979580
0.979580
0.979580
0.979580
0.979580
0.979580
0.979580
0.979580
0.979580
0.979580
0.979580
0.979580
0.979580
0.979580
0.979580
0.979580
0.979580
0.979580
0.979580
0.979580
0.979580
0.979580
0.979580
0.979580
0.979580
0.979580
0.979580
0.979580
0.979580
0.979580
0.979580
0.979580
0.979580
0.979580
0.979580
0.979580
0.979580
0.979580
0.979580
0.979580
0.979580
0.979580
0.979580
0.979580
0.979580
0.979580
0.979580
0.979580
0.979580
0.979580
0.979580
0.979580
0.979580
0.979580
0.979580
0.979580
0.979580
0.979580
0.979580
0.979580
0.979580
0.979580
0.979580
0.979580
0.979580
0.979580
0.979580
0.979580
0.979580
0.979580
0.979580
0.979580
0.979580
0.979580
0.979580
0.979580
0.979580
0.979580
0.979580
0.979580
0.979580
0.979580
0.979580
0.979580
0.979580
0.979580
0.979580
0.979580
0.979580
0.979580
0.979580
0.979580
0.979580
0.979580
0.979580
0.979580
0.979580
0.979580
0.979580
0.979580
0.979580
0.979580
0.979580
0.979580
0.979580
0.979580
0.979580
0.979580
0.979580
0.979580
0.979580
0.979580
0.979580
0.979580
0.979580
0.979580
0.979580
0.979580
0.979580
0.979580
0.979580
0.979580
0.979580
0.979580
0.979580
0.979580
0.979580
0.979580
0.979580
0.979580
0.979580
0.979580
0.979580
0.979580
0.979580
0.979580
0.979580
0.979580
0.979580
0.979580
0.979580
0.979580
0.979580
0.979580
0.979580
0.979580
0.979580
0.979580
0.979580
0.979580
0.979580
0.979580
0.979580
0.979580
0.979580
0.979580
0.979580
0.979580
0.979580
0.979580
0.979580
0.979580
0.979580
0.979580
0.979580
0.979580
0.979580
0.979580
0.979580
0.979580
0.979580
0.979580
0.979580
0.979580
0.979580
0.979580
0.979580
0.979580
0.979580
0.979580
0.979580
0.979580
0.979580
0.979580
0.979580
0.979580
0.979580
0.979580
0.979580
0.979580
0.979580
0.979580
0.979580
0.979580
0.979580
0.979580
0.979580
0.979580
0.979580
0.979580
0.979580
0.979580
0.979580
0.979580
0.979580
0.979580
0.979580
0.979580
0.979580
0.979580
0.979580
0.979580
0.979580
0.979580
0.979580
0.979580
0.979580
0.979580
0.979580
0.979580
0.979580
0.979580
0.979580
0.979580
0.979580
0.979580
0.979580
0.979580
0.979580
0.979580
0.979580
0.979580
0.979580
0.979580
0.979580
0.979580
0.979580
0.979580
0.979580
0.979580
0.979580
0.979580
0.979580
0.979580
0.979580
0.979580
0.979580
0.979580
0.979580
0.979580
0.979580
0.979580
0.979580
0.979580
0.979580
0.979580
0.979580
0.979580
0.979580
0.979580
0.979580
0.979580
0.979580
0.979580
0.979580
0.979580
0.979580
0.979580
0.979580
0.979580
0.979580
0.979580
0.979580
0.979580
0.979580
0.979580
0.979580
0.979580
0.979580
0.979580
0.979580
0.979580
0.979580
0.979580
0.979580
0.979580
0.979580
0.979580
0.979580
0.979580
0.979580
0.979580
0.979580
0.979580
0.979580
0.979580
0.979580
0.979580
0.979580
0.979580
0.979580
0.979580
0.979580
0.979580
0.979580
0.979580
0.979580
0.979580
0.979580
0.979580
0.979580
0.979580
0.979580
0.979580
0.979580
0.979580
0.979580
0.979580
0.979580
0.979580
0.979580
0.979580
0.979580
0.979580
0.979580
0.979580
0.979580
0.979580
0.979580
0.979580
0.979580
0.979580
0.979580
0.979580
0.979580
0.979580
0.979580
0.979580
0.979580
0.979580
0.979580
0.979580
0.979580
0.979580
0.979580
0.979580
0.979580
0.979580
0.979580
0.979580
0.979580
0.979580
0.979580
0.979580
0.979580
0.979580
0.979580
0.979580
0.979580
0.979580
0.979580
0.979580
0.979580
0.979580
0.979580
0.979580
0.979580
0.979580
0.979580
0.979580
0.979580
0.979580
0.979580
0.979580
0.979580
0.979580
0.979580
0.979580
0.979580
0.979580
0.979580
0.979580
0.979580
0.979580
0.979580
0.979580
0.979580
0.979580
0.979580
0.979580
0.979580
0.979580
0.979580
0.979580
0.979580
0.979580
0.979580
0.979580
0.979580
0.979580
0.979580
0.979580
0.979580
0.979580
0.979580
0.979580
0.979580
0.979580
0.979580
0.979580
0.979580
0.979580
0.979580
0.979580
0.979580
0.979580
0.979580
0.979580
0.979580
0.979580
0.979580
0.979580
0.979580
0.979580
0.979580
0.979580
0.979580
0.979580
0.979580
0.979580
0.979580
0.979580
0.979580
0.979580
0.979580
0.979580
0.979580
0.979580
0.979580
0.979580
0.979580
0.979580
0.979580
0.979580
0.979580
0.979580
0.979580
0.979580
0.979580
0.979580
0.979580
0.979580
0.979580
0.979580
0.979580
0.979580
0.979580
0.979580
0.979580
0.979580
0.979580
0.979580
0.979580
0.979580
0.979580
0.979580
0.979580
0.979580
0.979580
0.979580
0.979580
0.979580
0.979580
0.979580
0.979580
0.979580
0.979580
0.979580
0.979580
0.979580
0.979580
0.979580
0.979580
0.979580
0.979580
0.979580
0.979580
0.979580
0.979580
0.979580
0.979580
0.979580
0.979580
0.979580
0.979580
0.979580
0.979580
0.979580
0.979580
0.979580
0.979580
0.979580
0.979580
0.979580
0.979580
0.979580
0.979580
0.979580
0.979580
0.979580
0.979580
0.979580
0.979580
0.979580
0.979580
0.979580
0.979580
0.979580
0.979580
0.979580
0.979580
0.979580
0.979580
0.979580
0.979580
0.979580
0.979580
0.979580
0.979580
0.979580
0.979580
0.979580
0.979580
0.979580
0.979580
0.979580
0.979580
0.979580
0.979580
0.979580
0.979580
0.979580
0.979580
0.979580
0.979580
0.979580
0.979580
0.979580
0.979580
0.979580
0.979580
0.979580
0.979580
0.979580
0.979580
0.979580
0.979580
0.979580
0.979580
0.979580
0.979580
0.979580
0.979580
0.979580
0.979580
0.979580
0.979580
0.979580
0.979580
0.979580
0.979580
0.979580
0.979580
0.979580
0.979580
0.979580
0.979580
0.979580
0.979580
0.979580
0.979580
0.979580
0.979580
0.979580
0.979580
0.979580
0.979580
0.979580
0.979580
0.979580
0.979580
0.979580
0.979580
0.979580
0.979580
0.979580
0.979580
0.979580
0.979580
0.979580
0.979580
0.979580
0.979580
0.979580
0.979580
0.979580
0.979580
0.979580
0.979580
0.979580
0.979580
0.979580
0.979580
0.979580
0.979580
0.979580
0.979580
0.979580
0.979580
0.979580
0.979580
0.979580
0.979580
0.979580
0.979580
0.979580
0.979580
0.979580
0.979580
0.979580
0.979580
0.979580
0.979580
0.979580
0.979580
0.979580
0.979580
0.979580
0.979580
0.979580
0.979580
0.979580
0.979580
0.979580
0.979580
0.979580
0.979580
0.979580
0.979580
0.979580
0.979580
0.979580
0.979580
0.979580
0.979580
0.979580
0.979580
0.979580
0.979580
0.979580
0.979580
0.979580
0.979580
0.979580
0.979580
0.979580
0.979580
0.979580
0.979580
0.979580
0.979580
0.979580
0.979580
0.979580
0.979580
0.979580
0.979580
0.979580
0.979580
0.979580
0.979580
0.979580
0.979580
0.979580
0.979580
0.979580
0.979580
0.979580
0.979580
0.979580
0.979580
0.979580
0.979580
0.979580
0.979580
0.979580
0.979580
0.979580
0.979580
0.979580
0.979580
0.979580
0.979580
0.979580
0.979580
0.979580
0.979580
0.979580
0.979580
0.979580
0.979580
0.979580
0.979580
0.979580
0.979580
0.979580
0.979580
0.979580
0.979580
0.979580
0.979580
0.979580
0.979580
0.979580
0.979580
0.979580
0.979580
0.979580
0.979580
0.979580
0.979580
0.979580
0.979580
0.979580
0.979580
0.979580
0.979580
0.979580
0.979580
0.979580
0.979580
0.979580
0.979580
0.979580
0.979580
0.979580
0.979580
0.979580
0.979580
0.979580
0.979580
0.979580
0.979580
0.979580
0.979580
0.979580
0.979580
0.979580
0.979580
0.979580
0.979580
0.979580
0.979580
0.979580
0.979580
0.979580
0.979580
0.979580
0.979580
0.979580
0.979580
0.979580
0.979580
0.979580
0.979580
0.979580
0.979580
0.979580
0.979580
0.979580
0.979580
0.979580
0.979580
0.979580
0.979580
0.979580
0.979580
0.979580
0.979580
0.979580
0.979580
0.979580
0.979580
0.979580
0.979580
0.979580
0.979580
0.979580
0.979580
0.979580
0.979580
0.979580
0.979580
0.979580
0.979580
0.979580
0.979580
0.979580
0.979580
0.979580
0.979580
0.979580
0.979580
0.979580
0.979580
0.979580
0.979580
0.979580
0.979580
0.979580
0.979580
0.979580
0.979580
0.979580
0.979580
0.979580
0.979580
0.979580
0.979580
0.979580
0.979580
0.979580
0.979580
0.979580
0.979580
0.979580
0.979580
0.979580
0.979580
0.979580
0.979580
0.979580
0.979580
0.979580
0.979580
0.979580
0.979580
0.979580
0.979580
0.979580
0.979580
0.979580
0.979580
0.979580
0.979580
0.979580
0.979580
0.979580
0.979580
0.979580
0.979580
0.979580
0.979580
0.979580
0.979580
0.979580
0.979580
0.979580
0.979580
0.979580
0.979580
0.979580
0.979580
0.979580
0.979580
0.979580
0.979580
0.979580
0.979580
0.979580
0.979580
0.979580
0.979580
0.979580
0.979580
0.979580
0.979580
0.979580
0.979580
0.979580
0.979580
0.979580
0.979580
0.979580
0.979580
0.979580
0.979580
0.979580
0.979580
0.979580
0.979580
0.979580
0.979580
0.979580
0.979580
0.979580
0.979580
0.979580
0.979580
0.979580
0.979580
0.979580
0.979580
0.979580
0.979580
0.979580
0.979580
0.979580
0.979580
0.979580
0.979580
0.979580
0.979580
0.979580
0.979580
0.979580
0.979580
0.979580
0.979580
0.979580
0.979580
0.979580
0.979580
0.979580
0.979580
0.979580
0.979580
0.979580
0.979580
0.979580
0.979580
0.979580
0.979580
0.979580
0.979580
0.979580
0.979580
0.979580
0.979580
0.979580
0.979580
0.979580
0.979580
0.979580
0.979580
0.979580
0.979580
0.979580
0.979580
0.979580
0.979580
0.979580
0.979580
0.979580
0.979580
0.979580
0.979580
0.979580
0.979580
0.979580
0.979580
0.979580
0.979580
0.979580
0.979580
0.979580
0.979580
0.979580
0.979580
0.979580
0.979580
0.979580
0.979580
0.979580
0.979580
0.979580
0.979580
0.979580
0.979580
0.979580
0.979580
0.979580
0.979580
0.979580
0.979580
0.979580
0.979580
0.979580
0.979580
0.979580
0.979580
0.979580
0.979580
0.979580
0.979580
0.979580
0.979580
0.979580
0.979580
0.979580
0.979580
0.979580
0.979580
0.979580
0.979580
0.979580
0.979580
0.979580
0.979580
0.979580
0.979580
0.979580
0.979580
0.979580
0.979580
0.979580
0.979580
0.979580
0.979580
0.979580
0.979580
0.979580
0.979580
0.979580
0.979580
0.979580
0.979580
0.979580
0.979580
0.979580
0.979580
0.979580
0.979580
0.979580
0.979580
0.979580
0.979580
0.979580
0.979580
0.979580
0.979580
0.979580
0.979580
0.979580
0.979580
0.979580
0.979580
0.979580
0.979580
0.979580
0.979580
0.979580
0.979580
0.979580
0.979580
0.979580
0.979580
0.979580
0.979580
0.979580
0.979580
0.979580
0.979580
0.979580
0.979580
0.979580
0.979580
0.979580
0.979580
0.979580
0.979580
0.979580
0.979580
0.979580
0.979580
0.979580
0.979580
0.979580
0.979580
0.979580
0.979580
0.979580
0.979580
0.979580
0.979580
0.979580
0.979580
0.979580
0.979580
0.979580
0.979580
0.979580
0.979580
0.979580
0.979580
0.979580
0.979580
0.979580
0.979580
0.979580
0.979580
0.979580
0.979580
0.979580
0.979580
0.979580
0.979580
0.979580
0.979580
0.979580
0.979580
0.979580
0.979580
0.979580
0.979580
0.979580
0.979580
0.979580
0.979580
0.979580
0.979580
0.979580
0.979580
0.979580
0.979580
0.979580
0.979580
0.979580
0.979580
0.979580
0.979580
0.979580
0.979580
0.979580
0.979580
0.979580
0.979580
0.979580
0.979580
0.979580
0.979580
0.979580
0.979580
0.979580
0.979580
0.979580
0.979580
0.979580
0.979580
0.979580
0.979580
0.979580
0.979580
0.979580
0.979580
0.979580
0.979580
0.979580
0.979580
0.979580
0.979580
0.979580
0.979580
0.979580
0.979580
0.979580
0.979580
0.979580
0.979580
0.979580
0.979580
0.979580
0.979580
0.979580
0.979580
0.979580
0.979580
0.979580
0.979580
0.979580
0.979580
0.979580
0.979580
0.979580
0.979580
0.979580
0.979580
0.979580
0.979580
0.979580
0.979580
0.979580
0.979580
0.979580
0.979580
0.979580
0.979580
0.979580
0.979580
0.979580
0.979580
0.979580
0.979580
0.979580
0.979580
0.979580
0.979580
0.979580
0.979580
0.979580
0.979580
0.979580
0.979580
0.979580
0.979580
0.979580
0.979580
0.979580
0.979580
0.979580
0.979580
0.979580
0.979580
0.979580
0.979580
0.979580
0.979580
0.979580
0.979580
0.979580
0.979580
0.979580
0.979580
0.979580
0.979580
0.979580
0.979580
0.979580
0.979580
0.979580
0.979580
0.979580
0.979580
0.979580
0.979580
0.979580
0.979580
0.979580
0.979580
0.979580
0.979580
0.979580
0.979580
0.979580
0.979580
0.979580
0.979580
0.979580
0.979580
0.979580
0.979580
0.979580
0.979580
0.979580
0.979580
0.979580
0.979580
0.979580
0.979580
0.979580
0.979580
0.979580
0.979580
0.979580
0.979580
0.979580
0.979580
0.979580
0.979580
0.979580
0.979580
0.979580
0.979580
0.979580
0.979580
0.979580
0.979580
0.979580
0.979580
0.979580
0.979580
0.979580
0.979580
0.979580
0.979580
0.979580
0.979580
0.979580
0.979580
0.979580
0.979580
0.979580
0.979580
0.979580
0.979580
0.979580
0.979580
0.979580
0.979580
0.979580
0.979580
0.979580
0.979580
0.979580
0.979580
0.979580
0.979580
0.979580
0.979580
0.979580
0.979580
0.979580
0.979580
0.979580
0.979580
0.979580
0.979580
0.979580
0.979580
0.979580
0.979580
0.979580
0.979580
0.979580
0.979580
0.979580
0.979580
0.979580
0.979580
0.979580
0.979580
0.979580
0.979580
0.979580
0.979580
0.979580
0.979580
0.979580
0.979580
0.979580
0.979580
0.979580
0.979580
0.979580
0.979580
0.979580
0.979580
0.979580
0.979580
0.979580
0.979580
0.979580
0.979580
0.979580
0.979580
0.979580
0.979580
0.979580
0.979580
0.979580
0.979580
0.979580
0.979580
0.979580
0.979580
0.979580
0.979580
0.979580
0.979580
0.979580
0.979580
0.979580
0.979580
0.979580
0.979580
0.979580
0.979580
0.979580
0.979580
0.979580
0.979580
0.979580
0.979580
0.979580
0.979580
0.979580
0.979580
0.979580
0.979580
0.979580
0.979580
0.979580
0.979580
0.979580
0.979580
0.979580
0.979580
0.979580
0.979580
0.979580
0.979580
0.979580
0.979580
0.979580
0.979580
0.979580
0.979580
0.979580
0.979580
0.979580
0.979580
0.979580
0.979580
0.979580
0.979580
0.979580
0.979580
0.979580
0.979580
0.979580
0.979580
0.979580
0.979580
0.979580
0.979580
0.979580
0.979580
0.979580
0.979580
0.979580
0.979580
0.979580
0.979580
0.979580
0.979580
0.979580
0.979580
0.979580
0.979580
0.979580
0.979580
0.979580
0.979580
0.979580
0.979580
0.979580
0.979580
0.979580
0.979580
0.979580
0.979580
0.979580
0.979580
0.979580
0.979580
0.979580
0.979580
0.979580
0.979580
0.979580
0.979580
0.979580
0.979580
0.979580
0.979580
0.979580
0.979580
0.979580
0.979580
0.979580
0.979580
0.979580
0.979580
0.979580
0.979580
0.979580
0.979580
0.979580
0.979580
0.979580
0.979580
0.979580
0.979580
0.979580
0.979580
0.979580
0.979580
0.979580
0.979580
0.979580
0.979580
0.979580
0.979580
0.979580
0.979580
0.979580
0.979580
0.979580
0.979580
0.979580
0.979580
0.979580
0.979580
0.979580
0.979580
0.979580
0.979580
0.979580
0.979580
0.979580
0.979580
0.979580
0.979580
0.979580
0.979580
0.979580
0.979580
0.979580
0.979580
0.979580
0.979580
0.979580
0.979580
0.979580
0.979580
0.979580
0.979580
0.979580
0.979580
0.979580
0.979580
0.979580
0.979580
0.979580
0.979580
0.979580
0.979580
0.979580
0.979580
0.979580
0.979580
0.979580
0.979580
0.979580
0.979580
0.979580
0.979580
0.979580
0.979580
0.979580
0.979580
0.979580
0.979580
0.979580
0.979580
0.979580
0.979580
0.979580
0.979580
0.979580
0.979580
0.979580
0.979580
0.979580
0.979580
0.979580
0.979580
0.979580
0.979580
0.979580
0.979580
0.979580
0.979580
0.979580
0.979580
0.979580
0.979580
0.979580
0.979580
0.979580
0.979580
0.979580
0.979580
0.979580
0.979580
0.979580
0.979580
0.979580
0.979580
0.979580
0.979580
0.979580
0.979580
0.979580
0.979580
0.979580
0.979580
0.979580
0.979580
0.979580
0.979580
0.979580
0.979580
0.979580
0.979580
0.979580
0.979580
0.979580
0.979580
0.979580
0.979580
0.979580
0.979580
0.979580
0.979580
0.979580
0.979580
0.979580
0.979580
0.979580
0.979580
0.979580
0.979580
0.979580
0.979580
0.979580
0.979580
0.979580
0.979580
0.979580
0.979580
0.979580
0.979580
0.979580
0.979580
0.979580
0.979580
0.979580
0.979580
0.979580
0.979580
0.979580
0.979580
0.979580
0.979580
0.979580
0.979580
0.979580
0.979580
0.979580
0.979580
0.979580
0.979580
0.979580
0.979580
0.979580
0.979580
0.979580
0.979580
0.979580
0.979580
0.979580
0.979580
0.979580
0.979580
0.979580
0.979580
0.979580
0.979580
0.979580
0.979580
0.979580
0.979580
0.979580
0.979580
0.979580
0.979580
0.979580
0.979580
0.979580
0.979580
0.979580
0.979580
0.979580
0.979580
0.979580
0.979580
0.979580
0.979580
0.979580
0.979580
0.979580
0.979580
0.979580
0.979580
0.979580
0.979580
0.979580
0.979580
0.979580
0.979580
0.979580
0.979580
0.979580
0.979580
0.979580
0.979580
0.979580
0.979580
0.979580
0.979580
0.979580
0.979580
0.979580
0.979580
0.979580
0.979580
0.979580
0.979580
0.979580
0.979580
0.979580
0.979580
0.979580
0.979580
0.979580
0.979580
0.979580
0.979580
0.979580
0.979580
0.979580
0.979580
0.979580
0.979580
0.979580
0.979580
0.979580
0.979580
0.979580
0.979580
0.979580
0.979580
0.979580
0.979580
0.979580
0.979580
0.979580
0.979580
0.979580
0.979580
0.979580
0.979580
0.979580
0.979580
0.979580
0.979580
0.979580
0.979580
0.979580
0.979580
0.979580
0.979580
0.979580
0.979580
0.979580
0.979580
0.979580
0.979580
0.979580
0.979580
0.979580
0.979580
0.979580
0.979580
0.979580
0.979580
0.979580
0.979580
0.979580
0.979580
0.979580
0.979580
0.979580
0.979580
0.979580
0.979580
0.979580
0.979580
0.979580
0.979580
0.979580
0.979580
0.979580
0.979580
0.979580
0.979580
0.979580
0.979580
0.979580
0.979580
0.979580
0.979580
0.979580
0.979580
0.979580
0.979580
0.979580
0.979580
0.979580
0.979580
0.979580
0.979580
0.979580
0.979580
0.979580
0.979580
0.979580
0.979580
0.979580
0.979580
0.979580
0.979580
0.979580
0.979580
0.979580
0.979580
0.979580
0.979580
0.979580
0.979580
0.979580
0.979580
0.979580
0.979580
0.979580
0.979580
0.979580
0.979580
0.979580
0.979580
0.979580
0.979580
0.979580
0.979580
0.979580
0.979580
0.979580
0.979580
0.979580
0.979580
0.979580
0.979580
0.979580
0.979580
0.979580
0.979580
0.979580
0.979580
0.979580
0.979580
0.979580
0.979580
0.979580
0.979580
0.979580
0.979580
0.979580
0.979580
0.979580
0.979580
0.979580
0.979580
0.979580
0.979580
0.979580
0.979580
0.979580
0.979580
0.979580
0.979580
0.979580
0.979580
0.979580
0.979580
0.979580
0.979580
0.979580
0.979580
0.979580
0.979580
0.979580
0.979580
0.979580
0.979580
0.979580
0.979580
0.979580
0.979580
0.979580
0.979580
0.979580
0.979580
0.979580
0.979580
0.979580
0.979580
0.979580
0.979580
0.979580
0.979580
0.979580
0.979580
0.979580
0.979580
0.979580
0.979580
0.979580
0.979580
0.979580
0.979580
0.979580
0.979580
0.979580
0.979580
0.979580
0.979580
0.979580
0.979580
0.979580
0.979580
0.979580
0.979580
0.979580
0.979580
0.979580
0.979580
0.979580
0.979580
0.979580
0.979580
0.979580
0.979580
0.979580
0.979580
0.979580
0.979580
0.979580
0.979580
0.979580
0.979580
0.979580
0.979580
0.979580
0.979580
0.979580
0.979580
0.979580
0.979580
0.979580
0.979580
0.979580
0.979580
0.979580
0.979580
0.979580
0.979580
0.979580
0.979580
0.979580
0.979580
0.979580
0.979580
0.979580
0.979580
0.979580
0.979580
0.979580
0.979580
0.979580
0.979580
0.979580
0.979580
0.979580
0.979580
0.979580
0.979580
0.979580
0.979580
0.979580
0.979580
0.979580
0.979580
0.979580
0.979580
0.979580
0.979580
0.979580
0.979580
0.979580
0.979580
0.979580
0.979580
0.979580
0.979580
0.979580
0.979580
0.979580
0.979580
0.979580
0.979580
0.979580
0.979580
0.979580
0.979580
0.979580
0.979580
0.979580
0.979580
0.979580
0.979580
0.979580
0.979580
0.979580
0.979580
0.979580
0.979580
0.979580
0.979580
0.979580
0.979580
0.979580
0.979580
0.979580
0.979580
0.979580
0.979580
0.979580
0.979580
0.979580
0.979580
0.979580
0.979580
0.979580
0.979580
0.979580
0.979580
0.979580
0.979580
0.979580
0.979580
0.979580
0.979580
0.979580
0.979580
0.979580
0.979580
0.979580
0.979580
0.979580
0.979580
0.979580
0.979580
0.979580
0.979580
0.979580
0.979580
0.979580
0.979580
0.979580
0.979580
0.979580
0.979580
0.979580
0.979580
0.979580
0.979580
0.979580
0.979580
0.979580
0.979580
0.979580
0.979580
0.979580
0.979580
0.979580
0.979580
0.979580
0.979580
0.979580
0.979580
0.979580
0.979580
0.979580
0.979580
0.979580
0.979580
0.979580
0.979580
0.979580
0.979580
0.979580
0.979580
0.979580
0.979580
0.979580
0.979580
0.979580
0.979580
0.979580
0.979580
0.979580
0.979580
0.979580
0.979580
0.979580
0.979580
0.979580
0.979580
0.979580
0.979580
0.979580
0.979580
0.979580
0.979580
0.979580
0.979580
0.979580
0.979580
0.979580
0.979580
0.979580
0.979580
0.979580
0.979580
0.979580
0.979580
0.979580
0.979580
0.979580
0.979580
0.979580
0.979580
0.979580
0.979580
0.979580
0.979580
0.979580
0.979580
0.979580
0.979580
0.979580
0.979580
0.979580
0.979580
0.979580
0.979580
0.979580
0.979580
0.979580
0.979580
0.979580
0.979580
0.979580
0.979580
0.979580
0.979580
0.979580
0.979580
0.979580
0.979580
0.979580
0.979580
0.979580
0.979580
0.979580
0.979580
0.979580
0.979580
0.979580
0.979580
0.979580
0.979580
0.979580
0.979580
0.979580
0.979580
0.979580
0.979580
0.979580
0.979580
0.979580
0.979580
0.979580
0.979580
0.979580
0.979580
0.979580
0.979580
0.979580
0.979580
0.979580
0.979580
0.979580
0.979580
0.979580
0.979580
0.979580
0.979580
0.979580
0.979580
0.979580
0.979580
0.979580
0.979580
0.979580
0.979580
0.979580
0.979580
0.979580
0.979580
0.979580
0.979580
0.979580
0.979580
0.979580
0.979580
0.979580
0.979580
0.979580
0.979580
0.979580
0.979580
0.979580
0.979580
0.979580
0.979580
0.979580
0.979580
0.979580
0.979580
0.979580
0.979580
0.979580
0.979580
0.979580
0.979580
0.979580
0.979580
0.979580
0.979580
0.979580
0.979580
0.979580
0.979580
0.979580
0.979580
0.979580
0.979580
0.979580
0.979580
0.979580
0.979580
0.979580
0.979580
0.979580
0.979580
0.979580
0.979580
0.979580
0.979580
0.979580
0.979580
0.979580
0.979580
0.979580
0.979580
0.979580
0.979580
0.979580
0.979580
0.979580
0.979580
0.979580
0.979580
0.979580
0.979580
0.979580
0.979580
0.979580
0.979580
0.979580
0.979580
0.979580
0.979580
0.979580
0.979580
0.979580
0.979580
0.979580
0.979580
0.979580
0.979580
0.979580
0.979580
0.979580
0.979580
0.979580
0.979580
0.979580
0.979580
0.979580
0.979580
0.979580
0.979580
0.979580
0.979580
0.979580
0.979580
0.979580
0.979580
0.979580
0.979580
0.979580
0.979580
0.979580
0.979580
0.979580
0.979580
0.979580
0.979580
0.979580
0.979580
0.979580
0.979580
0.979580
0.979580
0.979580
0.979580
0.979580
0.979580
0.979580
0.979580
0.979580
0.979580
0.979580
0.979580
0.979580
0.979580
0.979580
0.979580
0.979580
0.979580
0.979580
0.979580
0.979580
0.979580
0.979580
0.979580
0.979580
0.979580
0.979580
0.979580
0.979580
0.979580
0.979580
0.979580
0.979580
0.979580
0.979580
0.979580
0.979580
0.979580
0.979580
0.979580
0.979580
0.979580
0.979580
0.979580
0.979580
0.979580
0.979580
0.979580
0.979580
0.979580
0.979580
0.979580
0.979580
0.979580
0.979580
0.979580
0.979580
0.979580
0.979580
0.979580
0.979580
0.979580
0.979580
0.979580
0.979580
0.979580
0.979580
0.979580
0.979580
0.979580
0.979580
0.979580
0.979580
0.979580
0.979580
0.979580
0.979580
0.979580
0.979580
0.979580
0.979580
0.979580
0.979580
0.979580
0.979580
0.979580
0.979580
0.979580
0.979580
0.979580
0.979580
0.979580
0.979580
0.979580
0.979580
0.979580
0.979580
0.979580
0.979580
0.979580
0.979580
0.979580
0.979580
0.979580
0.979580
0.979580
0.979580
0.979580
0.979580
0.979580
0.979580
0.979580
0.979580
0.979580
0.979580
0.979580
0.979580
0.979580
0.979580
0.979580
0.979580
0.979580
0.979580
0.979580
0.979580
0.979580
0.979580
0.979580
0.979580
0.979580
0.979580
0.979580
0.979580
0.979580
0.979580
0.979580
0.979580
0.979580
0.979580
0.979580
0.979580
0.979580
0.979580
0.979580
0.979580
0.979580
0.979580
0.979580
0.979580
0.979580
0.979580
0.979580
0.979580
0.979580
0.979580
0.979580
0.979580
0.979580
0.979580
0.979580
0.979580
0.979580
0.979580
0.979580
0.979580
0.979580
0.979580
0.979580
0.979580
0.979580
0.979580
0.979580
0.979580
0.979580
0.979580
0.979580
0.979580
0.979580
0.979580
0.979580
0.979580
0.979580
0.979580
0.979580
0.979580
0.979580
0.979580
0.979580
0.979580
0.979580
0.979580
0.979580
0.979580
0.979580
0.979580
0.979580
0.979580
0.979580
0.979580
0.979580
0.979580
0.979580
0.979580
0.979580
0.979580
0.979580
0.979580
0.979580
0.979580
0.979580
0.979580
0.979580
0.979580
0.979580
0.979580
0.979580
0.979580
0.979580
0.979580
0.979580
0.979580
0.979580
0.979580
0.979580
0.979580
0.979580
0.979580
0.979580
0.979580
0.979580
0.979580
0.979580
0.979580
0.979580
0.979580
0.979580
0.979580
0.979580
0.979580
0.979580
0.979580
0.979580
0.979580
0.979580
0.979580
0.979580
0.979580
0.979580
0.979580
0.979580
0.979580
0.979580
0.979580
0.979580
0.979580
0.979580
0.979580
0.979580
0.979580
0.979580
0.979580
0.979580
0.979580
0.979580
0.979580
0.979580
0.979580
0.979580
0.979580
0.979580
0.979580
0.979580
0.979580
0.979580
0.979580
0.979580
0.979580
0.979580
0.979580
0.979580
0.979580
0.979580
0.979580
0.979580
0.979580
0.979580
0.979580
0.979580
0.979580
0.979580
0.979580
0.979580
0.979580
0.979580
0.979580
0.979580
0.979580
0.979580
0.979580
0.979580
0.979580
0.979580
0.979580
0.979580
0.979580
0.979580
0.979580
0.979580
0.979580
0.979580
0.979580
0.979580
0.979580
0.979580
0.979580
0.979580
0.979580
0.979580
0.979580
0.979580
0.979580
0.979580
0.979580
0.979580
0.979580
0.979580
0.979580
0.979580
0.979580
0.979580
0.979580
0.979580
0.979580
0.979580
0.979580
0.979580
0.979580
0.979580
0.979580
0.979580
0.979580
0.979580
0.979580
0.979580
0.979580
0.979580
0.979580
0.979580
0.979580
0.979580
0.979580
0.979580
0.979580
0.979580
0.979580
0.979580
0.979580
0.979580
0.979580
0.979580
0.979580
0.979580
0.979580
0.979580
0.979580
0.979580
0.979580
0.979580
0.979580
0.979580
0.979580
0.979580
0.979580
0.979580
0.979580
0.979580
0.979580
0.979580
0.979580
0.979580
0.979580
0.979580
0.979580
0.979580
0.979580
0.979580
0.979580
0.979580
0.979580
0.979580
0.979580
0.979580
0.979580
0.979580
0.979580
0.979580
0.979580
0.979580
0.979580
0.979580
0.979580
0.979580
0.979580
0.979580
0.979580
0.979580
0.979580
0.979580
0.979580
0.979580
0.979580
0.979580
0.979580
0.979580
0.979580
0.979580
0.979580
0.979580
0.979580
0.979580
0.979580
0.979580
0.979580
0.979580
0.979580
0.979580
0.979580
0.979580
0.979580
0.979580
0.979580
0.979580
0.979580
0.979580
0.979580
0.979580
0.979580
0.979580
0.979580
0.979580
0.979580
0.979580
0.979580
0.979580
0.979580
0.979580
0.979580
0.979580
0.979580
0.979580
0.979580
0.979580
0.979580
0.979580
0.979580
0.979580
0.979580
0.979580
0.979580
0.979580
0.979580
0.979580
0.979580
0.979580
0.979580
0.979580
0.979580
0.979580
0.979580
0.979580
0.979580
0.979580
0.979580
0.979580
0.979580
0.979580
0.979580
0.979580
0.979580
0.979580
0.979580
0.979580
0.979580
0.979580
0.979580
0.979580
0.979580
0.979580
0.979580
0.979580
0.979580
0.979580
0.979580
0.979580
0.979580
0.979580
0.979580
0.979580
0.979580
0.979580
0.979580
0.979580
0.979580
0.979580
0.979580
0.979580
0.979580
0.979580
0.979580
0.979580
0.979580
0.979580
0.979580
0.979580
0.979580
0.979580
0.979580
0.979580
0.979580
0.979580
0.979580
0.979580
0.979580
0.979580
0.979580
0.979580
0.979580
0.979580
0.979580
0.979580
0.979580
0.979580
0.979580
0.979580
0.979580
0.979580
0.979580
0.979580
0.979580
0.979580
0.979580
0.979580
0.979580
0.979580
0.979580
0.979580
0.979580
0.979580
0.979580
0.979580
0.979580
0.979580
0.979580
0.979580
0.979580
0.979580
0.979580
0.979580
0.979580
0.979580
0.979580
0.979580
0.979580
0.979580
0.979580
0.979580
0.979580
0.979580
0.979580
0.979580
0.979580
0.979580
0.979580
0.979580
0.979580
0.979580
0.979580
0.979580
0.979580
0.979580
0.979580
0.979580
0.979580
0.979580
0.979580
0.979580
0.979580
0.979580
0.979580
0.979580
0.979580
0.979580
0.979580
0.979580
0.979580
0.979580
0.979580
0.979580
0.979580
0.979580
0.979580
0.979580
0.979580
0.979580
0.979580
0.979580
0.979580
0.979580
0.979580
0.979580
0.979580
0.979580
0.979580
0.979580
0.979580
0.979580
0.979580
0.979580
0.979580
0.979580
0.979580
0.979580
0.979580
0.979580
0.979580
0.979580
0.979580
0.979580
0.979580
0.979580
0.979580
0.979580
0.979580
0.979580
0.979580
0.979580
0.979580
0.979580
0.979580
0.979580
0.979580
0.979580
0.979580
0.979580
0.979580
0.979580
0.979580
0.979580
0.979580
0.979580
0.979580
0.979580
0.979580
0.979580
0.979580
0.979580
0.979580
0.979580
0.979580
0.979580
0.979580
0.979580
0.979580
0.979580
0.979580
0.979580
0.979580
0.979580
0.979580
0.979580
0.979580
0.979580
0.979580
0.979580
0.979580
0.979580
0.979580
0.979580
0.979580
0.979580
0.979580
0.979580
0.979580
0.979580
0.979580
0.979580
0.979580
0.979580
0.979580
0.979580
0.979580
0.979580
0.979580
0.979580
0.979580
0.979580
0.979580
0.979580
0.979580
0.979580
0.979580
0.979580
0.979580
0.979580
0.979580
0.979580
0.979580
0.979580
0.979580
0.979580
0.979580
0.979580
0.979580
0.979580
0.979580
0.979580
0.979580
0.979580
0.979580
0.979580
0.979580
0.979580
0.979580
0.979580
0.979580
0.979580
0.979580
0.979580
0.979580
0.979580
0.979580
0.979580
0.979580
0.979580
0.979580
0.979580
0.979580
0.979580
0.979580
0.979580
0.979580
0.979580
0.979580
0.979580
0.979580
0.979580
0.979580
0.979580
0.979580
0.979580
0.979580
0.979580
0.979580
0.979580
0.979580
0.979580
0.979580
0.979580
0.979580
0.979580
0.979580
0.979580
0.979580
0.979580
0.979580
0.979580
0.979580
0.979580
0.979580
0.979580
0.979580
0.979580
0.979580
0.979580
0.979580
0.979580
0.979580
0.979580
0.979580
0.979580
0.979580
0.979580
0.979580
0.979580
0.979580
0.979580
0.979580
0.979580
0.979580
0.979580
0.979580
0.979580
0.979580
0.979580
0.979580
0.979580
0.979580
0.979580
0.979580
0.979580
0.979580
0.979580
0.979580
0.979580
0.979580
0.979580
0.979580
0.979580
0.979580
0.979580
0.979580
0.979580
0.979580
0.979580
0.979580
0.979580
0.979580
0.979580
0.979580
0.979580
0.979580
0.979580
0.979580
0.979580
0.979580
0.979580
0.979580
0.979580
0.979580
0.979580
0.979580
0.979580
0.979580
0.979580
0.979580
0.979580
0.979580
0.979580
0.979580
0.979580
0.979580
0.979580
0.979580
0.979580
0.979580
0.979580
0.979580
0.979580
0.979580
0.979580
0.979580
0.979580
0.979580
0.979580
0.979580
0.979580
0.979580
0.979580
0.979580
0.979580
0.979580
0.979580
0.979580
0.979580
0.979580
0.979580
0.979580
0.979580
0.979580
0.979580
0.979580
0.979580
0.979580
0.979580
0.979580
0.979580
0.979580
0.979580
0.979580
0.979580
0.979580
0.979580
0.979580
0.979580
0.979580
0.979580
0.979580
0.979580
0.979580
0.979580
0.979580
0.979580
0.979580
0.979580
0.979580
0.979580
0.979580
0.979580
0.979580
0.979580
0.979580
0.979580
0.979580
0.979580
0.979580
0.979580
0.979580
0.979580
0.979580
0.979580
0.979580
0.979580
0.979580
0.979580
0.979580
0.979580
0.979580
0.979580
0.979580
0.979580
0.979580
0.979580
0.979580
0.979580
0.979580
0.979580
0.979580
0.979580
0.979580
0.979580
0.979580
0.979580
0.979580
0.979580
0.979580
0.979580
0.979580
0.979580
0.979580
0.979580
0.979580
0.979580
0.979580
0.979580
0.979580
0.979580
0.979580
0.979580
0.979580
0.979580
0.979580
0.979580
0.979580
0.979580
0.979580
0.979580
0.979580
0.979580
0.979580
0.979580
0.979580
0.979580
0.979580
0.979580
0.979580
0.979580
0.979580
0.979580
0.979580
0.979580
0.979580
0.979580
0.979580
0.979580
0.979580
0.979580
0.979580
0.979580
0.979580
0.979580
0.979580
0.979580
0.979580
0.979580
0.979580
0.979580
0.979580
0.979580
0.979580
0.979580
0.979580
0.979580
0.979580
0.979580
0.979580
0.979580
0.979580
0.979580
0.979580
0.979580
0.979580
0.979580
0.979580
0.979580
0.979580
0.979580
0.979580
0.979580
0.979580
0.979580
0.979580
0.979580
0.979580
0.979580
0.979580
0.979580
0.979580
0.979580
0.979580
0.979580
0.979580
0.979580
0.979580
0.979580
0.979580
0.979580
0.979580
0.979580
0.979580
0.979580
0.979580
0.979580
0.979580
0.979580
0.979580
0.979580
0.979580
0.979580
0.979580
0.979580
0.979580
0.979580
0.979580
0.979580
0.979580
0.979580
0.979580
0.979580
0.979580
0.979580
0.979580
0.979580
0.979580
0.979580
0.979580
0.979580
0.979580
0.979580
0.979580
0.979580
0.979580
0.979580
0.979580
0.979580
0.979580
0.979580
0.979580
0.979580
0.979580
0.979580
0.979580
0.979580
0.979580
0.979580
0.979580
0.979580
0.979580
0.979580
0.979580
0.979580
0.979580
0.979580
0.979580
0.979580
0.979580
0.979580
0.979580
0.979580
0.979580
0.979580
0.979580
0.979580
0.979580
0.979580
0.979580
0.979580
0.979580
0.979580
0.979580
0.979580
0.979580
0.979580
0.979580
0.979580
0.979580
0.979580
0.979580
0.979580
0.979580
0.979580
0.979580
0.979580
0.979580
0.979580
0.979580
0.979580
0.979580
0.979580
0.979580
0.979580
0.979580
0.979580
0.979580
0.979580
0.979580
0.979580
0.979580
0.979580
0.979580
0.979580
0.979580
0.979580
0.979580
0.979580
0.979580
0.979580
0.979580
0.979580
0.979580
0.979580
0.979580
0.979580
0.979580
0.979580
0.979580
0.979580
0.979580
0.979580
0.979580
0.979580
0.979580
0.979580
0.979580
0.979580
0.979580
0.979580
0.979580
0.979580
0.979580
0.979580
0.979580
0.979580
0.979580
0.979580
0.979580
0.979580
0.979580
0.979580
0.979580
0.979580
0.979580
0.979580
0.979580
0.979580
0.979580
0.979580
0.979580
0.979580
0.979580
0.979580
0.979580
0.979580
0.979580
0.979580
0.979580
0.979580
0.979580
0.979580
0.979580
0.979580
0.979580
0.979580
0.979580
0.979580
0.979580
0.979580
0.979580
0.979580
0.979580
0.979580
0.979580
0.979580
