0.052053
0.053084
0.052529
0.057228
0.056260
0.053704
0.051323
0.053050
0.055561
0.051279
0.052130
0.055774
0.055067
0.056155
0.052852
0.055043
0.056699
0.053498
0.059906
0.056736
0.056649
0.059833
0.058934
0.058815
0.059089
0.058796
0.058486
0.060429
0.061072
0.059235
0.059136
0.062608
0.059566
0.063310
0.061593
0.063194
0.062887
0.063794
0.067853
0.063793
0.064647
0.068059
0.065492
0.062225
0.066347
0.065231
0.067940
0.069442
0.067563
0.071301
0.068224
0.068308
0.076697
0.074982
0.069727
0.074088
0.072620
0.073533
0.075203
0.075866
0.079345
0.078670
0.077894
0.079184
0.076995
0.083068
0.084845
0.084894
0.083740
0.081320
0.083543
0.087482
0.091330
0.084575
0.094424
0.092578
0.099202
0.102822
0.103029
0.098127
0.109771
0.106811
0.114671
0.111773
0.099005
0.113788
0.119876
0.117124
0.110397
0.122810
0.111510
0.127607
0.118320
0.119109
0.113436
0.121203
0.119069
0.143785
0.125139
0.126864
0.124594
0.128106
0.143488
0.138254
0.146898
0.143048
0.141301
0.138175
0.145096
0.145198
0.155446
0.170721
0.137960
0.150099
0.162617
0.153687
0.191380
0.170703
0.162279
0.153373
0.179719
0.184536
0.190417
0.155597
0.177456
0.206226
0.154284
0.216207
0.194456
0.199552
0.191032
0.184026
0.221546
0.167149
0.186990
0.285458
0.181705
0.181361
0.216582
0.206878
0.320021
0.175210
0.138156
0.178841
0.134857
0.238398
0.184724
0.166014
0.109136
0.084663
0.101106
0.099319
0.072410
0.094870
0.085190
0.075695
0.099930
0.058742
0.071976
0.061562
0.056752
0.053058
0.072372
0.044865
0.052206
0.036791
0.046930
0.040666
0.039933
0.034278
0.039006
0.039009
0.035323
0.030120
0.027369
0.030902
0.028412
0.024963
0.029938
0.024331
0.023968
0.021713
0.020175
0.018504
0.017904
0.016886
0.017098
0.014841
0.013730
0.012994
0.012405
0.011309
0.010613
0.009607
0.008846
0.009139
0.007669
0.007635
0.006682
0.006245
0.006488
0.005862
0.005568
0.005170
0.004294
0.004005
0.003980
0.003932
0.003449
0.003297
0.003165
0.002889
0.002564
0.002377
0.002247
0.002090
0.001755
0.001688
0.001563
0.001415
0.001256
0.001133
0.000964
0.000872
0.000787
0.000615
0.000585
0.000483
0.000398
0.000315
0.000295
0.000315
0.000138
0.000224
0.000194
0.000000
0.000000
0.000113
0.000000
0.000000
0.000000
0.000000
0.000000
0.000000
0.000000
0.000000
0.000000
0.000000
0.000000
0.000000
0.000000
0.000000
0.000000
0.000000
0.000000
0.000000
0.000000
0.000000
0.000000
0.000000
