0.025817
0.027121
0.026592
0.027012
0.026931
0.025853
0.026487
0.027595
0.028146
0.026684
0.027232
0.026952
0.027784
0.027661
0.028541
0.027270
0.028246
0.026479
0.028602
0.030197
0.029344
0.029790
0.028887
0.029077
0.029299
0.029332
0.028682
0.030779
0.031323
0.029913
0.030433
0.032474
0.032569
0.029710
0.031995
0.030051
0.031279
0.032841
0.031754
0.030928
0.031465
0.030478
0.032813
0.033073
0.031481
0.032410
0.034882
0.036362
0.033297
0.034709
0.033770
0.034958
0.035299
0.034570
0.040594
0.032683
0.036802
0.036453
0.040481
0.038617
0.042476
0.040585
0.041225
0.040167
0.039074
0.038313
0.036361
0.041112
0.041375
0.038744
0.045915
0.045004
0.046997
0.041769
0.046633
0.050317
0.049717
0.041821
0.048933
0.051898
0.054280
0.051031
0.050961
0.052829
0.053276
0.053820
0.048772
0.052206
0.062370
0.059977
0.062527
0.065016
0.059228
0.054889
0.060701
0.066140
0.063459
0.058521
0.057034
0.066822
0.071215
0.073113
0.060585
0.060068
0.073388
0.069817
0.067080
0.066180
0.062229
0.072899
0.068991
0.077286
0.103521
0.073528
0.084080
0.078685
0.074529
0.087411
0.105363
0.092180
0.103522
0.077982
0.095463
0.080687
0.107182
0.113273
0.105517
0.102025
0.094886
0.098814
0.106153
0.144593
0.145101
0.075800
0.133834
0.146023
0.152839
0.128692
0.149047
0.156770
0.121374
0.147187
0.205942
0.105062
0.095350
0.101519
0.106677
0.147067
0.126298
0.332368
0.093271
0.082175
0.120995
0.136462
0.128102
0.198865
0.064695
0.060332
0.033958
0.031097
0.036617
0.032627
0.033747
0.038744
0.028605
0.021690
0.035942
0.021037
0.024250
0.018741
0.030540
0.016832
0.015518
0.020607
0.016380
0.016306
0.018300
0.015158
0.014603
0.014557
0.011936
0.011561
0.010816
0.010201
0.009223
0.008852
0.008508
0.007197
0.006841
0.006317
0.006353
0.005858
0.005924
0.004514
0.004716
0.004367
0.004194
0.003695
0.003602
0.003466
0.003333
0.002850
0.002788
0.002642
0.002406
0.002144
0.002083
0.001854
0.001796
0.001676
0.001473
0.001405
0.001369
0.001191
0.001092
0.000955
0.000917
0.000865
0.000749
0.000668
0.000649
0.000529
0.000507
0.000437
0.000386
0.000324
0.000290
0.000268
0.000200
0.000182
0.000168
0.000130
0.000101
0.000094
0.000043
0.000053
0.000051
0.000015
0.000022
0.000000
0.000000
0.000000
0.000000
0.000000
0.000000
0.000000
0.000000
0.000000
0.000000
0.000000
0.000000
0.000000
0.000000
0.000000
0.000000
0.000000
0.000000
0.000000
0.000000
0.000000
