0.005928
0.005941
0.006469
0.006244
0.006284
0.006277
0.006308
0.006412
0.006180
0.006282
0.006253
0.006238
0.006445
0.006302
0.005994
0.006297
0.005776
0.005794
0.006281
0.006371
0.006413
0.006344
0.006446
0.006230
0.006720
0.007103
0.006134
0.006310
0.006458
0.006241
0.006428
0.006863
0.006691
0.006574
0.006360
0.006566
0.006631
0.006728
0.006809
0.007029
0.006776
0.006528
0.006451
0.006691
0.006807
0.006716
0.007449
0.006484
0.006425
0.006982
0.006647
0.006829
0.006495
0.006733
0.007287
0.006662
0.007231
0.007207
0.006448
0.007180
0.007171
0.006811
0.007376
0.007622
0.007088
0.007354
0.007203
0.007564
0.007014
0.007202
0.007565
0.007887
0.007418
0.007854
0.007876
0.007624
0.007467
0.007831
0.008197
0.007288
0.007781
0.008139
0.007914
0.007995
0.008184
0.007575
0.008163
0.007934
0.008668
0.008597
0.008073
0.008095
0.007976
0.007750
0.008456
0.008211
0.008456
0.008130
0.007959
0.008300
0.007695
0.008328
0.008741
0.007976
0.009075
0.009285
0.008918
0.008896
0.008560
0.008301
0.007735
0.008659
0.008063
0.008309
0.009359
0.009392
0.010184
0.009044
0.009003
0.010339
0.009913
0.010015
0.009613
0.008861
0.009055
0.008254
0.010167
0.008551
0.008631
0.009386
0.009297
0.008130
0.009802
0.010646
0.009762
0.009221
0.009811
0.009414
0.008895
0.008874
0.009971
0.009422
0.008518
0.010130
0.010257
0.012004
0.010733
0.009541
0.010957
0.010989
0.010009
0.011035
0.009074
0.011359
0.010277
0.012551
0.009702
0.010287
0.011349
0.010996
0.009560
0.011743
0.008923
0.009015
0.010440
0.009395
0.009835
0.011431
0.010799
0.008727
0.008841
0.008560
0.009538
0.008578
0.009129
0.009102
0.009479
0.008718
0.008369
0.008414
0.009082
0.008638
0.008640
0.008386
0.008036
0.007868
0.008210
0.007613
0.007633
0.007412
0.007350
0.007578
0.007195
0.007249
0.007281
0.007213
0.006920
0.007076
0.006943
0.007019
0.006791
0.006870
0.006807
0.006804
0.006807
0.006722
0.006708
0.006745
0.006752
0.006672
0.006640
0.006638
0.006624
0.006609
0.006612
0.006595
0.006603
0.006586
0.006580
0.006583
0.006573
0.006571
0.006572
0.006565
0.006563
0.006565
0.006562
0.006561
0.006559
0.006559
0.006558
0.006559
0.006558
0.006557
0.006557
0.006557
0.006558
0.006557
0.006557
0.006558
0.006557
0.006557
0.006557
0.006557
0.006557
0.006557
0.006557
0.006557
0.006557
0.006557
0.006557
0.006557
0.006557
0.006557
0.006557
0.006557
0.006557
0.006557
0.006557
0.006557
