0.002844
0.002396
0.003427
0.002402
0.002394
0.002552
0.003106
0.002790
0.003403
0.002682
0.002312
0.002415
0.002597
0.003703
0.003591
0.002977
0.004009
0.004069
0.002570
0.003268
0.003170
0.003008
0.003833
0.002826
0.004557
0.003356
0.004259
0.003649
0.004675
0.002709
0.003040
0.004020
0.004519
0.003390
0.001991
0.002535
0.002553
0.003398
0.003375
0.002706
0.005267
0.002055
0.003361
0.004216
0.003297
0.002081
0.002646
0.004461
0.005246
0.002339
0.002405
0.004196
0.003381
0.001957
0.002327
0.003600
0.002278
0.002584
0.002367
0.001915
0.003660
0.003089
0.002895
0.005013
0.003052
0.004634
0.002918
0.002649
0.002656
0.003393
0.004391
0.002610
0.004319
0.003094
0.005374
0.006034
0.002794
0.003263
0.003196
0.002810
0.004121
0.004225
0.003634
0.005872
0.004597
0.003002
0.003228
0.002641
0.002383
0.004176
0.003617
0.002916
0.002251
0.002681
0.003581
0.003368
0.006317
0.002759
0.002897
0.003752
0.004440
0.002870
0.004633
0.003218
0.002719
0.003054
0.003004
0.004465
0.004778
0.002508
0.003718
0.002203
0.003865
0.003527
0.004498
0.002521
0.004476
0.002483
0.003605
0.003796
0.003004
0.003710
0.002366
0.003509
0.003699
0.004087
0.005801
0.002028
0.004966
0.002309
0.003429
0.003323
0.006231
0.002221
0.004549
0.003406
0.004246
0.001688
0.002573
0.002549
0.003106
0.003219
0.007615
0.004975
0.002648
0.003313
0.001868
0.001864
0.003328
0.003742
0.003134
0.004093
0.003310
0.004516
0.004264
0.003511
0.003926
0.002803
0.004346
0.004297
0.002637
0.002019
0.001085
0.001635
0.004398
0.002514
0.002234
0.003258
0.001565
0.000873
0.004169
0.003854
0.001508
0.003201
0.001773
0.001684
0.002095
0.001751
0.004524
0.001692
0.001514
0.001767
0.001688
0.001713
0.000997
0.000820
0.001548
0.001590
0.001596
0.001099
0.001483
0.000748
0.001133
0.001461
0.001695
0.000893
0.000929
0.000839
0.000631
0.000855
0.000820
0.000847
0.000800
0.000843
0.001126
0.001124
0.000681
0.001337
0.000995
0.000536
0.000377
0.000623
0.000371
0.000713
0.000537
0.000526
0.000425
0.000596
0.000583
0.000393
0.000371
0.000485
0.000381
0.000855
0.000405
0.000669
0.000499
0.000434
0.000424
0.000179
0.000407
0.000322
0.000411
0.000604
0.000451
0.000568
0.000689
0.000452
0.000410
0.000526
0.000545
0.000456
0.000313
0.000956
0.000469
0.000248
0.000677
0.000371
0.000461
0.000862
0.000469
0.000424
0.000500
0.000422
0.000634
0.000312
0.000433
0.000262
0.000561
0.000719
