-0.431594
-0.431633
-0.434086
-0.436320
-0.439023
-0.442875
-0.443836
-0.446820
-0.449773
-0.449375
-0.452453
-0.452719
-0.459289
-0.457219
-0.466391
-0.469594
-0.473219
-0.475445
-0.479000
-0.476117
-0.479883
-0.491250
-0.493516
-0.487500
-0.496234
-0.500742
-0.509156
-0.512133
-0.511961
-0.513242
-0.519125
-0.524891
-0.522773
-0.530000
-0.531828
-0.537320
-0.542898
-0.542437
-0.552172
-0.554695
-0.560773
-0.565469
-0.563094
-0.570680
-0.577344
-0.580219
-0.584234
-0.591008
-0.595937
-0.600266
-0.602945
-0.608586
-0.612477
-0.620062
-0.626305
-0.628203
-0.638609
-0.642445
-0.648602
-0.649000
-0.660633
-0.666875
-0.672070
-0.676078
-0.689937
-0.696312
-0.699336
-0.708289
-0.715688
-0.719781
-0.731859
-0.738703
-0.744070
-0.752320
-0.763852
-0.763383
-0.778461
-0.790266
-0.801000
-0.810258
-0.815266
-0.820813
-0.831375
-0.832805
-0.832563
-0.842555
-0.844359
-0.847742
-0.852469
-0.854945
-0.858273
-0.864195
-0.867141
-0.870945
-0.881125
-0.884422
-0.889813
-0.891320
-0.897937
-0.899109
-0.910555
-0.917539
-0.920180
-0.924656
-0.927203
-0.937039
-0.937414
-0.947977
-0.955344
-0.953664
-0.959312
-0.972711
-0.976445
-0.980359
-0.989680
-0.990812
-1.002750
-1.009953
-1.020359
-1.023328
-1.023617
-1.033953
-1.042914
-1.053422
-1.066461
-1.062383
-1.076742
-1.083047
-1.093078
-1.097289
-1.109117
-1.117070
-1.121977
-1.134578
-1.137352
-1.146375
-1.178445
-1.174344
-1.205164
-1.185477
-1.204617
-1.222398
-1.234016
-1.245992
-1.257508
-1.297211
-1.290602
-1.336680
-1.363180
-1.311367
-1.335875
-1.397172
-1.407484
-1.431328
-1.421711
-1.490617
-1.497219
-1.496094
-1.509398
-1.529570
-1.547547
-1.547000
-1.570734
-1.563195
-1.600688
-1.612672
-1.624859
-1.624953
-1.643539
-1.651492
-1.665398
-1.669414
-1.678094
-1.692805
-1.701805
-1.709078
-1.719711
-1.724641
-1.731281
-1.738250
-1.745555
-1.758305
-1.777141
-1.793563
-1.811797
-1.825523
-1.835109
-1.849234
-1.860422
-1.870484
-1.877922
-1.888133
-1.897641
-1.908133
-1.912820
-1.922633
-1.929695
-1.935547
-1.940711
-1.945625
-1.950883
-1.956133
-1.960641
-1.965188
-1.967031
-1.970742
-1.975797
-1.977055
-1.980367
-1.983398
-1.984445
-1.987344
-1.988719
-1.990086
-1.991438
-1.992609
-1.993820
-1.994781
-1.995813
-1.996672
-1.997195
-1.997617
-1.997961
-1.998562
-1.998844
-1.999078
-1.999289
-1.999594
-1.999672
-1.999656
-1.999781
-1.999844
-1.999938
-1.999906
-2.000000
-1.999953
-1.999969
-2.000000
-2.000000
-2.000000
-2.000000
-2.000000
-1.999984
-2.000000
-2.000000
-2.000000
-2.000000
-2.000000
-2.000000
-2.000000
-2.000000
-2.000000
-2.000000
-2.000000
-2.000000
-2.000000
-2.000000
-2.000000
-2.000000
-2.000000
