0.053157
0.052990
0.051487
0.052837
0.052054
0.052926
0.054973
0.052074
0.054602
0.052996
0.055534
0.052571
0.056204
0.055746
0.054702
0.058591
0.055252
0.055396
0.057855
0.056552
0.056383
0.057119
0.057781
0.058315
0.059753
0.059176
0.061276
0.057578
0.061262
0.061990
0.059392
0.062949
0.059742
0.062385
0.064131
0.060256
0.062227
0.064976
0.066332
0.066566
0.064641
0.063851
0.064065
0.064984
0.068532
0.069623
0.067492
0.067516
0.070702
0.068843
0.070152
0.071588
0.069964
0.072184
0.073222
0.073452
0.072975
0.072477
0.074240
0.076194
0.076516
0.077499
0.078591
0.077826
0.082946
0.080466
0.084071
0.089703
0.086897
0.087582
0.087560
0.090601
0.088648
0.091839
0.101193
0.092931
0.098262
0.098696
0.097815
0.099381
0.106821
0.104517
0.115519
0.108137
0.110164
0.107708
0.111141
0.107834
0.118448
0.122561
0.116273
0.116746
0.110654
0.119244
0.129342
0.130773
0.118395
0.134764
0.124411
0.123727
0.117943
0.128569
0.116946
0.140282
0.148732
0.148704
0.140875
0.151950
0.157786
0.151859
0.139482
0.158835
0.146654
0.169297
0.163684
0.163189
0.166198
0.167167
0.162046
0.204772
0.192870
0.198457
0.183833
0.207291
0.222069
0.210315
0.238874
0.236572
0.190228
0.226593
0.245597
0.270730
0.252644
0.255164
0.217016
0.270945
0.306406
0.270617
0.340612
0.159732
0.369672
0.409876
0.224014
0.277202
0.357462
0.218626
0.143204
0.175590
0.127683
0.161903
0.157255
0.132743
0.115247
0.125272
0.531902
0.152066
0.514320
0.082349
0.082983
0.052720
0.067465
0.083084
0.084499
0.051088
0.067350
0.049963
0.042878
0.062842
0.044069
0.037638
0.035039
0.039492
0.034248
0.033416
0.032428
0.031666
0.030861
0.031115
0.026435
0.028985
0.024026
0.025105
0.021744
0.021165
0.019935
0.018086
0.015665
0.014897
0.013267
0.013296
0.012499
0.012312
0.010427
0.009820
0.009108
0.008583
0.007999
0.007618
0.007118
0.006601
0.005965
0.005670
0.005382
0.005027
0.004959
0.004411
0.004109
0.003762
0.003374
0.003167
0.002964
0.002915
0.002582
0.002351
0.002333
0.001990
0.001907
0.001676
0.001455
0.001442
0.001245
0.000980
0.001015
0.000885
0.000751
0.000667
0.000543
0.000469
0.000436
0.000421
0.000293
0.000293
0.000163
0.000151
0.000138
0.000107
0.000107
0.000062
0.000062
0.000000
0.000000
0.000000
0.000000
0.000000
0.000000
0.000000
0.000000
0.000000
0.000000
0.000000
0.000000
0.000000
0.000000
0.000000
0.000000
0.000000
0.000000
0.000000
0.000000
0.000000
