1.000000
0.999862
0.999721
0.999580
0.999439
0.999297
0.999154
0.999011
0.998870
0.998728
0.998587
0.998445
0.998304
0.998162
0.998020
0.997878
0.997734
0.997590
0.997446
0.997300
0.997155
0.997010
0.996863
0.996716
0.996566
0.996409
0.996262
0.996115
0.995971
0.995805
0.995652
0.995498
0.995347
0.995183
0.995030
0.994876
0.994726
0.994561
0.994404
0.994247
0.994094
0.993926
0.993767
0.993607
0.993452
0.993283
0.993123
0.992964
0.992810
0.992642
0.992484
0.992327
0.992173
0.992005
0.991848
0.991692
0.991537
0.991369
0.991211
0.991052
0.990895
0.990726
0.990568
0.990411
0.990258
0.990093
0.989938
0.989783
0.989633
0.989471
0.989319
0.989168
0.989019
0.988855
0.988702
0.988549
0.988403
0.988241
0.988090
0.987940
0.987796
0.987638
0.987489
0.987342
0.987198
0.987041
0.986895
0.986746
0.986601
0.986444
0.986296
0.986149
0.986007
0.985850
0.985705
0.985562
0.985422
0.985267
0.985121
0.984975
0.984834
0.984680
0.984534
0.984388
0.984245
0.984089
0.983942
0.983794
0.983654
0.983501
0.983357
0.983213
0.983073
0.982921
0.982780
0.982637
0.982501
0.982357
0.982224
0.982087
0.981955
0.981811
0.981675
0.981539
0.981407
0.981266
0.981135
0.981003
0.980873
0.980731
0.980601
0.980471
0.980344
0.980203
0.980072
0.979941
0.979814
0.979674
0.979541
0.979410
0.979279
0.979139
0.979005
0.978872
0.978740
0.978599
0.978470
0.978340
0.978216
0.978083
0.977954
0.977834
0.977718
0.977581
0.977458
0.977337
0.977220
0.977083
0.976962
0.976843
0.976725
0.976589
0.976467
0.976346
0.976230
0.976099
0.975978
0.975861
0.975747
0.975614
0.975492
0.975371
0.975255
0.975120
0.975001
0.974882
0.974766
0.974631
0.974506
0.974382
0.974262
0.974125
0.974000
0.973877
0.973758
0.973620
0.973491
0.973366
0.973245
0.973103
0.972975
0.972845
0.972721
0.972579
0.972450
0.972322
0.972194
0.972051
0.971921
0.971792
0.971668
0.971527
0.971395
0.971264
0.971138
0.970994
0.970864
0.970738
0.970618
0.970471
0.970338
0.970205
0.970080
0.969928
0.969795
0.969663
0.969535
0.969384
0.969249
0.969112
0.968983
0.968828
0.968692
0.968554
0.968426
0.968275
0.968142
0.968011
0.967885
0.967735
0.967603
0.967471
0.967347
0.967198
0.967068
0.966943
0.966820
0.966675
0.966546
0.966420
0.966299
0.966154
0.966026
0.965898
0.965777
0.965633
0.965502
0.965374
0.965253
0.965107
0.964977
0.964851
0.964732
0.964588
0.964458
0.964332
0.964212
0.964071
0.963947
0.963825
0.963708
0.963567
0.963442
0.963318
0.963196
0.963051
0.962918
0.962791
0.962669
0.962524
0.962397
0.962272
0.962153
0.962010
0.961884
0.961761
0.961640
0.961498
0.961374
0.961255
0.961138
0.961004
0.960885
0.960767
0.960657
0.960527
0.960412
0.960299
0.960192
0.960065
0.959951
0.959841
0.959737
0.959611
0.959499
0.959389
0.959280
0.959152
0.959039
0.958929
0.958822
0.958694
0.958585
0.958475
0.958371
0.958248
0.958131
0.958018
0.957909
0.957786
0.957669
0.957556
0.957446
0.957322
0.957208
0.957096
0.956983
0.956861
0.956747
0.956639
0.956532
0.956413
0.956305
0.956196
0.956092
0.955974
0.955860
0.955752
0.955647
0.955529
0.955420
0.955313
0.955212
0.955096
0.954984
0.954874
0.954763
0.954644
0.954533
0.954425
0.954321
0.954204
0.954097
0.953991
0.953890
0.953775
0.953666
0.953562
0.953454
0.953332
0.953217
0.953104
0.952995
0.952873
0.952760
0.952651
0.952541
0.952423
0.952315
0.952211
0.952109
0.951994
0.951889
0.951785
0.951685
0.951574
0.951469
0.951368
0.951271
0.951161
0.951058
0.950959
0.950862
0.950752
0.950652
0.950552
0.950456
0.950346
0.950244
0.950145
0.950047
0.949941
0.949842
0.949744
0.949650
0.949541
0.949443
0.949347
0.949257
0.949152
0.949053
0.948959
0.948868
0.948764
0.948671
0.948577
0.948487
0.948383
0.948285
0.948189
0.948095
0.947991
0.947897
0.947801
0.947711
0.947606
0.947511
0.947417
0.947327
0.947222
0.947125
0.947031
0.946941
0.946836
0.946741
0.946645
0.946556
0.946452
0.946358
0.946266
0.946174
0.946076
0.945985
0.945892
0.945807
0.945708
0.945616
0.945526
0.945441
0.945343
0.945255
0.945172
0.945093
0.945000
0.944917
0.944835
0.944757
0.944664
0.944580
0.944499
0.944421
0.944333
0.944252
0.944169
0.944093
0.944004
0.943919
0.943836
0.943757
0.943663
0.943573
0.943488
0.943408
0.943313
0.943229
0.943145
0.943064
0.942971
0.942888
0.942806
0.942727
0.942638
0.942558
0.942477
0.942400
0.942311
0.942229
0.942150
0.942076
0.941989
0.941906
0.941830
0.941757
0.941670
0.941591
0.941513
0.941439
0.941353
0.941277
0.941205
0.941135
0.941057
0.940984
0.940910
0.940842
0.940763
0.940690
0.940619
0.940552
0.940472
0.940397
0.940329
0.940264
0.940184
0.940113
0.940043
0.939977
0.939897
0.939825
0.939759
0.939691
0.939616
0.939541
0.939467
0.939398
0.939318
0.939245
0.939177
0.939114
0.939038
0.938967
0.938898
0.938832
0.938752
0.938682
0.938614
0.938548
0.938471
0.938400
0.938329
0.938262
0.938187
0.938120
0.938051
0.937988
0.937915
0.937842
0.937772
0.937704
0.937626
0.937552
0.937483
0.937416
0.937337
0.937265
0.937198
0.937132
0.937054
0.936985
0.936917
0.936852
0.936777
0.936711
0.936644
0.936581
0.936509
0.936440
0.936371
0.936308
0.936235
0.936165
0.936100
0.936038
0.935963
0.935896
0.935830
0.935767
0.935692
0.935625
0.935559
0.935496
0.935423
0.935359
0.935296
0.935238
0.935170
0.935105
0.935043
0.934984
0.934915
0.934850
0.934786
0.934724
0.934650
0.934585
0.934519
0.934458
0.934386
0.934320
0.934258
0.934200
0.934131
0.934070
0.934009
0.933951
0.933883
0.933819
0.933757
0.933698
0.933628
0.933561
0.933500
0.933443
0.933371
0.933308
0.933247
0.933188
0.933119
0.933061
0.932999
0.932941
0.932870
0.932808
0.932745
0.932688
0.932620
0.932557
0.932496
0.932442
0.932378
0.932318
0.932265
0.932215
0.932153
0.932099
0.932046
0.931996
0.931937
0.931885
0.931835
0.931787
0.931730
0.931679
0.931626
0.931581
0.931525
0.931476
0.931425
0.931377
0.931320
0.931264
0.931219
0.931177
0.931122
0.931076
0.931028
0.930986
0.930932
0.930884
0.930842
0.930806
0.930759
0.930720
0.930679
0.930644
0.930599
0.930560
0.930522
0.930486
0.930440
0.930395
0.930359
0.930325
0.930276
0.930236
0.930194
0.930155
0.930106
0.930055
0.930007
0.929960
0.929911
0.929863
0.929814
0.929767
0.929715
0.929666
0.929617
0.929569
0.929520
0.929467
0.929422
0.929377
0.929326
0.929279
0.929230
0.929185
0.929134
0.929086
0.929040
0.928993
0.928943
0.928891
0.928840
0.928791
0.928734
0.928678
0.928622
0.928568
0.928515
0.928459
0.928416
0.928372
0.928321
0.928273
0.928226
0.928178
0.928125
0.928074
0.928023
0.927974
0.927922
0.927873
0.927823
0.927774
0.927724
0.927677
0.927628
0.927581
0.927535
0.927480
0.927435
0.927390
0.927335
0.927279
0.927224
0.927175
0.927120
0.927067
0.927014
0.926965
0.926915
0.926867
0.926818
0.926770
0.926717
0.926667
0.926614
0.926563
0.926515
0.926456
0.926411
0.926366
0.926314
0.926264
0.926214
0.926170
0.926119
0.926071
0.926024
0.925974
0.925923
0.925874
0.925822
0.925774
0.925723
0.925675
0.925622
0.925573
0.925524
0.925466
0.925421
0.925374
0.925319
0.925272
0.925221
0.925176
0.925127
0.925078
0.925030
0.924982
0.924934
0.924889
0.924843
0.924798
0.924749
0.924706
0.924660
0.924614
0.924568
0.924512
0.924472
0.924428
0.924377
0.924329
0.924283
0.924242
0.924194
0.924148
0.924102
0.924058
0.924014
0.923971
0.923925
0.923883
0.923835
0.923794
0.923749
0.923707
0.923666
0.923614
0.923577
0.923539
0.923493
0.923450
0.923405
0.923370
0.923325
0.923281
0.923237
0.923193
0.923151
0.923109
0.923064
0.923022
0.922975
0.922934
0.922888
0.922846
0.922803
0.922752
0.922716
0.922680
0.922638
0.922596
0.922555
0.922523
0.922484
0.922446
0.922411
0.922375
0.922341
0.922307
0.922271
0.922239
0.922203
0.922173
0.922137
0.922104
0.922071
0.922029
0.922002
0.921972
0.921931
0.921894
0.921852
0.921817
0.921775
0.921735
0.921698
0.921658
0.921623
0.921586
0.921545
0.921504
0.921458
0.921417
0.921373
0.921331
0.921295
0.921253
0.921224
0.921193
0.921157
0.921121
0.921085
0.921054
0.921017
0.920981
0.920946
0.920909
0.920876
0.920843
0.920808
0.920775
0.920738
0.920708
0.920675
0.920644
0.920614
0.920573
0.920549
0.920522
0.920487
0.920455
0.920422
0.920397
0.920369
0.920342
0.920317
0.920289
0.920266
0.920241
0.920217
0.920195
0.920168
0.920148
0.920124
0.920102
0.920080
0.920047
0.920028
0.920008
0.919981
0.919955
0.919929
0.919909
0.919885
0.919862
0.919841
0.919818
0.919798
0.919777
0.919752
0.919730
0.919703
0.919679
0.919651
0.919624
0.919596
0.919560
0.919538
0.919513
0.919481
0.919454
0.919422
0.919396
0.919364
0.919330
0.919298
0.919264
0.919233
0.919201
0.919166
0.919136
0.919102
0.919072
0.919039
0.919007
0.918975
0.918933
0.918902
0.918870
0.918833
0.918798
0.918758
0.918727
0.918692
0.918654
0.918619
0.918580
0.918548
0.918513
0.918475
0.918440
0.918398
0.918361
0.918322
0.918283
0.918244
0.918196
0.918164
0.918133
0.918095
0.918060
0.918020
0.917990
0.917953
0.917914
0.917877
0.917834
0.917798
0.917758
0.917715
0.917676
0.917629
0.917590
0.917549
0.917506
0.917465
0.917414
0.917382
0.917350
0.917312
0.917277
0.917235
0.917202
0.917163
0.917122
0.917086
0.917052
0.917028
0.917000
0.916967
0.916940
0.916907
0.916881
0.916852
0.916823
0.916795
0.916757
0.916734
0.916707
0.916672
0.916640
0.916603
0.916574
0.916542
0.916507
0.916474
0.916436
0.916407
0.916374
0.916337
0.916302
0.916264
0.916229
0.916195
0.916153
0.916120
0.916072
0.916038
0.915999
0.915961
0.915922
0.915876
0.915836
0.915803
0.915765
0.915729
0.915684
0.915656
0.915620
0.915580
0.915543
0.915507
0.915474
0.915440
0.915405
0.915379
0.915338
0.915311
0.915277
0.915245
0.915210
0.915167
0.915131
0.915100
0.915061
0.915024
0.914974
0.914940
0.914899
0.914853
0.914808
0.914767
0.914727
0.914684
0.914638
0.914604
0.914555
0.914518
0.914476
0.914438
0.914396
0.914350
0.914308
0.914271
0.914224
0.914176
0.914121
0.914079
0.914028
0.913973
0.913920
0.913865
0.913814
0.913763
0.913708
0.913664
0.913603
0.913554
0.913502
0.913451
0.913392
0.913332
0.913276
0.913226
0.913169
0.913112
0.913052
0.913003
0.912948
0.912888
0.912829
0.912773
0.912717
0.912659
0.912598
0.912549
0.912482
0.912428
0.912371
0.912311
0.912248
0.912178
0.912113
0.912051
0.911981
0.911912
0.911840
0.911786
0.911725
0.911659
0.911596
0.911535
0.911480
0.911419
0.911357
0.911306
0.911237
0.911183
0.911125
0.911068
0.911009
0.910945
0.910889
0.910834
0.910775
0.910718
0.910660
0.910609
0.910554
0.910495
0.910440
0.910380
0.910330
0.910271
0.910212
0.910160
0.910095
0.910046
0.909996
0.909941
0.909885
0.909827
0.909774
0.909721
0.909663
0.909606
0.909545
0.909493
0.909437
0.909379
0.909321
0.909263
0.909211
0.909154
0.909096
0.909044
0.908978
0.908928
0.908872
0.908813
0.908755
0.908692
0.908639
0.908583
0.908522
0.908461
0.908397
0.908345
0.908285
0.908225
0.908167
0.908105
0.908051
0.907990
0.907926
0.907876
0.907813
0.907766
0.907713
0.907660
0.907609
0.907554
0.907508
0.907459
0.907406
0.907353
0.907295
0.907248
0.907195
0.907138
0.907085
0.907030
0.906986
0.906935
0.906883
0.906842
0.906790
0.906754
0.906714
0.906672
0.906630
0.906582
0.906545
0.906505
0.906462
0.906420
0.906373
0.906339
0.906298
0.906256
0.906215
0.906170
0.906137
0.906097
0.906055
0.906022
0.905974
0.905944
0.905909
0.905870
0.905832
0.905790
0.905761
0.905727
0.905690
0.905656
0.905614
0.905588
0.905555
0.905519
0.905486
0.905450
0.905424
0.905388
0.905351
0.905322
0.905280
0.905258
0.905228
0.905195
0.905163
0.905123
0.905095
0.905062
0.905027
0.904991
0.904951
0.904924
0.904889
0.904852
0.904817
0.904778
0.904750
0.904712
0.904673
0.904641
0.904594
0.904565
0.904530
0.904491
0.904454
0.904411
0.904380
0.904344
0.904304
0.904265
0.904222
0.904190
0.904154
0.904117
0.904081
0.904038
0.904006
0.903964
0.903921
0.903883
0.903829
0.903792
0.903750
0.903705
0.903659
0.903609
0.903571
0.903530
0.903485
0.903439
0.903390
0.903349
0.903304
0.903258
0.903212
0.903162
0.903124
0.903074
0.903025
0.902983
0.902930
0.902894
0.902854
0.902806
0.902755
0.902702
0.902661
0.902618
0.902572
0.902526
0.902477
0.902432
0.902385
0.902336
0.902293
0.902245
0.902207
0.902160
0.902112
0.902070
0.902014
0.901972
0.901929
0.901882
0.901833
0.901782
0.901741
0.901697
0.901650
0.901608
0.901562
0.901522
0.901480
0.901437
0.901397
0.901354
0.901322
0.901277
0.901232
0.901195
0.901144
0.901109
0.901070
0.901029
0.900985
0.900940
0.900903
0.900864
0.900822
0.900782
0.900738
0.900699
0.900659
0.900615
0.900571
0.900522
0.900484
0.900435
0.900389
0.900356
0.900308
0.900270
0.900234
0.900188
0.900144
0.900098
0.900063
0.900021
0.899980
0.899941
0.899901
0.899861
0.899824
0.899783
0.899747
0.899698
0.899668
0.899624
0.899583
0.899545
0.899496
0.899466
0.899433
0.899392
0.899355
0.899315
0.899290
0.899259
0.899228
0.899194
0.899160
0.899128
0.899096
0.899059
0.899025
0.898982
0.898955
0.898913
0.898872
0.898834
0.898785
0.898752
0.898716
0.898671
0.898627
0.898582
0.898550
0.898508
0.898466
0.898426
0.898385
0.898345
0.898306
0.898263
0.898223
0.898173
0.898141
0.898097
0.898056
0.898015
0.897963
0.897929
0.897892
0.897846
0.897804
0.897761
0.897731
0.897692
0.897653
0.897619
0.897582
0.897548
0.897515
0.897483
0.897456
0.897418
0.897397
0.897363
0.897331
0.897302
0.897262
0.897235
0.897208
0.897171
0.897136
0.897099
0.897073
0.897039
0.897004
0.896970
0.896935
0.896900
0.896863
0.896822
0.896785
0.896737
0.896708
0.896667
0.896626
0.896588
0.896539
0.896508
0.896474
0.896431
0.896394
0.896354
0.896326
0.896289
0.896252
0.896215
0.896176
0.896143
0.896107
0.896070
0.896036
0.895992
0.895964
0.895927
0.895892
0.895858
0.895814
0.895787
0.895757
0.895716
0.895680
0.895640
0.895612
0.895574
0.895537
0.895500
0.895461
0.895426
0.895388
0.895347
0.895309
0.895261
0.895227
0.895183
0.895141
0.895103
0.895052
0.895017
0.894979
0.894930
0.894885
0.894837
0.894801
0.894755
0.894708
0.894661
0.894612
0.894569
0.894523
0.894474
0.894428
0.894373
0.894334
0.894285
0.894236
0.894192
0.894136
0.894097
0.894058
0.894009
0.893964
0.893916
0.893884
0.893843
0.893802
0.893763
0.893725
0.893689
0.893652
0.893613
0.893577
0.893533
0.893504
0.893467
0.893430
0.893397
0.893352
0.893319
0.893286
0.893246
0.893210
0.893171
0.893143
0.893107
0.893072
0.893037
0.893001
0.892968
0.892935
0.892900
0.892866
0.892825
0.892797
0.892762
0.892726
0.892695
0.892654
0.892631
0.892607
0.892578
0.892551
0.892522
0.892503
0.892478
0.892452
0.892427
0.892399
0.892377
0.892351
0.892328
0.892305
0.892275
0.892259
0.892235
0.892213
0.892195
0.892165
0.892149
0.892132
0.892106
0.892082
0.892056
0.892038
0.892014
0.891993
0.891973
0.891949
0.891931
0.891913
0.891895
0.891879
0.891855
0.891845
0.891829
0.891811
0.891796
0.891771
0.891761
0.891750
0.891730
0.891712
0.891694
0.891686
0.891672
0.891659
0.891647
0.891634
0.891625
0.891608
0.891587
0.891568
0.891542
0.891530
0.891510
0.891489
0.891475
0.891445
0.891428
0.891409
0.891382
0.891357
0.891332
0.891314
0.891290
0.891265
0.891241
0.891216
0.891192
0.891167
0.891142
0.891121
0.891091
0.891073
0.891046
0.891012
0.890986
0.890943
0.890913
0.890886
0.890847
0.890811
0.890775
0.890745
0.890714
0.890685
0.890653
0.890621
0.890585
0.890554
0.890520
0.890487
0.890446
0.890419
0.890385
0.890351
0.890322
0.890280
0.890250
0.890220
0.890181
0.890145
0.890108
0.890080
0.890044
0.890008
0.889973
0.889938
0.889908
0.889877
0.889847
0.889821
0.889787
0.889766
0.889738
0.889707
0.889682
0.889644
0.889621
0.889599
0.889568
0.889538
0.889506
0.889482
0.889453
0.889423
0.889401
0.889377
0.889356
0.889335
0.889314
0.889292
0.889262
0.889247
0.889224
0.889198
0.889179
0.889147
0.889126
0.889108
0.889082
0.889061
0.889038
0.889023
0.889001
0.888979
0.888957
0.888934
0.888914
0.888892
0.888870
0.888850
0.888822
0.888808
0.888786
0.888761
0.888742
0.888711
0.888691
0.888673
0.888647
0.888625
0.888600
0.888583
0.888559
0.888536
0.888514
0.888489
0.888464
0.888438
0.888414
0.888387
0.888351
0.888331
0.888304
0.888275
0.888251
0.888216
0.888194
0.888174
0.888144
0.888118
0.888090
0.888069
0.888043
0.888016
0.887993
0.887964
0.887935
0.887905
0.887874
0.887843
0.887805
0.887780
0.887752
0.887722
0.887698
0.887664
0.887640
0.887620
0.887589
0.887562
0.887534
0.887512
0.887483
0.887455
0.887430
0.887403
0.887375
0.887348
0.887322
0.887297
0.887265
0.887247
0.887223
0.887197
0.887178
0.887146
0.887123
0.887102
0.887071
0.887044
0.887016
0.886994
0.886967
0.886942
0.886916
0.886890
0.886861
0.886833
0.886809
0.886784
0.886752
0.886735
0.886707
0.886679
0.886657
0.886625
0.886600
0.886578
0.886551
0.886522
0.886495
0.886471
0.886449
0.886424
0.886400
0.886374
0.886350
0.886321
0.886294
0.886268
0.886238
0.886214
0.886183
0.886148
0.886126
0.886089
0.886058
0.886029
0.885995
0.885961
0.885927
0.885897
0.885868
0.885834
0.885800
0.885766
0.885731
0.885696
0.885664
0.885631
0.885596
0.885571
0.885541
0.885503
0.885477
0.885436
0.885403
0.885372
0.885338
0.885303
0.885269
0.885235
0.885204
0.885167
0.885129
0.885094
0.885056
0.885017
0.884981
0.884944
0.884905
0.884875
0.884836
0.884794
0.884766
0.884724
0.884689
0.884657
0.884623
0.884587
0.884554
0.884523
0.884494
0.884463
0.884431
0.884397
0.884364
0.884331
0.884301
0.884270
0.884238
0.884210
0.884178
0.884143
0.884119
0.884085
0.884056
0.884030
0.884004
0.883973
0.883941
0.883913
0.883888
0.883858
0.883830
0.883801
0.883774
0.883746
0.883714
0.883684
0.883653
0.883629
0.883605
0.883579
0.883566
0.883541
0.883522
0.883504
0.883485
0.883464
0.883443
0.883424
0.883409
0.883387
0.883367
0.883347
0.883328
0.883308
0.883287
0.883267
0.883246
0.883228
0.883210
0.883189
0.883177
0.883154
0.883136
0.883119
0.883103
0.883083
0.883061
0.883044
0.883030
0.883009
0.882990
0.882971
0.882952
0.882933
0.882914
0.882895
0.882877
0.882863
0.882849
0.882830
0.882820
0.882800
0.882786
0.882771
0.882757
0.882741
0.882723
0.882711
0.882703
0.882687
0.882675
0.882658
0.882647
0.882633
0.882613
0.882600
0.882585
0.882576
0.882564
0.882549
0.882534
0.882506
0.882486
0.882464
0.882442
0.882419
0.882390
0.882369
0.882350
0.882324
0.882300
0.882274
0.882251
0.882227
0.882199
0.882175
0.882147
0.882123
0.882092
0.882062
0.882038
0.882006
0.881978
0.881951
0.881922
0.881893
0.881862
0.881836
0.881809
0.881776
0.881746
0.881713
0.881684
0.881654
0.881621
0.881595
0.881566
0.881543
0.881514
0.881485
0.881463
0.881431
0.881406
0.881382
0.881358
0.881333
0.881303
0.881280
0.881259
0.881231
0.881206
0.881180
0.881157
0.881134
0.881107
0.881086
0.881062
0.881041
0.881014
0.880987
0.880966
0.880936
0.880911
0.880887
0.880863
0.880836
0.880804
0.880779
0.880756
0.880727
0.880700
0.880669
0.880643
0.880616
0.880583
0.880555
0.880523
0.880498
0.880470
0.880443
0.880423
0.880395
0.880371
0.880348
0.880326
0.880301
0.880274
0.880248
0.880228
0.880196
0.880167
0.880133
0.880113
0.880089
0.880060
0.880035
0.880011
0.879987
0.879958
0.879927
0.879907
0.879877
0.879850
0.879822
0.879800
0.879772
0.879739
0.879711
0.879691
0.879660
0.879630
0.879596
0.879574
0.879547
0.879516
0.879488
0.879464
0.879438
0.879409
0.879375
0.879357
0.879327
0.879305
0.879279
0.879262
0.879238
0.879211
0.879189
0.879175
0.879153
0.879137
0.879116
0.879109
0.879095
0.879081
0.879068
0.879059
0.879050
0.879038
0.879022
0.879021
0.879005
0.878997
0.878984
0.878979
0.878971
0.878961
0.878956
0.878959
0.878953
0.878950
0.878940
0.878942
0.878936
0.878928
0.878922
0.878918
0.878914
0.878907
0.878895
0.878897
0.878884
0.878877
0.878869
0.878868
0.878860
0.878849
0.878841
0.878843
0.878831
0.878823
0.878810
0.878808
0.878800
0.878790
0.878783
0.878779
0.878776
0.878768
0.878757
0.878760
0.878750
0.878745
0.878736
0.878733
0.878723
0.878709
0.878703
0.878704
0.878694
0.878688
0.878681
0.878684
0.878681
0.878673
0.878667
0.878665
0.878664
0.878659
0.878650
0.878654
0.878645
0.878638
0.878632
0.878630
0.878624
0.878610
0.878601
0.878600
0.878588
0.878577
0.878561
0.878556
0.878544
0.878529
0.878517
0.878507
0.878500
0.878488
0.878473
0.878470
0.878454
0.878441
0.878429
0.878422
0.878413
0.878400
0.878390
0.878389
0.878380
0.878373
0.878364
0.878362
0.878356
0.878345
0.878336
0.878327
0.878318
0.878305
0.878293
0.878292
0.878278
0.878268
0.878259
0.878255
0.878246
0.878231
0.878223
0.878220
0.878208
0.878197
0.878182
0.878177
0.878166
0.878151
0.878139
0.878130
0.878121
0.878107
0.878091
0.878087
0.878072
0.878059
0.878048
0.878041
0.878030
0.878013
0.878000
0.877995
0.877981
0.877968
0.877951
0.877943
0.877930
0.877913
0.877897
0.877882
0.877865
0.877845
0.877823
0.877811
0.877788
0.877767
0.877749
0.877740
0.877723
0.877704
0.877686
0.877676
0.877657
0.877637
0.877615
0.877599
0.877578
0.877555
0.877533
0.877515
0.877497
0.877473
0.877450
0.877439
0.877416
0.877392
0.877371
0.877356
0.877337
0.877313
0.877291
0.877278
0.877257
0.877236
0.877213
0.877200
0.877180
0.877159
0.877139
0.877122
0.877105
0.877083
0.877058
0.877043
0.877015
0.876988
0.876963
0.876943
0.876916
0.876883
0.876851
0.876829
0.876799
0.876773
0.876741
0.876723
0.876698
0.876667
0.876642
0.876620
0.876596
0.876570
0.876540
0.876521
0.876492
0.876466
0.876439
0.876417
0.876391
0.876355
0.876324
0.876302
0.876268
0.876237
0.876201
0.876180
0.876149
0.876116
0.876084
0.876055
0.876024
0.875992
0.875956
0.875930
0.875894
0.875860
0.875823
0.875793
0.875759
0.875719
0.875685
0.875659
0.875623
0.875589
0.875549
0.875526
0.875494
0.875460
0.875429
0.875395
0.875367
0.875336
0.875300
0.875268
0.875232
0.875198
0.875167
0.875134
0.875105
0.875069
0.875040
0.875011
0.874979
0.874948
0.874912
0.874884
0.874854
0.874819
0.874786
0.874752
0.874722
0.874687
0.874654
0.874624
0.874592
0.874560
0.874532
0.874504
0.874475
0.874444
0.874419
0.874393
0.874365
0.874343
0.874318
0.874292
0.874274
0.874252
0.874229
0.874203
0.874182
0.874156
0.874131
0.874109
0.874085
0.874059
0.874037
0.874014
0.873992
0.873967
0.873947
0.873926
0.873904
0.873884
0.873863
0.873839
0.873822
0.873800
0.873779
0.873755
0.873739
0.873717
0.873696
0.873677
0.873655
0.873632
0.873610
0.873589
0.873567
0.873541
0.873524
0.873502
0.873480
0.873461
0.873438
0.873416
0.873396
0.873368
0.873343
0.873312
0.873290
0.873261
0.873234
0.873207
0.873181
0.873156
0.873133
0.873106
0.873080
0.873050
0.873030
0.873006
0.872979
0.872954
0.872928
0.872902
0.872881
0.872852
0.872828
0.872798
0.872779
0.872756
0.872734
0.872713
0.872691
0.872668
0.872647
0.872626
0.872601
0.872571
0.872549
0.872522
0.872492
0.872465
0.872433
0.872410
0.872390
0.872365
0.872343
0.872317
0.872303
0.872281
0.872260
0.872240
0.872217
0.872196
0.872177
0.872155
0.872134
0.872108
0.872093
0.872073
0.872052
0.872034
0.872010
0.871994
0.871980
0.871961
0.871946
0.871923
0.871910
0.871888
0.871870
0.871854
0.871835
0.871819
0.871804
0.871789
0.871773
0.871754
0.871746
0.871731
0.871716
0.871700
0.871679
0.871661
0.871648
0.871631
0.871619
0.871596
0.871587
0.871565
0.871546
0.871529
0.871507
0.871490
0.871474
0.871454
0.871431
0.871404
0.871390
0.871369
0.871347
0.871327
0.871304
0.871285
0.871269
0.871248
0.871228
0.871203
0.871191
0.871167
0.871147
0.871130
0.871108
0.871091
0.871075
0.871056
0.871036
0.871012
0.871001
0.870983
0.870963
0.870947
0.870926
0.870909
0.870893
0.870872
0.870855
0.870831
0.870821
0.870800
0.870783
0.870769
0.870749
0.870732
0.870717
0.870698
0.870677
0.870652
0.870640
0.870622
0.870601
0.870584
0.870564
0.870548
0.870534
0.870516
0.870500
0.870479
0.870470
0.870450
0.870432
0.870416
0.870398
0.870384
0.870371
0.870353
0.870333
0.870310
0.870298
0.870278
0.870257
0.870240
0.870216
0.870191
0.870168
0.870140
0.870115
0.870085
0.870066
0.870036
0.870008
0.869983
0.869954
0.869928
0.869907
0.869885
0.869859
0.869829
0.869810
0.869786
0.869759
0.869734
0.869705
0.869683
0.869665
0.869640
0.869619
0.869591
0.869577
0.869551
0.869529
0.869508
0.869482
0.869460
0.869439
0.869416
0.869390
0.869360
0.869341
0.869318
0.869293
0.869271
0.869244
0.869222
0.869202
0.869176
0.869152
0.869123
0.869106
0.869076
0.869050
0.869026
0.868998
0.868974
0.868952
0.868926
0.868898
0.868868
0.868845
0.868817
0.868788
0.868761
0.868731
0.868703
0.868680
0.868653
0.868628
0.868598
0.868580
0.868551
0.868525
0.868500
0.868473
0.868446
0.868414
0.868382
0.868353
0.868318
0.868285
0.868259
0.868228
0.868200
0.868177
0.868141
0.868112
0.868075
0.868044
0.868002
0.867970
0.867937
0.867901
0.867865
0.867842
0.867801
0.867769
0.867734
0.867704
0.867666
0.867633
0.867605
0.867571
0.867537
0.867509
0.867464
0.867430
0.867391
0.867361
0.867322
0.867291
0.867259
0.867227
0.867197
0.867177
0.867139
0.867111
0.867079
0.867053
0.867021
0.866994
0.866968
0.866938
0.866908
0.866890
0.866850
0.866823
0.866791
0.866770
0.866736
0.866710
0.866683
0.866654
0.866623
0.866602
0.866567
0.866538
0.866506
0.866479
0.866444
0.866420
0.866393
0.866358
0.866324
0.866301
0.866260
0.866230
0.866195
0.866171
0.866134
0.866110
0.866078
0.866044
0.866009
0.865984
0.865947
0.865915
0.865880
0.865849
0.865811
0.865784
0.865752
0.865715
0.865682
0.865657
0.865616
0.865586
0.865555
0.865534
0.865497
0.865473
0.865443
0.865413
0.865381
0.865359
0.865324
0.865296
0.865263
0.865233
0.865196
0.865170
0.865141
0.865108
0.865074
0.865051
0.865013
0.864984
0.864949
0.864924
0.864885
0.864859
0.864828
0.864796
0.864762
0.864739
0.864705
0.864676
0.864641
0.864611
0.864573
0.864547
0.864518
0.864484
0.864452
0.864428
0.864385
0.864351
0.864309
0.864277
0.864229
0.864199
0.864156
0.864112
0.864065
0.864026
0.863984
0.863940
0.863889
0.863845
0.863792
0.863758
0.863715
0.863665
0.863613
0.863569
0.863516
0.863464
0.863409
0.863363
0.863301
0.863261
0.863208
0.863152
0.863097
0.863051
0.863003
0.862953
0.862898
0.862846
0.862786
0.862745
0.862694
0.862638
0.862584
0.862535
0.862481
0.862427
0.862368
0.862318
0.862253
0.862211
0.862154
0.862096
0.862038
0.861987
0.861935
0.861881
0.861819
0.861765
0.861701
0.861657
0.861604
0.861547
0.861492
0.861443
0.861389
0.861335
0.861277
0.861225
0.861163
0.861121
0.861071
0.861020
0.860970
0.860924
0.860875
0.860829
0.860778
0.860733
0.860679
0.860644
0.860604
0.860558
0.860514
0.860476
0.860431
0.860389
0.860344
0.860307
0.860253
0.860219
0.860178
0.860133
0.860089
0.860055
0.860009
0.859974
0.859935
0.859905
0.859867
0.859831
0.859796
0.859754
0.859715
0.859685
0.859636
0.859603
0.859565
0.859540
0.859501
0.859470
0.859439
0.859404
0.859369
0.859344
0.859300
0.859268
0.859230
0.859200
0.859163
0.859128
0.859096
0.859058
0.859022
0.858996
0.858949
0.858918
0.858881
0.858853
0.858815
0.858783
0.858757
0.858727
0.858698
0.858680
0.858644
0.858622
0.858592
0.858572
0.858544
0.858519
0.858497
0.858472
0.858448
0.858432
0.858398
0.858377
0.858351
0.858336
0.858312
0.858295
0.858281
0.858263
0.858245
0.858235
0.858206
0.858190
0.858169
0.858157
0.858137
0.858121
0.858108
0.858092
0.858078
0.858071
0.858047
0.858034
0.858017
0.858009
0.857990
0.857976
0.857965
0.857957
0.857949
0.857952
0.857934
0.857926
0.857913
0.857908
0.857896
0.857885
0.857880
0.857870
0.857861
0.857861
0.857843
0.857836
0.857823
0.857820
0.857805
0.857798
0.857791
0.857779
0.857767
0.857764
0.857745
0.857732
0.857711
0.857701
0.857682
0.857667
0.857656
0.857640
0.857626
0.857617
0.857592
0.857578
0.857556
0.857545
0.857521
0.857503
0.857488
0.857468
0.857449
0.857438
0.857405
0.857389
0.857364
0.857348
0.857323
0.857303
0.857285
0.857266
0.857249
0.857245
0.857214
0.857197
0.857173
0.857164
0.857143
0.857128
0.857116
0.857097
0.857074
0.857067
0.857030
0.857011
0.856987
0.856970
0.856947
0.856926
0.856907
0.856883
0.856863
0.856857
0.856818
0.856798
0.856772
0.856756
0.856729
0.856705
0.856681
0.856652
0.856626
0.856614
0.856570
0.856544
0.856511
0.856487
0.856455
0.856420
0.856390
0.856356
0.856325
0.856308
0.856260
0.856231
0.856196
0.856170
0.856134
0.856104
0.856075
0.856044
0.856014
0.855999
0.855952
0.855925
0.855892
0.855867
0.855834
0.855802
0.855774
0.855742
0.855715
0.855701
0.855657
0.855631
0.855600
0.855576
0.855542
0.855513
0.855487
0.855460
0.855436
0.855424
0.855380
0.855357
0.855327
0.855304
0.855276
0.855249
0.855226
0.855200
0.855175
0.855162
0.855119
0.855095
0.855060
0.855039
0.855005
0.854972
0.854945
0.854911
0.854879
0.854866
0.854813
0.854784
0.854749
0.854723
0.854689
0.854658
0.854631
0.854599
0.854568
0.854558
0.854507
0.854479
0.854445
0.854423
0.854387
0.854356
0.854328
0.854293
0.854260
0.854251
0.854201
0.854174
0.854139
0.854116
0.854082
0.854049
0.854020
0.853985
0.853954
0.853942
0.853891
0.853861
0.853827
0.853805
0.853768
0.853735
0.853705
0.853670
0.853634
0.853619
0.853564
0.853531
0.853492
0.853464
0.853427
0.853390
0.853363
0.853329
0.853299
0.853284
0.853233
0.853202
0.853168
0.853146
0.853112
0.853081
0.853056
0.853025
0.852996
0.852989
0.852941
0.852913
0.852880
0.852859
0.852830
0.852802
0.852782
0.852757
0.852734
0.852730
0.852690
0.852670
0.852646
0.852633
0.852608
0.852586
0.852569
0.852544
0.852518
0.852513
0.852469
0.852448
0.852418
0.852401
0.852376
0.852351
0.852331
0.852304
0.852278
0.852275
0.852237
0.852219
0.852197
0.852187
0.852163
0.852146
0.852136
0.852118
0.852099
0.852103
0.852065
0.852051
0.852029
0.852022
0.852004
0.851987
0.851977
0.851960
0.851945
0.851952
0.851919
0.851906
0.851888
0.851883
0.851865
0.851850
0.851843
0.851829
0.851814
0.851822
0.851788
0.851780
0.851764
0.851762
0.851750
0.851739
0.851734
0.851720
0.851706
0.851714
0.851679
0.851665
0.851647
0.851639
0.851619
0.851602
0.851593
0.851577
0.851561
0.851566
0.851529
0.851515
0.851492
0.851482
0.851460
0.851439
0.851422
0.851402
0.851382
0.851390
0.851353
0.851337
0.851318
0.851309
0.851288
0.851271
0.851262
0.851244
0.851227
0.851232
0.851194
0.851183
0.851165
0.851161
0.851146
0.851130
0.851121
0.851110
0.851099
0.851113
0.851078
0.851064
0.851045
0.851037
0.851012
0.850986
0.850968
0.850943
0.850919
0.850913
0.850868
0.850848
0.850821
0.850805
0.850780
0.850753
0.850732
0.850706
0.850680
0.850680
0.850633
0.850608
0.850578
0.850558
0.850525
0.850500
0.850482
0.850457
0.850429
0.850423
0.850375
0.850354
0.850322
0.850303
0.850272
0.850245
0.850221
0.850191
0.850162
0.850156
0.850111
0.850087
0.850060
0.850042
0.850011
0.849985
0.849968
0.849942
0.849921
0.849915
0.849876
0.849855
0.849827
0.849811
0.849782
0.849754
0.849736
0.849707
0.849680
0.849671
0.849629
0.849603
0.849571
0.849550
0.849519
0.849492
0.849463
0.849427
0.849401
0.849381
0.849333
0.849306
0.849268
0.849244
0.849213
0.849177
0.849155
0.849130
0.849101
0.849099
0.849055
0.849032
0.849010
0.848989
0.848959
0.848939
0.848920
0.848890
0.848868
0.848851
0.848806
0.848782
0.848747
0.848725
0.848694
0.848663
0.848641
0.848617
0.848588
0.848585
0.848539
0.848512
0.848490
0.848472
0.848444
0.848426
0.848410
0.848383
0.848365
0.848351
0.848311
0.848293
0.848262
0.848245
0.848220
0.848192
0.848172
0.848150
0.848123
0.848123
0.848080
0.848060
0.848040
0.848026
0.848000
0.847984
0.847969
0.847943
0.847929
0.847920
0.847885
0.847872
0.847847
0.847834
0.847814
0.847790
0.847774
0.847757
0.847735
0.847741
0.847702
0.847683
0.847664
0.847649
0.847623
0.847610
0.847600
0.847575
0.847562
0.847552
0.847516
0.847504
0.847479
0.847467
0.847449
0.847425
0.847410
0.847392
0.847368
0.847370
0.847330
0.847307
0.847289
0.847282
0.847258
0.847245
0.847233
0.847210
0.847203
0.847193
0.847168
0.847159
0.847140
0.847134
0.847122
0.847105
0.847096
0.847081
0.847067
0.847068
0.847047
0.847036
0.847022
0.847015
0.846999
0.846989
0.846984
0.846968
0.846960
0.846955
0.846937
0.846934
0.846926
0.846929
0.846923
0.846916
0.846917
0.846912
0.846906
0.846914
0.846901
0.846897
0.846888
0.846882
0.846866
0.846855
0.846850
0.846833
0.846826
0.846822
0.846804
0.846796
0.846783
0.846780
0.846769
0.846753
0.846748
0.846735
0.846722
0.846725
0.846707
0.846696
0.846685
0.846683
0.846671
0.846666
0.846668
0.846661
0.846661
0.846658
0.846651
0.846651
0.846644
0.846647
0.846644
0.846638
0.846639
0.846637
0.846637
0.846649
0.846652
0.846657
0.846661
0.846667
0.846669
0.846674
0.846684
0.846683
0.846690
0.846693
0.846693
0.846700
0.846701
0.846710
0.846712
0.846711
0.846718
0.846718
0.846719
0.846727
0.846728
0.846730
0.846732
0.846737
0.846734
0.846737
0.846747
0.846744
0.846752
0.846751
0.846748
0.846753
0.846748
0.846752
0.846747
0.846739
0.846737
0.846731
0.846727
0.846727
0.846721
0.846714
0.846710
0.846704
0.846695
0.846692
0.846692
0.846680
0.846680
0.846671
0.846661
0.846658
0.846646
0.846642
0.846638
0.846624
0.846618
0.846611
0.846603
0.846605
0.846594
0.846585
0.846577
0.846571
0.846557
0.846553
0.846551
0.846538
0.846536
0.846525
0.846511
0.846505
0.846489
0.846483
0.846475
0.846459
0.846459
0.846451
0.846448
0.846448
0.846443
0.846437
0.846430
0.846427
0.846418
0.846409
0.846405
0.846389
0.846381
0.846369
0.846357
0.846348
0.846335
0.846331
0.846319
0.846304
0.846298
0.846286
0.846276
0.846268
0.846258
0.846247
0.846234
0.846227
0.846216
0.846207
0.846206
0.846195
0.846190
0.846183
0.846175
0.846171
0.846159
0.846156
0.846143
0.846129
0.846122
0.846110
0.846100
0.846091
0.846081
0.846070
0.846057
0.846048
0.846034
0.846022
0.846015
0.846000
0.845992
0.845980
0.845965
0.845956
0.845944
0.845939
0.845928
0.845914
0.845909
0.845898
0.845889
0.845882
0.845877
0.845869
0.845859
0.845854
0.845845
0.845834
0.845833
0.845824
0.845824
0.845821
0.845814
0.845813
0.845809
0.845815
0.845815
0.845810
0.845815
0.845811
0.845809
0.845809
0.845803
0.845804
0.845804
0.845810
0.845812
0.845812
0.845815
0.845808
0.845809
0.845810
0.845800
0.845800
0.845796
0.845799
0.845799
0.845793
0.845799
0.845798
0.845799
0.845804
0.845800
0.845799
0.845798
0.845800
0.845798
0.845794
0.845788
0.845787
0.845794
0.845811
0.845797
0.845803
0.845804
0.845809
0.845811
0.845807
0.845815
0.845815
0.845818
0.845834
0.845825
0.845829
0.845830
0.845835
0.845837
0.845837
0.845843
0.845842
0.845847
0.845857
0.845839
0.845843
0.845842
0.845848
0.845849
0.845845
0.845849
0.845843
0.845839
0.845847
0.845828
0.845820
0.845807
0.845800
0.845789
0.845776
0.845764
0.845746
0.845741
0.845737
0.845711
0.845701
0.845688
0.845680
0.845667
0.845652
0.845647
0.845635
0.845626
0.845628
0.845610
0.845603
0.845589
0.845581
0.845571
0.845565
0.845560
0.845547
0.845543
0.845543
0.845522
0.845511
0.845496
0.845487
0.845473
0.845460
0.845449
0.845431
0.845413
0.845405
0.845382
0.845366
0.845346
0.845329
0.845309
0.845294
0.845278
0.845253
0.845237
0.845224
0.845194
0.845175
0.845158
0.845145
0.845129
0.845110
0.845093
0.845072
0.845050
0.845039
0.845010
0.844992
0.844973
0.844957
0.844940
0.844927
0.844913
0.844893
0.844880
0.844874
0.844845
0.844827
0.844807
0.844791
0.844775
0.844760
0.844746
0.844730
0.844709
0.844702
0.844678
0.844662
0.844644
0.844629
0.844613
0.844599
0.844583
0.844559
0.844545
0.844537
0.844508
0.844492
0.844474
0.844461
0.844443
0.844428
0.844418
0.844402
0.844387
0.844384
0.844364
0.844349
0.844333
0.844320
0.844306
0.844296
0.844282
0.844261
0.844251
0.844244
0.844220
0.844208
0.844196
0.844187
0.844175
0.844162
0.844156
0.844146
0.844138
0.844138
0.844123
0.844115
0.844103
0.844092
0.844082
0.844075
0.844072
0.844063
0.844063
0.844066
0.844049
0.844044
0.844038
0.844036
0.844030
0.844024
0.844024
0.844019
0.844015
0.844021
0.844012
0.844010
0.844006
0.844004
0.844003
0.844005
0.844005
0.843998
0.844003
0.844009
0.843996
0.843994
0.843992
0.843992
0.843989
0.843983
0.843982
0.843976
0.843970
0.843975
0.843964
0.843959
0.843952
0.843945
0.843940
0.843937
0.843930
0.843918
0.843917
0.843921
0.843900
0.843894
0.843883
0.843881
0.843875
0.843866
0.843859
0.843853
0.843845
0.843851
0.843842
0.843839
0.843836
0.843830
0.843824
0.843824
0.843819
0.843812
0.843811
0.843812
0.843800
0.843800
0.843788
0.843789
0.843791
0.843793
0.843779
0.843775
0.843770
0.843773
0.843755
0.843751
0.843747
0.843744
0.843733
0.843734
0.843730
0.843729
0.843724
0.843724
0.843711
0.843714
0.843702
0.843702
0.843704
0.843709
0.843701
0.843703
0.843704
0.843714
0.843707
0.843720
0.843731
0.843743
0.843745
0.843757
0.843762
0.843767
0.843767
0.843775
0.843778
0.843796
0.843797
0.843808
0.843820
0.843838
0.843838
0.843846
0.843852
0.843867
0.843863
0.843875
0.843879
0.843889
0.843887
0.843899
0.843906
0.843914
0.843916
0.843927
0.843929
0.843944
0.843942
0.843952
0.843955
0.843970
0.843967
0.843973
0.843978
0.843989
0.843986
0.843994
0.843997
0.844002
0.843995
0.844004
0.844005
0.844010
0.844006
0.844009
0.844010
0.844019
0.844011
0.844014
0.844010
0.844025
0.844019
0.844017
0.844021
0.844023
0.844020
0.844023
0.844017
0.844018
0.844007
0.844012
0.844015
0.844021
0.844016
0.844020
0.844022
0.844032
0.844030
0.844039
0.844040
0.844060
0.844059
0.844061
0.844066
0.844073
0.844075
0.844083
0.844084
0.844091
0.844085
0.844096
0.844099
0.844108
0.844103
0.844110
0.844114
0.844120
0.844116
0.844123
0.844121
0.844139
0.844137
0.844138
0.844144
0.844151
0.844154
0.844164
0.844165
0.844176
0.844175
0.844186
0.844196
0.844205
0.844203
0.844213
0.844218
0.844227
0.844225
0.844231
0.844225
0.844239
0.844235
0.844232
0.844236
0.844240
0.844241
0.844250
0.844250
0.844257
0.844251
0.844257
0.844259
0.844262
0.844253
0.844256
0.844255
0.844256
0.844249
0.844252
0.844240
0.844249
0.844236
0.844225
0.844222
0.844218
0.844212
0.844211
0.844200
0.844200
0.844185
0.844185
0.844181
0.844179
0.844162
0.844158
0.844151
0.844146
0.844129
0.844122
0.844105
0.844109
0.844091
0.844075
0.844064
0.844048
0.844027
0.844015
0.843992
0.843979
0.843953
0.843941
0.843926
0.843911
0.843883
0.843867
0.843849
0.843833
0.843808
0.843795
0.843771
0.843765
0.843737
0.843709
0.843688
0.843667
0.843643
0.843626
0.843599
0.843578
0.843544
0.843524
0.843500
0.843476
0.843440
0.843415
0.843387
0.843362
0.843326
0.843302
0.843267
0.843253
0.843218
0.843186
0.843161
0.843133
0.843104
0.843081
0.843048
0.843026
0.842992
0.842972
0.842948
0.842926
0.842891
0.842870
0.842847
0.842826
0.842798
0.842780
0.842753
0.842748
0.842722
0.842698
0.842681
0.842662
0.842643
0.842630
0.842606
0.842591
0.842566
0.842555
0.842540
0.842527
0.842501
0.842488
0.842472
0.842459
0.842435
0.842422
0.842397
0.842390
0.842368
0.842344
0.842327
0.842310
0.842295
0.842279
0.842254
0.842242
0.842213
0.842199
0.842184
0.842167
0.842139
0.842121
0.842106
0.842088
0.842061
0.842046
0.842020
0.842015
0.841992
0.841967
0.841950
0.841927
0.841911
0.841894
0.841869
0.841856
0.841828
0.841814
0.841801
0.841783
0.841754
0.841733
0.841714
0.841691
0.841660
0.841640
0.841609
0.841601
0.841576
0.841549
0.841530
0.841506
0.841487
0.841467
0.841437
0.841419
0.841387
0.841368
0.841349
0.841326
0.841290
0.841262
0.841240
0.841213
0.841178
0.841157
0.841122
0.841107
0.841075
0.841041
0.841015
0.840988
0.840967
0.840945
0.840914
0.840896
0.840866
0.840851
0.840837
0.840819
0.840790
0.840769
0.840750
0.840727
0.840694
0.840674
0.840640
0.840629
0.840599
0.840570
0.840550
0.840525
0.840507
0.840487
0.840458
0.840442
0.840411
0.840392
0.840374
0.840350
0.840312
0.840284
0.840260
0.840232
0.840194
0.840173
0.840137
0.840123
0.840090
0.840055
0.840029
0.839997
0.839970
0.839945
0.839911
0.839888
0.839851
0.839828
0.839806
0.839779
0.839739
0.839706
0.839679
0.839647
0.839606
0.839579
0.839537
0.839516
0.839477
0.839437
0.839406
0.839372
0.839343
0.839311
0.839272
0.839243
0.839202
0.839175
0.839149
0.839120
0.839079
0.839048
0.839020
0.838990
0.838952
0.838928
0.838890
0.838873
0.838839
0.838803
0.838774
0.838744
0.838718
0.838690
0.838656
0.838633
0.838597
0.838569
0.838548
0.838520
0.838482
0.838455
0.838425
0.838397
0.838362
0.838342
0.838309
0.838293
0.838264
0.838235
0.838216
0.838200
0.838191
0.838178
0.838159
0.838147
0.838134
0.838123
0.838117
0.838101
0.838085
0.838074
0.838060
0.838041
0.838023
0.838014
0.837991
0.837978
0.837960
0.837934
0.837917
0.837889
0.837873
0.837853
0.837825
0.837803
0.837782
0.837764
0.837753
0.837733
0.837710
0.837692
0.837665
0.837635
0.837608
0.837589
0.837559
0.837542
0.837520
0.837487
0.837464
0.837431
0.837408
0.837381
0.837345
0.837320
0.837293
0.837268
0.837249
0.837220
0.837188
0.837161
0.837132
0.837100
0.837070
0.837051
0.837018
0.836998
0.836975
0.836942
0.836920
0.836890
0.836873
0.836850
0.836819
0.836796
0.836772
0.836749
0.836734
0.836708
0.836682
0.836661
0.836635
0.836607
0.836584
0.836569
0.836541
0.836525
0.836504
0.836475
0.836455
0.836428
0.836411
0.836384
0.836348
0.836321
0.836290
0.836262
0.836240
0.836208
0.836180
0.836157
0.836134
0.836106
0.836082
0.836065
0.836035
0.836017
0.835996
0.835964
0.835942
0.835912
0.835892
0.835865
0.835833
0.835806
0.835779
0.835754
0.835735
0.835706
0.835679
0.835656
0.835634
0.835607
0.835584
0.835569
0.835541
0.835525
0.835506
0.835476
0.835458
0.835431
0.835417
0.835402
0.835374
0.835354
0.835334
0.835315
0.835311
0.835292
0.835274
0.835259
0.835244
0.835226
0.835209
0.835200
0.835180
0.835169
0.835156
0.835133
0.835120
0.835101
0.835092
0.835078
0.835061
0.835047
0.835032
0.835018
0.835013
0.834997
0.834985
0.834974
0.834950
0.834937
0.834920
0.834912
0.834901
0.834890
0.834880
0.834867
0.834857
0.834850
0.834838
0.834828
0.834817
0.834806
0.834795
0.834791
0.834786
0.834770
0.834763
0.834752
0.834734
0.834728
0.834719
0.834715
0.834710
0.834700
0.834692
0.834684
0.834676
0.834675
0.834667
0.834663
0.834661
0.834656
0.834655
0.834655
0.834659
0.834653
0.834651
0.834643
0.834629
0.834626
0.834620
0.834619
0.834616
0.834610
0.834605
0.834600
0.834595
0.834598
0.834594
0.834594
0.834594
0.834592
0.834595
0.834599
0.834607
0.834606
0.834614
0.834620
0.834617
0.834626
0.834632
0.834644
0.834655
0.834661
0.834669
0.834674
0.834682
0.834696
0.834701
0.834709
0.834718
0.834724
0.834733
0.834744
0.834758
0.834761
0.834773
0.834782
0.834783
0.834789
0.834792
0.834794
0.834796
0.834793
0.834790
0.834789
0.834790
0.834797
0.834792
0.834790
0.834789
0.834786
0.834786
0.834788
0.834794
0.834788
0.834792
0.834793
0.834790
0.834795
0.834798
0.834806
0.834814
0.834818
0.834822
0.834827
0.834833
0.834839
0.834833
0.834830
0.834829
0.834824
0.834827
0.834833
0.834843
0.834841
0.834846
0.834847
0.834839
0.834841
0.834839
0.834843
0.834847
0.834844
0.834843
0.834840
0.834838
0.834840
0.834830
0.834823
0.834818
0.834809
0.834803
0.834800
0.834799
0.834788
0.834786
0.834780
0.834768
0.834765
0.834757
0.834759
0.834760
0.834758
0.834759
0.834760
0.834760
0.834768
0.834765
0.834765
0.834766
0.834766
0.834768
0.834774
0.834781
0.834776
0.834780
0.834781
0.834775
0.834776
0.834774
0.834777
0.834779
0.834777
0.834777
0.834775
0.834771
0.834776
0.834771
0.834768
0.834767
0.834765
0.834769
0.834768
0.834777
0.834775
0.834778
0.834782
0.834781
0.834781
0.834784
0.834792
0.834793
0.834796
0.834802
0.834800
0.834804
0.834808
0.834810
0.834814
0.834813
0.834816
0.834824
0.834828
0.834845
0.834850
0.834859
0.834870
0.834874
0.834880
0.834890
0.834906
0.834915
0.834926
0.834940
0.834946
0.834959
0.834970
0.834977
0.834989
0.834997
0.835007
0.835023
0.835034
0.835051
0.835057
0.835065
0.835076
0.835078
0.835082
0.835089
0.835103
0.835107
0.835112
0.835125
0.835128
0.835139
0.835153
0.835158
0.835169
0.835176
0.835187
0.835204
0.835210
0.835229
0.835234
0.835243
0.835257
0.835255
0.835262
0.835274
0.835292
0.835303
0.835311
0.835327
0.835335
0.835348
0.835365
0.835371
0.835386
0.835397
0.835412
0.835432
0.835443
0.835464
0.835473
0.835483
0.835497
0.835495
0.835501
0.835510
0.835528
0.835533
0.835537
0.835549
0.835553
0.835561
0.835574
0.835574
0.835583
0.835586
0.835596
0.835610
0.835616
0.835636
0.835643
0.835657
0.835679
0.835680
0.835694
0.835711
0.835738
0.835755
0.835770
0.835793
0.835805
0.835823
0.835847
0.835856
0.835874
0.835886
0.835904
0.835927
0.835940
0.835967
0.835979
0.835992
0.836007
0.835998
0.836000
0.836005
0.836019
0.836022
0.836024
0.836033
0.836033
0.836036
0.836045
0.836038
0.836040
0.836037
0.836040
0.836045
0.836041
0.836050
0.836049
0.836052
0.836065
0.836056
0.836056
0.836060
0.836081
0.836088
0.836087
0.836094
0.836088
0.836088
0.836094
0.836085
0.836085
0.836080
0.836081
0.836085
0.836080
0.836089
0.836085
0.836083
0.836092
0.836078
0.836075
0.836078
0.836088
0.836087
0.836084
0.836089
0.836083
0.836083
0.836089
0.836080
0.836081
0.836076
0.836077
0.836082
0.836078
0.836087
0.836086
0.836086
0.836098
0.836087
0.836085
0.836089
0.836100
0.836101
0.836099
0.836104
0.836101
0.836103
0.836105
0.836096
0.836094
0.836086
0.836085
0.836087
0.836082
0.836089
0.836083
0.836081
0.836086
0.836070
0.836065
0.836063
0.836066
0.836061
0.836053
0.836055
0.836053
0.836055
0.836064
0.836057
0.836059
0.836057
0.836059
0.836064
0.836061
0.836065
0.836060
0.836055
0.836059
0.836041
0.836034
0.836028
0.836030
0.836027
0.836021
0.836022
0.836015
0.836012
0.836016
0.836002
0.835998
0.835991
0.835987
0.835986
0.835979
0.835982
0.835973
0.835969
0.835972
0.835952
0.835946
0.835942
0.835946
0.835942
0.835935
0.835935
0.835929
0.835926
0.835927
0.835908
0.835897
0.835882
0.835871
0.835861
0.835848
0.835846
0.835833
0.835825
0.835823
0.835801
0.835789
0.835778
0.835779
0.835767
0.835757
0.835751
0.835739
0.835729
0.835727
0.835711
0.835705
0.835692
0.835686
0.835676
0.835666
0.835664
0.835651
0.835643
0.835636
0.835609
0.835597
0.835583
0.835583
0.835569
0.835556
0.835548
0.835532
0.835520
0.835513
0.835495
0.835487
0.835470
0.835464
0.835457
0.835446
0.835446
0.835433
0.835425
0.835425
0.835403
0.835394
0.835385
0.835387
0.835374
0.835363
0.835358
0.835343
0.835331
0.835328
0.835308
0.835298
0.835283
0.835275
0.835264
0.835250
0.835250
0.835237
0.835229
0.835231
0.835206
0.835197
0.835186
0.835192
0.835181
0.835174
0.835172
0.835162
0.835151
0.835151
0.835134
0.835125
0.835108
0.835100
0.835087
0.835076
0.835074
0.835059
0.835048
0.835048
0.835020
0.835006
0.834988
0.834987
0.834971
0.834959
0.834953
0.834939
0.834919
0.834915
0.834888
0.834873
0.834849
0.834838
0.834819
0.834800
0.834793
0.834770
0.834748
0.834743
0.834705
0.834683
0.834656
0.834649
0.834622
0.834598
0.834582
0.834554
0.834529
0.834514
0.834473
0.834443
0.834404
0.834379
0.834345
0.834313
0.834293
0.834257
0.834225
0.834209
0.834159
0.834126
0.834089
0.834071
0.834033
0.833999
0.833974
0.833938
0.833906
0.833889
0.833849
0.833822
0.833786
0.833764
0.833732
0.833700
0.833679
0.833642
0.833609
0.833591
0.833542
0.833509
0.833469
0.833449
0.833410
0.833375
0.833346
0.833310
0.833276
0.833263
0.833222
0.833194
0.833156
0.833130
0.833094
0.833058
0.833036
0.832998
0.832965
0.832947
0.832894
0.832859
0.832816
0.832793
0.832756
0.832720
0.832693
0.832654
0.832618
0.832600
0.832552
0.832518
0.832477
0.832451
0.832415
0.832381
0.832359
0.832321
0.832289
0.832270
0.832218
0.832185
0.832145
0.832124
0.832081
0.832040
0.832010
0.831969
0.831927
0.831901
0.831845
0.831802
0.831750
0.831712
0.831668
0.831624
0.831589
0.831535
0.831490
0.831457
0.831390
0.831344
0.831292
0.831259
0.831206
0.831155
0.831115
0.831062
0.831008
0.830970
0.830906
0.830855
0.830795
0.830751
0.830699
0.830648
0.830615
0.830563
0.830520
0.830489
0.830424
0.830380
0.830331
0.830301
0.830250
0.830199
0.830158
0.830102
0.830048
0.830012
0.829952
0.829897
0.829838
0.829789
0.829735
0.829686
0.829644
0.829586
0.829540
0.829502
0.829423
0.829377
0.829319
0.829285
0.829243
0.829199
0.829166
0.829124
0.829080
0.829068
0.829006
0.828964
0.828918
0.828881
0.828837
0.828797
0.828766
0.828718
0.828683
0.828664
0.828599
0.828563
0.828518
0.828492
0.828450
0.828405
0.828372
0.828329
0.828285
0.828271
0.828209
0.828167
0.828122
0.828087
0.828047
0.828010
0.827984
0.827937
0.827907
0.827892
0.827832
0.827800
0.827761
0.827736
0.827696
0.827651
0.827620
0.827578
0.827538
0.827529
0.827472
0.827430
0.827391
0.827355
0.827314
0.827279
0.827251
0.827202
0.827173
0.827153
0.827087
0.827053
0.827009
0.826984
0.826946
0.826900
0.826866
0.826825
0.826782
0.826774
0.826710
0.826662
0.826616
0.826576
0.826533
0.826499
0.826471
0.826423
0.826394
0.826374
0.826309
0.826277
0.826233
0.826204
0.826166
0.826121
0.826084
0.826040
0.825994
0.825983
0.825919
0.825874
0.825832
0.825793
0.825746
0.825709
0.825676
0.825624
0.825590
0.825566
0.825496
0.825459
0.825408
0.825372
0.825327
0.825276
0.825235
0.825189
0.825137
0.825124
0.825051
0.824998
0.824948
0.824899
0.824842
0.824789
0.824746
0.824686
0.824639
0.824612
0.824540
0.824496
0.824443
0.824408
0.824357
0.824307
0.824267
0.824212
0.824161
0.824138
0.824069
0.824023
0.823973
0.823936
0.823893
0.823852
0.823824
0.823775
0.823739
0.823714
0.823649
0.823608
0.823561
0.823533
0.823487
0.823438
0.823402
0.823356
0.823312
0.823294
0.823233
0.823190
0.823142
0.823103
0.823061
0.823020
0.822993
0.822946
0.822911
0.822894
0.822836
0.822802
0.822763
0.822741
0.822704
0.822666
0.822637
0.822599
0.822561
0.822549
0.822492
0.822453
0.822410
0.822377
0.822338
0.822298
0.822273
0.822227
0.822193
0.822173
0.822106
0.822066
0.822020
0.821991
0.821948
0.821903
0.821860
0.821817
0.821780
0.821776
0.821709
0.821672
0.821632
0.821600
0.821564
0.821523
0.821494
0.821447
0.821413
0.821401
0.821325
0.821286
0.821245
0.821214
0.821172
0.821123
0.821087
0.821041
0.820998
0.820989
0.820914
0.820871
0.820823
0.820781
0.820739
0.820688
0.820651
0.820597
0.820555
0.820535
0.820450
0.820405
0.820360
0.820329
0.820288
0.820243
0.820210
0.820168
0.820129
0.820124
0.820054
0.820019
0.819979
0.819946
0.819912
0.819870
0.819846
0.819800
0.819768
0.819754
0.819675
0.819637
0.819595
0.819564
0.819523
0.819476
0.819439
0.819393
0.819350
0.819340
0.819267
0.819228
0.819189
0.819157
0.819119
0.819077
0.819050
0.819009
0.818978
0.818973
0.818900
0.818868
0.818831
0.818807
0.818770
0.818730
0.818703
0.818667
0.818635
0.818638
0.818577
0.818546
0.818512
0.818484
0.818452
0.818420
0.818404
0.818377
0.818365
0.818374
0.818317
0.818301
0.818275
0.818260
0.818234
0.818203
0.818185
0.818159
0.818136
0.818146
0.818094
0.818073
0.818048
0.818030
0.818008
0.817984
0.817976
0.817951
0.817940
0.817951
0.817899
0.817885
0.817867
0.817862
0.817841
0.817823
0.817816
0.817800
0.817787
0.817808
0.817766
0.817752
0.817735
0.817728
0.817715
0.817701
0.817704
0.817689
0.817685
0.817703
0.817660
0.817653
0.817640
0.817642
0.817630
0.817623
0.817618
0.817609
0.817606
0.817628
0.817594
0.817588
0.817576
0.817568
0.817558
0.817547
0.817546
0.817532
0.817528
0.817540
0.817499
0.817495
0.817486
0.817486
0.817476
0.817465
0.817458
0.817446
0.817436
0.817452
0.817414
0.817402
0.817386
0.817376
0.817365
0.817352
0.817350
0.817334
0.817328
0.817336
0.817293
0.817284
0.817268
0.817267
0.817252
0.817236
0.817227
0.817212
0.817202
0.817219
0.817183
0.817173
0.817166
0.817163
0.817156
0.817149
0.817153
0.817145
0.817144
0.817159
0.817122
0.817125
0.817124
0.817134
0.817130
0.817127
0.817130
0.817126
0.817125
0.817150
0.817127
0.817127
0.817122
0.817122
0.817121
0.817117
0.817119
0.817105
0.817101
0.817112
0.817077
0.817073
0.817065
0.817070
0.817061
0.817057
0.817061
0.817057
0.817057
0.817083
0.817059
0.817060
0.817056
0.817055
0.817051
0.817045
0.817050
0.817042
0.817039
0.817054
0.817014
0.817011
0.816996
0.816999
0.816986
0.816980
0.816975
0.816969
0.816972
0.817006
0.816984
0.816990
0.816988
0.816995
0.816995
0.816995
0.817007
0.817008
0.817012
0.817036
0.817005
0.817011
0.817006
0.817016
0.817010
0.817009
0.817012
0.817009
0.817009
0.817040
0.817013
0.817015
0.817011
0.817015
0.817012
0.817008
0.817017
0.817014
0.817015
0.817037
0.817004
0.817008
0.817004
0.817015
0.817010
0.817012
0.817017
0.817015
0.817016
0.817047
0.817022
0.817024
0.817019
0.817024
0.817023
0.817024
0.817037
0.817038
0.817046
0.817075
0.817052
0.817063
0.817066
0.817085
0.817086
0.817095
0.817105
0.817109
0.817117
0.817156
0.817138
0.817148
0.817151
0.817173
0.817186
0.817204
0.817232
0.817249
0.817269
0.817308
0.817294
0.817315
0.817324
0.817358
0.817374
0.817396
0.817422
0.817442
0.817465
0.817519
0.817519
0.817544
0.817563
0.817591
0.817612
0.817634
0.817667
0.817687
0.817712
0.817756
0.817747
0.817774
0.817794
0.817830
0.817847
0.817871
0.817899
0.817919
0.817942
0.817998
0.817998
0.818024
0.818046
0.818077
0.818100
0.818126
0.818162
0.818187
0.818219
0.818267
0.818264
0.818295
0.818318
0.818358
0.818380
0.818408
0.818439
0.818461
0.818487
0.818542
0.818544
0.818571
0.818590
0.818621
0.818640
0.818664
0.818699
0.818721
0.818746
0.818793
0.818791
0.818820
0.818841
0.818880
0.818900
0.818927
0.818958
0.818980
0.819005
0.819060
0.819061
0.819088
0.819107
0.819136
0.819153
0.819172
0.819205
0.819224
0.819248
0.819293
0.819284
0.819307
0.819320
0.819352
0.819362
0.819380
0.819402
0.819416
0.819434
0.819484
0.819478
0.819500
0.819514
0.819540
0.819556
0.819572
0.819601
0.819614
0.819631
0.819669
0.819654
0.819671
0.819682
0.819712
0.819721
0.819736
0.819759
0.819773
0.819790
0.819839
0.819830
0.819845
0.819852
0.819872
0.819880
0.819889
0.819911
0.819919
0.819932
0.819967
0.819947
0.819961
0.819966
0.819990
0.819993
0.820001
0.820017
0.820021
0.820028
0.820068
0.820050
0.820055
0.820052
0.820063
0.820061
0.820061
0.820074
0.820072
0.820074
0.820098
0.820069
0.820075
0.820074
0.820092
0.820088
0.820090
0.820102
0.820104
0.820109
0.820147
0.820128
0.820134
0.820131
0.820143
0.820143
0.820142
0.820157
0.820155
0.820157
0.820181
0.820151
0.820153
0.820149
0.820165
0.820158
0.820158
0.820165
0.820156
0.820150
0.820176
0.820146
0.820140
0.820127
0.820128
0.820127
0.820127
0.820144
0.820143
0.820146
0.820171
0.820144
0.820147
0.820142
0.820160
0.820149
0.820146
0.820150
0.820140
0.820135
0.820160
0.820134
0.820130
0.820117
0.820117
0.820106
0.820096
0.820101
0.820089
0.820084
0.820103
0.820070
0.820069
0.820064
0.820076
0.820064
0.820061
0.820063
0.820053
0.820048
0.820074
0.820048
0.820046
0.820035
0.820038
0.820029
0.820024
0.820036
0.820029
0.820027
0.820053
0.820028
0.820034
0.820035
0.820056
0.820051
0.820057
0.820066
0.820062
0.820064
0.820098
0.820082
0.820087
0.820083
0.820095
0.820091
0.820094
0.820111
0.820109
0.820113
0.820139
0.820117
0.820120
0.820117
0.820135
0.820128
0.820133
0.820145
0.820142
0.820142
0.820175
0.820159
0.820162
0.820158
0.820167
0.820163
0.820162
0.820174
0.820166
0.820168
0.820194
0.820169
0.820170
0.820160
0.820171
0.820160
0.820163
0.820171
0.820165
0.820163
0.820195
0.820172
0.820172
0.820164
0.820173
0.820169
0.820171
0.820187
0.820184
0.820186
0.820213
0.820188
0.820189
0.820184
0.820202
0.820195
0.820200
0.820212
0.820210
0.820211
0.820245
0.820225
0.820227
0.820222
0.820234
0.820232
0.820233
0.820251
0.820247
0.820249
0.820275
0.820248
0.820251
0.820250
0.820272
0.820267
0.820274
0.820286
0.820284
0.820289
0.820327
0.820309
0.820309
0.820301
0.820310
0.820304
0.820301
0.820314
0.820307
0.820305
0.820326
0.820292
0.820286
0.820275
0.820287
0.820271
0.820268
0.820272
0.820259
0.820249
0.820275
0.820248
0.820243
0.820231
0.820227
0.820216
0.820209
0.820219
0.820204
0.820199
0.820224
0.820181
0.820175
0.820168
0.820177
0.820162
0.820156
0.820163
0.820150
0.820143
0.820176
0.820145
0.820137
0.820116
0.820104
0.820086
0.820067
0.820063
0.820036
0.820021
0.820030
0.819971
0.819948
0.819925
0.819918
0.819886
0.819864
0.819853
0.819822
0.819796
0.819812
0.819762
0.819738
0.819708
0.819692
0.819670
0.819644
0.819635
0.819603
0.819585
0.819594
0.819529
0.819501
0.819472
0.819459
0.819422
0.819396
0.819386
0.819355
0.819328
0.819346
0.819295
0.819272
0.819244
0.819232
0.819211
0.819184
0.819175
0.819142
0.819123
0.819130
0.819065
0.819037
0.819010
0.819000
0.818965
0.818937
0.818925
0.818890
0.818860
0.818873
0.818817
0.818787
0.818751
0.818725
0.818692
0.818654
0.818638
0.818600
0.818574
0.818575
0.818504
0.818468
0.818436
0.818423
0.818382
0.818349
0.818332
0.818293
0.818259
0.818267
0.818207
0.818173
0.818132
0.818107
0.818075
0.818038
0.818024
0.817986
0.817961
0.817964
0.817895
0.817863
0.817834
0.817822
0.817783
0.817751
0.817737
0.817698
0.817671
0.817688
0.817628
0.817603
0.817573
0.817559
0.817529
0.817504
0.817497
0.817468
0.817445
0.817454
0.817395
0.817376
0.817352
0.817352
0.817325
0.817308
0.817301
0.817279
0.817261
0.817289
0.817239
0.817222
0.817201
0.817197
0.817178
0.817167
0.817175
0.817160
0.817151
0.817176
0.817129
0.817116
0.817097
0.817102
0.817081
0.817068
0.817065
0.817044
0.817027
0.817058
0.817012
0.817001
0.816985
0.816987
0.816974
0.816964
0.816974
0.816965
0.816966
0.817000
0.816965
0.816966
0.816961
0.816982
0.816976
0.816980
0.816994
0.816990
0.816990
0.817036
0.817004
0.817008
0.817006
0.817025
0.817026
0.817032
0.817056
0.817057
0.817064
0.817104
0.817069
0.817073
0.817072
0.817100
0.817097
0.817104
0.817125
0.817130
0.817138
0.817194
0.817158
0.817164
0.817165
0.817183
0.817186
0.817189
0.817214
0.817220
0.817232
0.817288
0.817248
0.817261
0.817266
0.817297
0.817302
0.817314
0.817338
0.817347
0.817358
0.817429
0.817395
0.817411
0.817422
0.817453
0.817466
0.817482
0.817517
0.817532
0.817548
0.817610
0.817575
0.817591
0.817600
0.817633
0.817638
0.817651
0.817676
0.817682
0.817693
0.817760
0.817724
0.817734
0.817736
0.817759
0.817762
0.817768
0.817795
0.817803
0.817816
0.817877
0.817840
0.817853
0.817859
0.817889
0.817890
0.817899
0.817924
0.817928
0.817937
0.818006
0.817974
0.817987
0.817993
0.818023
0.818033
0.818045
0.818081
0.818090
0.818103
0.818166
0.818125
0.818134
0.818135
0.818162
0.818160
0.818165
0.818184
0.818182
0.818184
0.818248
0.818211
0.818218
0.818222
0.818248
0.818253
0.818261
0.818293
0.818300
0.818311
0.818372
0.818334
0.818346
0.818353
0.818387
0.818391
0.818402
0.818431
0.818438
0.818448
0.818518
0.818485
0.818498
0.818503
0.818534
0.818541
0.818551
0.818589
0.818597
0.818601
0.818655
0.818609
0.818614
0.818615
0.818644
0.818642
0.818648
0.818674
0.818672
0.818677
0.818736
0.818695
0.818698
0.818695
0.818717
0.818719
0.818722
0.818753
0.818754
0.818764
0.818824
0.818784
0.818792
0.818796
0.818827
0.818824
0.818824
0.818848
0.818841
0.818839
0.818892
0.818851
0.818850
0.818844
0.818863
0.818860
0.818857
0.818885
0.818880
0.818886
0.818941
0.818898
0.818900
0.818905
0.818936
0.818933
0.818934
0.818963
0.818960
0.818963
0.819023
0.818986
0.818992
0.818993
0.819020
0.819021
0.819020
0.819050
0.819047
0.819054
0.819114
0.819072
0.819078
0.819082
0.819112
0.819106
0.819105
0.819132
0.819126
0.819125
0.819178
0.819133
0.819128
0.819117
0.819135
0.819131
0.819124
0.819159
0.819150
0.819154
0.819197
0.819159
0.819158
0.819158
0.819186
0.819178
0.819175
0.819206
0.819201
0.819200
0.819246
0.819222
0.819224
0.819219
0.819243
0.819247
0.819245
0.819277
0.819274
0.819281
0.819331
0.819303
0.819311
0.819316
0.819352
0.819362
0.819378
0.819415
0.819422
0.819435
0.819496
0.819481
0.819494
0.819500
0.819532
0.819541
0.819552
0.819587
0.819588
0.819596
0.819648
0.819618
0.819624
0.819628
0.819662
0.819663
0.819665
0.819698
0.819701
0.819713
0.819772
0.819755
0.819765
0.819774
0.819812
0.819824
0.819831
0.819866
0.819865
0.819871
0.819922
0.819893
0.819892
0.819898
0.819930
0.819927
0.819924
0.819959
0.819957
0.819961
0.820012
0.819992
0.819994
0.819991
0.820016
0.820021
0.820020
0.820044
0.820041
0.820052
0.820114
0.820085
0.820093
0.820107
0.820142
0.820146
0.820149
0.820180
0.820176
0.820176
0.820226
0.820200
0.820200
0.820196
0.820216
0.820220
0.820217
0.820246
0.820244
0.820269
0.820314
0.820289
0.820295
0.820312
0.820342
0.820347
0.820353
0.820391
0.820397
0.820408
0.820458
0.820457
0.820468
0.820473
0.820495
0.820513
0.820519
0.820552
0.820553
0.820575
0.820620
0.820604
0.820613
0.820629
0.820652
0.820654
0.820656
0.820686
0.820685
0.820690
0.820723
0.820715
0.820708
0.820691
0.820684
0.820679
0.820663
0.820667
0.820647
0.820649
0.820665
0.820624
0.820608
0.820607
0.820613
0.820597
0.820582
0.820594
0.820578
0.820567
0.820586
0.820563
0.820552
0.820541
0.820543
0.820545
0.820537
0.820549
0.820536
0.820545
0.820564
0.820526
0.820514
0.820514
0.820520
0.820503
0.820486
0.820500
0.820484
0.820475
0.820489
0.820465
0.820452
0.820435
0.820431
0.820427
0.820413
0.820421
0.820403
0.820404
0.820420
0.820378
0.820363
0.820358
0.820364
0.820346
0.820329
0.820342
0.820324
0.820313
0.820333
0.820312
0.820300
0.820286
0.820288
0.820290
0.820282
0.820295
0.820282
0.820289
0.820316
0.820285
0.820281
0.820287
0.820303
0.820294
0.820286
0.820309
0.820300
0.820296
0.820320
0.820302
0.820296
0.820288
0.820296
0.820301
0.820297
0.820313
0.820302
0.820306
0.820328
0.820291
0.820280
0.820280
0.820292
0.820270
0.820248
0.820257
0.820229
0.820208
0.820218
0.820184
0.820161
0.820132
0.820120
0.820106
0.820079
0.820079
0.820042
0.820025
0.820027
0.819970
0.819936
0.819915
0.819913
0.819881
0.819844
0.819842
0.819806
0.819776
0.819775
0.819728
0.819689
0.819643
0.819610
0.819578
0.819533
0.819517
0.819467
0.819441
0.819432
0.819363
0.819315
0.819282
0.819263
0.819216
0.819167
0.819154
0.819105
0.819063
0.819051
0.818996
0.818950
0.818899
0.818862
0.818822
0.818768
0.818748
0.818694
0.818663
0.818647
0.818572
0.818518
0.818478
0.818451
0.818395
0.818352
0.818332
0.818291
0.818256
0.818240
0.818193
0.818155
0.818116
0.818084
0.818052
0.818012
0.817993
0.817949
0.817921
0.817906
0.817845
0.817805
0.817774
0.817752
0.817709
0.817666
0.817644
0.817597
0.817553
0.817530
0.817476
0.817431
0.817385
0.817352
0.817322
0.817280
0.817260
0.817214
0.817186
0.817169
0.817110
0.817072
0.817043
0.817023
0.816985
0.816945
0.816929
0.816891
0.816860
0.816848
0.816805
0.816783
0.816755
0.816726
0.816707
0.816679
0.816662
0.816631
0.816615
0.816597
0.816552
0.816520
0.816498
0.816476
0.816444
0.816410
0.816392
0.816358
0.816331
0.816312
0.816280
0.816252
0.816221
0.816191
0.816169
0.816137
0.816121
0.816089
0.816074
0.816056
0.816014
0.815985
0.815966
0.815948
0.815918
0.815889
0.815872
0.815839
0.815807
0.815781
0.815731
0.815688
0.815641
0.815593
0.815543
0.815485
0.815449
0.815387
0.815342
0.815307
0.815232
0.815174
0.815125
0.815086
0.815026
0.814967
0.814933
0.814875
0.814821
0.814785
0.814725
0.814674
0.814617
0.814569
0.814520
0.814466
0.814432
0.814372
0.814330
0.814297
0.814220
0.814161
0.814111
0.814070
0.814009
0.813949
0.813913
0.813853
0.813797
0.813759
0.813695
0.813637
0.813574
0.813521
0.813468
0.813413
0.813377
0.813316
0.813273
0.813236
0.813163
0.813103
0.813053
0.813012
0.812948
0.812888
0.812851
0.812799
0.812755
0.812727
0.812674
0.812625
0.812575
0.812528
0.812480
0.812425
0.812386
0.812324
0.812279
0.812242
0.812174
0.812119
0.812075
0.812037
0.811979
0.811923
0.811889
0.811831
0.811778
0.811744
0.811686
0.811635
0.811582
0.811538
0.811494
0.811445
0.811413
0.811356
0.811318
0.811287
0.811225
0.811174
0.811135
0.811103
0.811048
0.810994
0.810968
0.810911
0.810861
0.810823
0.810771
0.810717
0.810662
0.810613
0.810567
0.810513
0.810483
0.810427
0.810391
0.810353
0.810296
0.810245
0.810206
0.810173
0.810121
0.810072
0.810046
0.809996
0.809956
0.809929
0.809888
0.809844
0.809801
0.809764
0.809729
0.809687
0.809664
0.809613
0.809581
0.809548
0.809494
0.809447
0.809406
0.809373
0.809320
0.809269
0.809241
0.809189
0.809143
0.809110
0.809064
0.809014
0.808964
0.808921
0.808880
0.808831
0.808801
0.808745
0.808708
0.808669
0.808610
0.808555
0.808515
0.808481
0.808428
0.808376
0.808350
0.808298
0.808254
0.808220
0.808177
0.808127
0.808077
0.808033
0.807989
0.807938
0.807906
0.807852
0.807823
0.807791
0.807741
0.807694
0.807660
0.807632
0.807586
0.807544
0.807524
0.807481
0.807446
0.807426
0.807400
0.807368
0.807335
0.807306
0.807279
0.807244
0.807232
0.807189
0.807162
0.807127
0.807091
0.807049
0.807019
0.806988
0.806941
0.806897
0.806871
0.806823
0.806784
0.806743
0.806715
0.806673
0.806630
0.806590
0.806554
0.806508
0.806478
0.806431
0.806402
0.806360
0.806324
0.806282
0.806250
0.806222
0.806179
0.806137
0.806113
0.806068
0.806030
0.805991
0.805963
0.805923
0.805881
0.805842
0.805808
0.805766
0.805740
0.805693
0.805665
0.805621
0.805582
0.805533
0.805498
0.805465
0.805414
0.805367
0.805336
0.805280
0.805236
0.805193
0.805162
0.805130
0.805092
0.805058
0.805030
0.804989
0.804971
0.804933
0.804911
0.804878
0.804847
0.804810
0.804786
0.804764
0.804725
0.804690
0.804675
0.804636
0.804608
0.804576
0.804556
0.804523
0.804486
0.804460
0.804441
0.804405
0.804393
0.804357
0.804335
0.804301
0.804269
0.804232
0.804208
0.804190
0.804152
0.804120
0.804111
0.804078
0.804054
0.804030
0.804014
0.803986
0.803954
0.803931
0.803916
0.803887
0.803881
0.803852
0.803840
0.803816
0.803794
0.803767
0.803752
0.803742
0.803713
0.803692
0.803692
0.803663
0.803645
0.803628
0.803618
0.803597
0.803568
0.803549
0.803537
0.803510
0.803502
0.803474
0.803459
0.803433
0.803409
0.803382
0.803368
0.803359
0.803329
0.803303
0.803295
0.803265
0.803244
0.803224
0.803205
0.803177
0.803144
0.803115
0.803086
0.803041
0.803021
0.802977
0.802946
0.802909
0.802868
0.802825
0.802793
0.802769
0.802721
0.802677
0.802653
0.802604
0.802565
0.802533
0.802502
0.802465
0.802422
0.802392
0.802364
0.802322
0.802304
0.802263
0.802238
0.802207
0.802173
0.802135
0.802111
0.802096
0.802055
0.802023
0.802011
0.801970
0.801940
0.801913
0.801890
0.801858
0.801819
0.801792
0.801766
0.801728
0.801711
0.801673
0.801649
0.801620
0.801590
0.801553
0.801527
0.801510
0.801469
0.801437
0.801422
0.801382
0.801354
0.801327
0.801303
0.801270
0.801232
0.801206
0.801180
0.801142
0.801123
0.801082
0.801054
0.801019
0.800983
0.800942
0.800913
0.800892
0.800846
0.800809
0.800789
0.800742
0.800706
0.800669
0.800633
0.800588
0.800540
0.800506
0.800472
0.800427
0.800404
0.800359
0.800325
0.800287
0.800250
0.800205
0.800174
0.800151
0.800105
0.800067
0.800052
0.800010
0.799979
0.799951
0.799924
0.799894
0.799856
0.799832
0.799805
0.799765
0.799749
0.799714
0.799689
0.799660
0.799633
0.799598
0.799577
0.799564
0.799526
0.799498
0.799489
0.799450
0.799423
0.799407
0.799394
0.799372
0.799340
0.799322
0.799307
0.799280
0.799277
0.799252
0.799238
0.799220
0.799207
0.799184
0.799170
0.799164
0.799132
0.799110
0.799105
0.799071
0.799051
0.799033
0.799022
0.799002
0.798973
0.798952
0.798934
0.798903
0.798894
0.798863
0.798844
0.798820
0.798797
0.798767
0.798750
0.798739
0.798706
0.798681
0.798674
0.798641
0.798619
0.798598
0.798582
0.798556
0.798524
0.798505
0.798489
0.798462
0.798456
0.798428
0.798415
0.798386
0.798357
0.798317
0.798309
0.798287
0.798246
0.798210
0.798208
0.798172
0.798148
0.798115
0.798115
0.798086
0.798048
0.798015
0.798008
0.797973
0.797954
0.797915
0.797909
0.797873
0.797846
0.797807
0.797804
0.797786
0.797749
0.797717
0.797719
0.797682
0.797659
0.797627
0.797630
0.797604
0.797572
0.797544
0.797543
0.797513
0.797500
0.797464
0.797469
0.797434
0.797408
0.797368
0.797367
0.797346
0.797306
0.797270
0.797275
0.797234
0.797202
0.797163
0.797163
0.797130
0.797089
0.797051
0.797047
0.797010
0.796989
0.796947
0.796945
0.796908
0.796880
0.796835
0.796829
0.796803
0.796758
0.796717
0.796714
0.796672
0.796637
0.796597
0.796580
0.796541
0.796494
0.796449
0.796424
0.796380
0.796347
0.796294
0.796270
0.796218
0.796174
0.796124
0.796096
0.796060
0.796009
0.795960
0.795938
0.795888
0.795844
0.795801
0.795777
0.795729
0.795680
0.795634
0.795605
0.795557
0.795526
0.795469
0.795443
0.795393
0.795347
0.795291
0.795258
0.795215
0.795154
0.795095
0.795063
0.795004
0.794950
0.794894
0.794858
0.794801
0.794742
0.794688
0.794653
0.794597
0.794555
0.794493
0.794462
0.794407
0.794361
0.794310
0.794282
0.794245
0.794194
0.794145
0.794126
0.794077
0.794034
0.793990
0.793965
0.793922
0.793875
0.793832
0.793808
0.793764
0.793740
0.793700
0.793685
0.793646
0.793608
0.793566
0.793547
0.793510
0.793460
0.793413
0.793394
0.793343
0.793304
0.793265
0.793245
0.793206
0.793161
0.793124
0.793104
0.793063
0.793034
0.792988
0.792971
0.792934
0.792896
0.792858
0.792840
0.792814
0.792772
0.792733
0.792725
0.792685
0.792650
0.792617
0.792600
0.792568
0.792532
0.792500
0.792484
0.792452
0.792432
0.792394
0.792385
0.792355
0.792322
0.792289
0.792277
0.792258
0.792224
0.792189
0.792187
0.792159
0.792135
0.792113
0.792106
0.792085
0.792060
0.792037
0.792030
0.792005
0.791991
0.791959
0.791951
0.791926
0.791901
0.791876
0.791868
0.791854
0.791831
0.791809
0.791812
0.791790
0.791775
0.791757
0.791756
0.791740
0.791724
0.791711
0.791715
0.791700
0.791698
0.791682
0.791691
0.791677
0.791667
0.791655
0.791665
0.791667
0.791646
0.791633
0.791646
0.791631
0.791622
0.791609
0.791617
0.791608
0.791597
0.791592
0.791606
0.791601
0.791607
0.791595
0.791613
0.791603
0.791601
0.791598
0.791618
0.791627
0.791622
0.791621
0.791646
0.791643
0.791646
0.791647
0.791675
0.791688
0.791697
0.791709
0.791743
0.791755
0.791779
0.791787
0.791825
0.791845
0.791863
0.791881
0.791920
0.791948
0.791963
0.791978
0.792023
0.792040
0.792063
0.792084
0.792123
0.792144
0.792159
0.792184
0.792230
0.792251
0.792287
0.792307
0.792357
0.792384
0.792407
0.792431
0.792476
0.792506
0.792525
0.792538
0.792588
0.792611
0.792639
0.792667
0.792711
0.792740
0.792764
0.792791
0.792836
0.792855
0.792899
0.792929
0.792986
0.793025
0.793063
0.793103
0.793160
0.793212
0.793253
0.793290
0.793354
0.793393
0.793438
0.793483
0.793539
0.793578
0.793615
0.793654
0.793711
0.793746
0.793795
0.793823
0.793876
0.793907
0.793935
0.793966
0.794012
0.794054
0.794083
0.794109
0.794159
0.794186
0.794218
0.794246
0.794286
0.794314
0.794332
0.794354
0.794393
0.794410
0.794443
0.794461
0.794505
0.794535
0.794562
0.794588
0.794631
0.794671
0.794697
0.794720
0.794769
0.794790
0.794817
0.794843
0.794882
0.794907
0.794924
0.794946
0.794983
0.794999
0.795035
0.795055
0.795099
0.795124
0.795147
0.795171
0.795214
0.795253
0.795277
0.795301
0.795347
0.795364
0.795388
0.795410
0.795448
0.795471
0.795489
0.795512
0.795551
0.795569
0.795602
0.795623
0.795664
0.795689
0.795712
0.795735
0.795771
0.795808
0.795831
0.795853
0.795896
0.795918
0.795951
0.795981
0.796023
0.796054
0.796079
0.796111
0.796154
0.796180
0.796221
0.796247
0.796291
0.796319
0.796347
0.796372
0.796412
0.796452
0.796473
0.796495
0.796537
0.796557
0.796588
0.796621
0.796660
0.796690
0.796715
0.796744
0.796787
0.796806
0.796845
0.796870
0.796913
0.796941
0.796967
0.796993
0.797034
0.797080
0.797109
0.797133
0.797179
0.797204
0.797235
0.797267
0.797310
0.797342
0.797367
0.797400
0.797441
0.797466
0.797514
0.797540
0.797580
0.797611
0.797634
0.797659
0.797706
0.797752
0.797775
0.797798
0.797854
0.797877
0.797907
0.797941
0.797987
0.798017
0.798041
0.798071
0.798119
0.798142
0.798187
0.798209
0.798256
0.798291
0.798315
0.798339
0.798386
0.798436
0.798462
0.798488
0.798545
0.798571
0.798604
0.798641
0.798688
0.798724
0.798754
0.798791
0.798845
0.798875
0.798928
0.798959
0.799015
0.799058
0.799088
0.799119
0.799173
0.799226
0.799257
0.799285
0.799346
0.799378
0.799413
0.799454
0.799505
0.799543
0.799572
0.799608
0.799662
0.799693
0.799745
0.799776
0.799830
0.799868
0.799897
0.799928
0.799981
0.800033
0.800064
0.800095
0.800158
0.800194
0.800231
0.800274
0.800325
0.800361
0.800392
0.800431
0.800487
0.800519
0.800572
0.800603
0.800658
0.800699
0.800725
0.800757
0.800811
0.800862
0.800891
0.800919
0.800977
0.801005
0.801038
0.801076
0.801122
0.801154
0.801180
0.801213
0.801262
0.801285
0.801330
0.801353
0.801400
0.801432
0.801454
0.801479
0.801523
0.801567
0.801591
0.801613
0.801668
0.801691
0.801718
0.801753
0.801797
0.801827
0.801845
0.801872
0.801914
0.801935
0.801975
0.801995
0.802038
0.802069
0.802090
0.802114
0.802158
0.802201
0.802224
0.802245
0.802298
0.802323
0.802354
0.802388
0.802434
0.802465
0.802490
0.802526
0.802574
0.802600
0.802644
0.802673
0.802724
0.802761
0.802786
0.802815
0.802863
0.802912
0.802937
0.802964
0.803025
0.803054
0.803086
0.803127
0.803175
0.803211
0.803239
0.803278
0.803324
0.803352
0.803399
0.803427
0.803478
0.803522
0.803554
0.803592
0.803645
0.803703
0.803734
0.803766
0.803827
0.803861
0.803897
0.803941
0.803991
0.804029
0.804055
0.804093
0.804142
0.804171
0.804221
0.804254
0.804307
0.804349
0.804375
0.804406
0.804455
0.804509
0.804536
0.804565
0.804623
0.804655
0.804689
0.804734
0.804778
0.804812
0.804834
0.804869
0.804912
0.804933
0.804982
0.805011
0.805054
0.805093
0.805119
0.805152
0.805196
0.805240
0.805258
0.805276
0.805314
0.805337
0.805363
0.805401
0.805434
0.805464
0.805484
0.805518
0.805555
0.805577
0.805621
0.805645
0.805685
0.805723
0.805743
0.805770
0.805807
0.805856
0.805878
0.805904
0.805950
0.805980
0.806006
0.806045
0.806077
0.806111
0.806133
0.806171
0.806209
0.806235
0.806278
0.806306
0.806344
0.806381
0.806402
0.806440
0.806485
0.806544
0.806574
0.806610
0.806666
0.806702
0.806738
0.806788
0.806831
0.806871
0.806900
0.806945
0.806991
0.807025
0.807075
0.807109
0.807152
0.807195
0.807221
0.807255
0.807297
0.807353
0.807382
0.807413
0.807465
0.807497
0.807530
0.807576
0.807614
0.807657
0.807687
0.807734
0.807774
0.807809
0.807862
0.807901
0.807943
0.807990
0.808019
0.808060
0.808099
0.808158
0.808194
0.808232
0.808283
0.808323
0.808362
0.808419
0.808461
0.808505
0.808540
0.808588
0.808628
0.808665
0.808719
0.808757
0.808800
0.808847
0.808873
0.808911
0.808946
0.808997
0.809022
0.809051
0.809092
0.809124
0.809153
0.809196
0.809223
0.809255
0.809280
0.809315
0.809347
0.809372
0.809412
0.809438
0.809483
0.809527
0.809558
0.809596
0.809636
0.809690
0.809719
0.809746
0.809790
0.809819
0.809850
0.809894
0.809930
0.809969
0.810000
0.810042
0.810081
0.810112
0.810162
0.810192
0.810233
0.810276
0.810307
0.810345
0.810385
0.810440
0.810477
0.810516
0.810569
0.810607
0.810648
0.810701
0.810743
0.810785
0.810820
0.810866
0.810907
0.810942
0.810993
0.811019
0.811052
0.811086
0.811108
0.811131
0.811158
0.811201
0.811219
0.811241
0.811274
0.811291
0.811310
0.811338
0.811362
0.811382
0.811400
0.811430
0.811453
0.811474
0.811514
0.811535
0.811563
0.811592
0.811614
0.811638
0.811659
0.811697
0.811711
0.811737
0.811773
0.811793
0.811818
0.811852
0.811881
0.811907
0.811926
0.811958
0.811983
0.812008
0.812051
0.812074
0.812102
0.812129
0.812149
0.812170
0.812193
0.812235
0.812249
0.812272
0.812306
0.812322
0.812342
0.812369
0.812392
0.812412
0.812417
0.812442
0.812456
0.812468
0.812504
0.812514
0.812531
0.812555
0.812566
0.812579
0.812594
0.812632
0.812638
0.812654
0.812685
0.812696
0.812711
0.812741
0.812758
0.812774
0.812783
0.812810
0.812825
0.812838
0.812872
0.812879
0.812890
0.812910
0.812917
0.812927
0.812936
0.812966
0.812966
0.812974
0.812997
0.813000
0.813010
0.813038
0.813055
0.813071
0.813079
0.813102
0.813118
0.813126
0.813157
0.813161
0.813173
0.813192
0.813197
0.813201
0.813210
0.813240
0.813238
0.813245
0.813269
0.813273
0.813287
0.813312
0.813325
0.813339
0.813344
0.813369
0.813383
0.813383
0.813410
0.813410
0.813413
0.813422
0.813416
0.813410
0.813410
0.813431
0.813420
0.813419
0.813434
0.813426
0.813425
0.813441
0.813438
0.813441
0.813435
0.813450
0.813456
0.813447
0.813468
0.813461
0.813460
0.813468
0.813452
0.813444
0.813441
0.813460
0.813448
0.813440
0.813452
0.813444
0.813446
0.813461
0.813455
0.813456
0.813448
0.813457
0.813457
0.813445
0.813465
0.813459
0.813458
0.813469
0.813460
0.813455
0.813457
0.813479
0.813470
0.813460
0.813472
0.813459
0.813456
0.813464
0.813453
0.813448
0.813434
0.813436
0.813431
0.813413
0.813428
0.813417
0.813403
0.813402
0.813379
0.813360
0.813346
0.813352
0.813330
0.813312
0.813314
0.813295
0.813282
0.813283
0.813261
0.813245
0.813219
0.813206
0.813183
0.813156
0.813157
0.813133
0.813115
0.813107
0.813079
0.813056
0.813038
0.813040
0.813014
0.812990
0.812986
0.812960
0.812942
0.812938
0.812913
0.812894
0.812867
0.812858
0.812840
0.812808
0.812806
0.812778
0.812757
0.812744
0.812710
0.812681
0.812657
0.812652
0.812619
0.812590
0.812580
0.812547
0.812526
0.812521
0.812493
0.812471
0.812440
0.812426
0.812400
0.812364
0.812356
0.812324
0.812297
0.812280
0.812244
0.812215
0.812190
0.812185
0.812151
0.812122
0.812105
0.812065
0.812034
0.812017
0.811981
0.811950
0.811909
0.811887
0.811856
0.811814
0.811799
0.811760
0.811720
0.811691
0.811643
0.811598
0.811555
0.811532
0.811479
0.811432
0.811402
0.811348
0.811304
0.811266
0.811212
0.811162
0.811106
0.811069
0.811020
0.810962
0.810932
0.810883
0.810838
0.810803
0.810753
0.810702
0.810659
0.810633
0.810577
0.810529
0.810499
0.810443
0.810392
0.810353
0.810298
0.810247
0.810186
0.810146
0.810097
0.810037
0.810005
0.809947
0.809895
0.809847
0.809784
0.809718
0.809659
0.809618
0.809548
0.809491
0.809451
0.809387
0.809327
0.809274
0.809209
0.809143
0.809066
0.809007
0.808943
0.808866
0.808817
0.808743
0.808679
0.808621
0.808546
0.808472
0.808407
0.808356
0.808278
0.808208
0.808160
0.808084
0.808018
0.807961
0.807892
0.807825
0.807749
0.807698
0.807634
0.807556
0.807516
0.807437
0.807369
0.807317
0.807238
0.807154
0.807083
0.807033
0.806946
0.806865
0.806816
0.806729
0.806652
0.806599
0.806525
0.806452
0.806370
0.806315
0.806246
0.806163
0.806119
0.806040
0.805972
0.805922
0.805842
0.805762
0.805681
0.805635
0.805542
0.805457
0.805411
0.805321
0.805245
0.805203
0.805122
0.805045
0.804960
0.804909
0.804833
0.804743
0.804699
0.804612
0.804530
0.804476
0.804378
0.804286
0.804205
0.804156
0.804058
0.803971
0.803921
0.803828
0.803739
0.803690
0.803596
0.803518
0.803437
0.803389
0.803318
0.803238
0.803198
0.803117
0.803047
0.803002
0.802913
0.802834
0.802759
0.802716
0.802632
0.802555
0.802520
0.802444
0.802372
0.802341
0.802266
0.802197
0.802119
0.802077
0.802009
0.801933
0.801898
0.801822
0.801755
0.801715
0.801631
0.801555
0.801486
0.801452
0.801368
0.801295
0.801258
0.801177
0.801102
0.801065
0.800985
0.800912
0.800828
0.800782
0.800712
0.800631
0.800592
0.800513
0.800442
0.800399
0.800314
0.800235
0.800166
0.800132
0.800050
0.799978
0.799941
0.799860
0.799790
0.799759
0.799684
0.799617
0.799538
0.799502
0.799442
0.799372
0.799343
0.799274
0.799212
0.799179
0.799109
0.799041
0.798985
0.798958
0.798883
0.798822
0.798794
0.798724
0.798665
0.798635
0.798571
0.798514
0.798442
0.798407
0.798354
0.798278
0.798246
0.798179
0.798115
0.798074
0.797997
0.797923
0.797858
0.797823
0.797740
0.797668
0.797628
0.797548
0.797475
0.797435
0.797356
0.797284
0.797200
0.797148
0.797083
0.797004
0.796965
0.796886
0.796817
0.796772
0.796691
0.796612
0.796545
0.796507
0.796426
0.796358
0.796319
0.796243
0.796178
0.796142
0.796056
0.795988
0.795905
0.795858
0.795787
0.795705
0.795667
0.795593
0.795516
0.795470
0.795387
0.795306
0.795236
0.795201
0.795120
0.795043
0.794996
0.794911
0.794836
0.794796
0.794703
0.794628
0.794533
0.794475
0.794396
0.794311
0.794271
0.794195
0.794118
0.794073
0.793986
0.793902
0.793823
0.793780
0.793688
0.793609
0.793559
0.793473
0.793396
0.793357
0.793266
0.793195
0.793109
0.793059
0.792981
0.792881
0.792826
0.792740
0.792654
0.792599
0.792508
0.792419
0.792333
0.792284
0.792182
0.792095
0.792036
0.791942
0.791857
0.791805
0.791704
0.791622
0.791525
0.791463
0.791380
0.791282
0.791230
0.791140
0.791049
0.790988
0.790890
0.790793
0.790703
0.790650
0.790549
0.790454
0.790391
0.790289
0.790197
0.790138
0.790030
0.789936
0.789832
0.789762
0.789677
0.789569
0.789514
0.789421
0.789331
0.789269
0.789171
0.789071
0.788983
0.788928
0.788824
0.788729
0.788667
0.788565
0.788481
0.788425
0.788330
0.788248
0.788155
0.788095
0.788023
0.787926
0.787879
0.787793
0.787716
0.787655
0.787566
0.787467
0.787388
0.787336
0.787235
0.787151
0.787098
0.786998
0.786910
0.786851
0.786759
0.786672
0.786571
0.786506
0.786428
0.786331
0.786278
0.786185
0.786104
0.786045
0.785959
0.785864
0.785786
0.785737
0.785637
0.785554
0.785503
0.785408
0.785324
0.785268
0.785181
0.785098
0.785001
0.784938
0.784864
0.784771
0.784717
0.784626
0.784542
0.784475
0.784376
0.784271
0.784186
0.784129
0.784015
0.783918
0.783856
0.783747
0.783652
0.783583
0.783489
0.783396
0.783288
0.783212
0.783127
0.783021
0.782956
0.782853
0.782761
0.782687
0.782586
0.782477
0.782393
0.782333
0.782223
0.782129
0.782070
0.781963
0.781864
0.781789
0.781700
0.781612
0.781510
0.781440
0.781363
0.781263
0.781206
0.781112
0.781021
0.780957
0.780857
0.780752
0.780668
0.780612
0.780500
0.780406
0.780351
0.780244
0.780151
0.780088
0.779995
0.779895
0.779781
0.779702
0.779617
0.779512
0.779455
0.779355
0.779265
0.779199
0.779099
0.778992
0.778908
0.778851
0.778739
0.778645
0.778590
0.778483
0.778390
0.778328
0.778239
0.778146
0.778040
0.777969
0.777889
0.777782
0.777727
0.777628
0.777542
0.777472
0.777371
0.777261
0.777178
0.777118
0.777005
0.776910
0.776856
0.776740
0.776646
0.776571
0.776480
0.776389
0.776279
0.776209
0.776131
0.776020
0.775967
0.775870
0.775780
0.775715
0.775620
0.775512
0.775436
0.775383
0.775273
0.775187
0.775148
0.775049
0.774971
0.774911
0.774836
0.774758
0.774651
0.774584
0.774510
0.774408
0.774362
0.774270
0.774184
0.774125
0.774036
0.773932
0.773859
0.773813
0.773708
0.773627
0.773582
0.773479
0.773404
0.773343
0.773266
0.773186
0.773088
0.773029
0.772960
0.772861
0.772819
0.772732
0.772648
0.772592
0.772511
0.772412
0.772340
0.772285
0.772182
0.772101
0.772047
0.771945
0.771865
0.771788
0.771712
0.771632
0.771532
0.771462
0.771391
0.771288
0.771234
0.771142
0.771053
0.770979
0.770898
0.770797
0.770725
0.770670
0.770565
0.770484
0.770429
0.770326
0.770246
0.770172
0.770099
0.770021
0.769922
0.769859
0.769794
0.769696
0.769647
0.769564
0.769482
0.769416
0.769341
0.769250
0.769180
0.769132
0.769028
0.768951
0.768899
0.768802
0.768726
0.768656
0.768582
0.768506
0.768411
0.768349
0.768285
0.768191
0.768145
0.768066
0.767988
0.767929
0.767857
0.767768
0.767706
0.767663
0.767568
0.767499
0.767456
0.767366
0.767297
0.767232
0.767164
0.767094
0.767003
0.766940
0.766875
0.766781
0.766734
0.766654
0.766575
0.766512
0.766436
0.766343
0.766278
0.766232
0.766134
0.766062
0.766014
0.765919
0.765845
0.765778
0.765709
0.765637
0.765545
0.765491
0.765429
0.765337
0.765283
0.765204
0.765127
0.765055
0.764985
0.764894
0.764833
0.764781
0.764687
0.764618
0.764565
0.764473
0.764403
0.764326
0.764265
0.764196
0.764107
0.764041
0.763984
0.763898
0.763850
0.763779
0.763708
0.763644
0.763582
0.763499
0.763444
0.763397
0.763313
0.763255
0.763213
0.763133
0.763075
0.763007
0.762957
0.762898
0.762818
0.762761
0.762711
0.762631
0.762587
0.762521
0.762455
0.762391
0.762331
0.762249
0.762197
0.762156
0.762073
0.762014
0.761971
0.761889
0.761831
0.761762
0.761708
0.761648
0.761565
0.761506
0.761455
0.761374
0.761330
0.761263
0.761196
0.761133
0.761074
0.760993
0.760943
0.760899
0.760812
0.760752
0.760708
0.760626
0.760566
0.760497
0.760447
0.760391
0.760312
0.760256
0.760206
0.760134
0.760100
0.760044
0.759987
0.759936
0.759888
0.759818
0.759778
0.759746
0.759667
0.759617
0.759583
0.759510
0.759456
0.759395
0.759347
0.759296
0.759218
0.759166
0.759120
0.759048
0.759009
0.758949
0.758887
0.758831
0.758775
0.758698
0.758651
0.758624
0.758539
0.758488
0.758459
0.758377
0.758316
0.758266
0.758213
0.758154
0.758071
0.758024
0.757972
0.757899
0.757872
0.757813
0.757754
0.757717
0.757664
0.757592
0.757548
0.757524
0.757443
0.757394
0.757368
0.757293
0.757239
0.757193
0.757144
0.757088
0.757008
0.756968
0.756918
0.756846
0.756816
0.756755
0.756691
0.756650
0.756594
0.756518
0.756469
0.756444
0.756361
0.756314
0.756284
0.756209
0.756156
0.756109
0.756058
0.756004
0.755926
0.755886
0.755840
0.755773
0.755745
0.755690
0.755618
0.755571
0.755510
0.755427
0.755370
0.755333
0.755241
0.755185
0.755146
0.755062
0.754999
0.754939
0.754878
0.754816
0.754731
0.754683
0.754625
0.754547
0.754508
0.754438
0.754359
0.754305
0.754237
0.754148
0.754077
0.754023
0.753920
0.753853
0.753803
0.753709
0.753635
0.753565
0.753494
0.753424
0.753331
0.753276
0.753212
0.753127
0.753081
0.753007
0.752927
0.752870
0.752801
0.752711
0.752649
0.752605
0.752507
0.752448
0.752406
0.752319
0.752253
0.752189
0.752125
0.752058
0.751969
0.751915
0.751855
0.751771
0.751730
0.751659
0.751587
0.751536
0.751476
0.751393
0.751343
0.751310
0.751224
0.751174
0.751141
0.751062
0.751006
0.750953
0.750897
0.750839
0.750760
0.750716
0.750664
0.750592
0.750563
0.750502
0.750435
0.750387
0.750326
0.750245
0.750191
0.750152
0.750057
0.749999
0.749957
0.749869
0.749805
0.749747
0.749684
0.749618
0.749527
0.749471
0.749407
0.749320
0.749276
0.749203
0.749124
0.749062
0.748988
0.748893
0.748827
0.748783
0.748685
0.748623
0.748576
0.748483
0.748408
0.748338
0.748265
0.748192
0.748096
0.748039
0.747967
0.747874
0.747822
0.747739
0.747651
0.747584
0.747511
0.747411
0.747338
0.747274
0.747163
0.747091
0.747024
0.746918
0.746834
0.746742
0.746666
0.746582
0.746480
0.746405
0.746330
0.746235
0.746171
0.746086
0.745995
0.745912
0.745842
0.745734
0.745656
0.745588
0.745465
0.745390
0.745320
0.745206
0.745121
0.745016
0.744940
0.744853
0.744738
0.744654
0.744574
0.744464
0.744393
0.744302
0.744199
0.744109
0.744026
0.743908
0.743826
0.743753
0.743623
0.743534
0.743451
0.743324
0.743226
0.743110
0.743023
0.742928
0.742804
0.742712
0.742622
0.742503
0.742424
0.742323
0.742210
0.742111
0.742022
0.741898
0.741810
0.741730
0.741599
0.741514
0.741435
0.741312
0.741218
0.741104
0.741019
0.740924
0.740799
0.740706
0.740617
0.740498
0.740420
0.740320
0.740209
0.740115
0.740029
0.739908
0.739824
0.739749
0.739623
0.739541
0.739466
0.739348
0.739260
0.739155
0.739078
0.738990
0.738872
0.738787
0.738705
0.738593
0.738522
0.738430
0.738326
0.738237
0.738157
0.738044
0.737966
0.737898
0.737775
0.737701
0.737632
0.737518
0.737433
0.737330
0.737256
0.737173
0.737061
0.736981
0.736904
0.736797
0.736729
0.736639
0.736540
0.736454
0.736378
0.736269
0.736196
0.736133
0.736013
0.735942
0.735876
0.735765
0.735694
0.735604
0.735543
0.735475
0.735377
0.735317
0.735264
0.735181
0.735138
0.735075
0.734981
0.734907
0.734847
0.734751
0.734685
0.734636
0.734531
0.734475
0.734418
0.734313
0.734238
0.734145
0.734074
0.733998
0.733898
0.733831
0.733761
0.733666
0.733614
0.733537
0.733446
0.733377
0.733310
0.733216
0.733151
0.733104
0.733001
0.732942
0.732887
0.732794
0.732730
0.732656
0.732597
0.732539
0.732452
0.732396
0.732339
0.732250
0.732209
0.732145
0.732064
0.732002
0.731939
0.731852
0.731795
0.731754
0.731665
0.731615
0.731569
0.731488
0.731433
0.731367
0.731309
0.731254
0.731173
0.731121
0.731069
0.730990
0.730954
0.730896
0.730823
0.730767
0.730716
0.730639
0.730587
0.730552
0.730464
0.730416
0.730378
0.730302
0.730257
0.730196
0.730148
0.730102
0.730027
0.729982
0.729936
0.729858
0.729828
0.729777
0.729705
0.729655
0.729609
0.729534
0.729487
0.729459
0.729374
0.729333
0.729297
0.729226
0.729184
0.729127
0.729083
0.729042
0.728970
0.728932
0.728891
0.728819
0.728795
0.728749
0.728684
0.728642
0.728605
0.728540
0.728504
0.728484
0.728407
0.728372
0.728340
0.728272
0.728233
0.728181
0.728141
0.728099
0.728025
0.727985
0.727940
0.727863
0.727830
0.727773
0.727697
0.727643
0.727592
0.727512
0.727463
0.727438
0.727358
0.727321
0.727287
0.727214
0.727172
0.727115
0.727073
0.727038
0.726975
0.726945
0.726912
0.726847
0.726829
0.726793
0.726735
0.726702
0.726672
0.726614
0.726583
0.726569
0.726499
0.726475
0.726451
0.726390
0.726359
0.726314
0.726279
0.726248
0.726185
0.726160
0.726133
0.726070
0.726056
0.726024
0.725970
0.725942
0.725915
0.725862
0.725836
0.725826
0.725764
0.725743
0.725728
0.725675
0.725649
0.725609
0.725575
0.725548
0.725491
0.725468
0.725445
0.725384
0.725373
0.725340
0.725287
0.725256
0.725226
0.725169
0.725141
0.725127
0.725060
0.725036
0.725015
0.724955
0.724929
0.724885
0.724853
0.724827
0.724770
0.724749
0.724728
0.724669
0.724661
0.724633
0.724583
0.724557
0.724531
0.724479
0.724457
0.724454
0.724395
0.724390
0.724388
0.724348
0.724338
0.724309
0.724292
0.724281
0.724240
0.724234
0.724227
0.724183
0.724189
0.724180
0.724149
0.724144
0.724136
0.724103
0.724098
0.724109
0.724066
0.724066
0.724069
0.724035
0.724031
0.724011
0.724000
0.723997
0.723962
0.723964
0.723963
0.723922
0.723934
0.723928
0.723900
0.723897
0.723890
0.723861
0.723858
0.723872
0.723827
0.723826
0.723822
0.723783
0.723772
0.723747
0.723727
0.723719
0.723677
0.723675
0.723668
0.723624
0.723631
0.723623
0.723589
0.723580
0.723565
0.723529
0.723518
0.723528
0.723482
0.723479
0.723479
0.723444
0.723439
0.723419
0.723407
0.723407
0.723373
0.723373
0.723371
0.723335
0.723349
0.723349
0.723322
0.723325
0.723321
0.723297
0.723298
0.723317
0.723284
0.723295
0.723310
0.723284
0.723287
0.723274
0.723268
0.723273
0.723245
0.723254
0.723259
0.723225
0.723242
0.723243
0.723216
0.723219
0.723211
0.723182
0.723183
0.723203
0.723167
0.723174
0.723183
0.723162
0.723171
0.723164
0.723165
0.723172
0.723147
0.723160
0.723169
0.723143
0.723166
0.723177
0.723158
0.723169
0.723176
0.723157
0.723166
0.723194
0.723160
0.723177
0.723193
0.723171
0.723180
0.723170
0.723174
0.723185
0.723160
0.723176
0.723187
0.723169
0.723203
0.723222
0.723210
0.723229
0.723245
0.723235
0.723250
0.723285
0.723258
0.723281
0.723303
0.723286
0.723303
0.723300
0.723312
0.723331
0.723314
0.723339
0.723360
0.723340
0.723370
0.723386
0.723373
0.723389
0.723407
0.723401
0.723424
0.723465
0.723446
0.723478
0.723509
0.723501
0.723526
0.723532
0.723554
0.723583
0.723576
0.723611
0.723637
0.723621
0.723657
0.723678
0.723668
0.723688
0.723703
0.723689
0.723703
0.723732
0.723699
0.723716
0.723729
0.723704
0.723715
0.723706
0.723717
0.723731
0.723708
0.723726
0.723744
0.723717
0.723740
0.723748
0.723731
0.723738
0.723741
0.723718
0.723727
0.723752
0.723715
0.723727
0.723735
0.723705
0.723709
0.723712
0.723704
0.723710
0.723679
0.723702
0.723717
0.723683
0.723715
0.723725
0.723709
0.723741
0.723737
0.723717
0.723730
0.723765
0.723732
0.723740
0.723767
0.723737
0.723738
0.723742
0.723729
0.723731
0.723697
0.723716
0.723729
0.723684
0.723710
0.723707
0.723681
0.723707
0.723694
0.723669
0.723676
0.723710
0.723672
0.723679
0.723707
0.723678
0.723679
0.723685
0.723671
0.723672
0.723638
0.723659
0.723667
0.723628
0.723655
0.723654
0.723629
0.723655
0.723637
0.723605
0.723606
0.723634
0.723588
0.723589
0.723610
0.723574
0.723569
0.723571
0.723553
0.723550
0.723511
0.723527
0.723531
0.723488
0.723511
0.723507
0.723478
0.723500
0.723481
0.723448
0.723448
0.723473
0.723423
0.723420
0.723437
0.723398
0.723388
0.723387
0.723367
0.723361
0.723323
0.723344
0.723353
0.723314
0.723344
0.723344
0.723319
0.723345
0.723329
0.723302
0.723305
0.723329
0.723287
0.723288
0.723313
0.723279
0.723278
0.723277
0.723268
0.723275
0.723243
0.723267
0.723277
0.723242
0.723270
0.723274
0.723249
0.723280
0.723270
0.723239
0.723245
0.723274
0.723233
0.723236
0.723259
0.723224
0.723223
0.723223
0.723213
0.723213
0.723173
0.723192
0.723196
0.723155
0.723181
0.723182
0.723155
0.723183
0.723167
0.723135
0.723140
0.723168
0.723127
0.723128
0.723154
0.723121
0.723121
0.723123
0.723117
0.723120
0.723093
0.723123
0.723139
0.723109
0.723144
0.723154
0.723136
0.723172
0.723167
0.723145
0.723160
0.723197
0.723164
0.723173
0.723206
0.723180
0.723187
0.723194
0.723192
0.723202
0.723174
0.723212
0.723236
0.723211
0.723251
0.723268
0.723257
0.723303
0.723306
0.723292
0.723321
0.723373
0.723355
0.723379
0.723427
0.723413
0.723435
0.723458
0.723472
0.723496
0.723484
0.723529
0.723560
0.723545
0.723596
0.723623
0.723621
0.723671
0.723679
0.723670
0.723699
0.723750
0.723733
0.723759
0.723810
0.723803
0.723827
0.723851
0.723868
0.723896
0.723885
0.723930
0.723969
0.723963
0.724020
0.724053
0.724057
0.724116
0.724127
0.724121
0.724152
0.724206
0.724191
0.724219
0.724271
0.724265
0.724290
0.724315
0.724332
0.724360
0.724349
0.724397
0.724429
0.724420
0.724469
0.724495
0.724486
0.724533
0.724538
0.724520
0.724542
0.724587
0.724561
0.724580
0.724621
0.724603
0.724619
