0.035571
0.003345
0.003401
0.003402
0.003472
0.003464
0.003468
0.003486
0.003528
0.003543
0.003491
0.003586
0.003623
0.003561
0.003636
0.003656
0.003608
0.003655
0.003654
0.003728
0.003654
0.003829
0.003785
0.003819
0.003816
0.003827
0.003861
0.003839
0.003915
0.004039
0.003988
0.003964
0.004054
0.004043
0.003999
0.004041
0.004126
0.004216
0.004127
0.004208
0.004228
0.004329
0.004194
0.004291
0.004382
0.004315
0.004420
0.004474
0.004508
0.004593
0.004578
0.004635
0.004624
0.004746
0.004635
0.004770
0.004813
0.004788
0.004834
0.004895
0.004984
0.005107
0.005025
0.005047
0.005173
0.005160
0.005266
0.005254
0.005406
0.005347
0.005411
0.005527
0.005471
0.005633
0.005556
0.005817
0.005822
0.005837
0.005913
0.005956
0.006174
0.006056
0.006086
0.006088
0.006150
0.006083
0.006277
0.006166
0.006215
0.006338
0.006381
0.006285
0.006304
0.006528
0.006475
0.006500
0.006587
0.006493
0.006602
0.006531
0.006721
0.006640
0.006681
0.006752
0.006900
0.006851
0.006810
0.007122
0.007044
0.006946
0.007060
0.007071
0.007110
0.007239
0.007271
0.007294
0.007467
0.007365
0.007420
0.007457
0.007504
0.007685
0.007730
0.007595
0.007743
0.007882
0.008070
0.007933
0.007896
0.008117
0.008410
0.008157
0.008377
0.008504
0.008468
0.008574
0.008904
0.008820
0.008705
0.008760
0.009203
0.009175
0.009185
0.010047
0.009846
0.009792
0.010251
0.010019
0.010940
0.010392
0.011391
0.011410
0.010575
0.010876
0.011455
0.010734
0.011486
0.011143
0.011167
0.011130
0.011374
0.011473
0.011414
0.011339
0.011731
0.011657
0.011585
0.011742
0.011738
0.011796
0.011918
0.011871
0.011976
0.012057
0.012034
0.012112
0.012213
0.012155
0.012284
0.012312
0.012368
0.012630
0.012701
0.012716
0.012866
0.012868
0.013041
0.013048
0.013116
0.013176
0.013235
0.013304
0.013328
0.013399
0.013452
0.013478
0.013541
0.013573
0.013592
0.013647
0.013665
0.013699
0.013720
0.013758
0.013781
0.013793
0.013824
0.013835
0.013860
0.013876
0.013884
0.013900
0.013910
0.013921
0.013933
0.013942
0.013946
0.013957
0.013961
0.013964
0.013967
0.013970
0.013975
0.013976
0.013978
0.013981
0.013982
0.013982
0.013984
0.013984
0.013984
0.013986
0.013986
0.013986
0.013986
0.013986
0.013986
0.013985
0.013985
0.013986
0.013986
0.013986
0.013986
0.013986
0.013986
0.013986
0.013986
0.013986
0.013986
0.013986
0.013986
0.013986
0.013986
0.013986
0.013986
0.013986
0.013986
0.013986
0.013986
0.013986
