0.026986
0.028388
0.026286
0.027815
0.026553
0.029950
0.029921
0.027105
0.026304
0.025549
0.026717
0.028329
0.029558
0.027322
0.025245
0.026967
0.028962
0.025019
0.028228
0.023951
0.028181
0.029127
0.028401
0.026998
0.029012
0.024194
0.027346
0.025738
0.026741
0.026320
0.023662
0.029904
0.025254
0.028094
0.028241
0.030684
0.026928
0.027056
0.028796
0.024414
0.029059
0.027365
0.026249
0.026142
0.029702
0.026164
0.029382
0.026924
0.023138
0.025317
0.024270
0.022129
0.027775
0.026627
0.026706
0.025600
0.026586
0.027333
0.027081
0.026148
0.021552
0.027830
0.025431
0.026117
0.025366
0.026200
0.027661
0.027899
0.023686
0.022621
0.027186
0.024574
0.025207
0.023065
0.024502
0.023446
0.023629
0.027346
0.023102
0.025192
0.022684
0.022653
0.024374
0.024127
0.022902
0.022468
0.021684
0.023479
0.024768
0.022826
0.022332
0.024183
0.022991
0.021280
0.024761
0.023478
0.024819
0.021056
0.022307
0.021330
0.023248
0.022675
0.021885
0.021339
0.022484
0.023276
0.021264
0.026094
0.022550
0.024369
0.024853
0.023025
0.021353
0.019114
0.020207
0.022182
0.026611
0.021912
0.022118
0.021197
0.022629
0.021966
0.021572
0.024219
0.022505
0.019327
0.019221
0.019211
0.020118
0.021809
0.022383
0.020869
0.019019
0.020574
0.022652
0.020753
0.022469
0.023901
0.019718
0.021137
0.021744
0.020881
0.019697
0.018634
0.020560
0.021262
0.019532
0.018674
0.019191
0.021741
0.020038
0.018905
0.021133
0.018934
0.020527
0.020671
0.019068
0.018528
0.018908
0.017740
0.021199
0.019747
0.017126
0.015418
0.015398
0.016443
0.017079
0.015748
0.016677
0.017125
0.016553
0.018129
0.013129
0.013197
0.014568
0.012489
0.013674
0.013269
0.011873
0.013897
0.011982
0.012644
0.012273
0.010750
0.009850
0.010085
0.008279
0.009343
0.007514
0.009833
0.007797
0.007787
0.007753
0.008206
0.007556
0.006858
0.005840
0.005998
0.006097
0.005431
0.005357
0.004753
0.004879
0.004078
0.003504
0.004232
0.003510
0.003791
0.003701
0.003034
0.002645
0.002399
0.002556
0.002619
0.002155
0.002039
0.001842
0.002013
0.001960
0.001489
0.001236
0.001161
0.001094
0.001233
0.000909
0.001047
0.000968
0.000997
0.000820
0.000640
0.000507
0.000598
0.000598
0.000389
0.000578
0.000472
0.000276
0.000383
0.000389
0.000273
0.000000
0.000273
0.000273
0.000000
0.000000
0.000273
0.000000
0.000000
0.000000
0.000000
0.000000
0.000194
0.000000
0.000000
0.000000
0.000000
0.000000
0.000000
0.000000
0.000000
