0.010895
0.003952
0.000221
0.006090
0.007275
0.003750
0.003239
0.004993
0.004645
0.007633
0.012240
0.007627
0.005729
0.003577
0.008343
0.002425
0.005215
0.008770
0.007660
0.009554
0.003926
0.006429
0.007109
0.005674
0.006445
0.005010
0.009580
0.006442
0.005882
0.007373
0.010111
0.012786
0.009020
0.009818
0.006663
0.011628
0.009030
0.014834
0.003919
0.013145
0.011999
0.005671
0.008656
0.008337
0.006152
0.012764
0.012917
0.015843
0.007604
0.008620
0.020068
0.009919
0.025313
0.010749
0.021120
0.013457
0.026403
0.019486
0.018665
0.010286
0.020173
0.023519
0.014375
0.020173
0.021803
0.014896
0.030238
0.039798
0.021331
0.017923
0.028070
0.010472
0.028376
0.013568
0.043473
0.036865
0.034544
0.022936
0.020241
0.036462
0.032187
0.035560
0.049124
0.052347
0.036429
0.042982
0.046784
0.023538
0.049951
0.063587
0.041410
0.053454
0.062360
0.026022
0.046836
0.033083
0.029196
0.065111
0.051195
0.055378
0.096657
0.081146
0.037214
0.064792
0.074616
0.039567
0.068981
0.078701
0.075267
0.077786
0.143330
0.118506
0.100163
0.069137
0.104375
0.102181
0.095889
0.121872
0.138431
0.160173
0.135599
0.109557
0.102852
0.175895
0.076377
0.197568
0.111546
0.107152
0.253991
0.251940
0.196732
0.247939
0.286751
0.329023
0.337620
0.375254
0.412900
0.449463
0.334613
0.371051
0.343392
0.490553
0.572093
0.557093
0.626579
0.485046
0.551562
0.612721
0.655635
0.697087
0.701732
0.712174
0.742516
0.745534
0.754652
0.762855
0.764694
0.801504
0.785345
0.801751
0.815592
0.825342
0.822096
0.835410
0.836777
0.858805
0.850752
0.863942
0.865908
0.876471
0.872822
0.876172
0.885947
0.891745
0.898984
0.899814
0.901244
0.907233
0.905618
0.912191
0.915329
0.923115
0.928350
0.934170
0.940905
0.945368
0.948356
0.953929
0.958379
0.961621
0.964193
0.967871
0.970700
0.973548
0.976895
0.977708
0.980257
0.982122
0.983174
0.985732
0.986455
0.987988
0.989225
0.990602
0.991924
0.992718
0.993594
0.994186
0.994971
0.995557
0.996152
0.996445
0.997106
0.997568
0.997858
0.998190
0.998428
0.998649
0.998835
0.999108
0.999215
0.999447
0.999564
0.999632
0.999665
0.999814
0.999837
0.999880
0.999915
0.999948
0.999954
0.999948
0.999990
0.999974
0.999980
1.000000
1.000000
0.999994
1.000000
1.000000
1.000000
1.000000
1.000000
1.000000
1.000000
1.000000
1.000000
1.000000
1.000000
1.000000
1.000000
1.000000
1.000000
1.000000
1.000000
1.000000
1.000000
1.000000
1.000000
1.000000
