-0.498168
-0.497066
-0.501328
-0.501406
-0.506742
-0.510273
-0.510986
-0.514508
-0.518412
-0.517924
-0.521527
-0.522750
-0.527842
-0.529018
-0.528846
-0.539145
-0.538854
-0.542178
-0.545836
-0.547467
-0.548654
-0.554064
-0.558084
-0.557562
-0.561123
-0.568336
-0.570357
-0.573262
-0.575521
-0.578727
-0.582449
-0.587158
-0.589092
-0.596068
-0.596486
-0.599984
-0.603449
-0.608211
-0.612805
-0.615207
-0.617602
-0.624748
-0.625398
-0.630549
-0.636641
-0.641943
-0.645986
-0.647596
-0.655441
-0.656381
-0.664664
-0.670795
-0.673203
-0.678672
-0.682861
-0.686225
-0.691730
-0.697162
-0.704080
-0.711994
-0.717754
-0.717633
-0.727195
-0.734436
-0.737514
-0.743010
-0.750789
-0.754977
-0.762854
-0.770213
-0.775705
-0.786154
-0.793361
-0.797867
-0.809033
-0.813277
-0.825426
-0.829254
-0.842359
-0.845801
-0.853834
-0.861721
-0.861189
-0.865033
-0.870391
-0.869828
-0.874633
-0.883166
-0.885756
-0.887393
-0.890623
-0.894162
-0.899248
-0.902869
-0.907656
-0.912584
-0.914506
-0.922410
-0.923705
-0.927561
-0.937477
-0.937697
-0.940986
-0.947070
-0.946830
-0.956547
-0.965877
-0.967541
-0.966697
-0.972082
-0.981160
-0.981104
-0.989289
-0.996303
-0.997303
-1.010791
-1.008883
-1.014060
-1.020768
-1.030881
-1.034391
-1.040340
-1.044547
-1.052512
-1.058148
-1.063951
-1.072594
-1.074432
-1.081109
-1.096975
-1.099258
-1.102043
-1.115676
-1.118445
-1.128252
-1.137102
-1.140719
-1.149656
-1.146676
-1.167340
-1.173820
-1.177758
-1.186010
-1.190215
-1.213361
-1.212566
-1.225582
-1.226336
-1.254412
-1.262322
-1.276518
-1.266777
-1.305994
-1.318549
-1.362035
-1.337393
-1.375455
-1.379316
-1.391562
-1.411889
-1.427762
-1.443441
-1.464332
-1.468826
-1.497592
-1.517428
-1.543365
-1.559902
-1.563295
-1.568881
-1.592311
-1.596939
-1.612283
-1.611451
-1.633078
-1.641771
-1.647551
-1.655313
-1.673607
-1.676025
-1.687512
-1.711848
-1.726826
-1.747121
-1.758107
-1.775186
-1.790744
-1.805975
-1.818266
-1.831078
-1.842623
-1.854441
-1.863072
-1.875273
-1.881184
-1.890561
-1.898293
-1.907719
-1.912838
-1.920762
-1.926260
-1.931045
-1.937488
-1.942754
-1.948762
-1.952855
-1.957451
-1.961154
-1.964566
-1.967861
-1.971609
-1.974908
-1.977531
-1.979936
-1.982070
-1.984830
-1.986107
-1.987969
-1.989254
-1.990834
-1.992305
-1.993115
-1.994631
-1.995172
-1.996102
-1.996875
-1.997256
-1.997885
-1.998324
-1.998611
-1.999074
-1.999268
-1.999402
-1.999596
-1.999730
-1.999818
-1.999912
-1.999900
-1.999941
-1.999965
-1.999977
-2.000000
-1.999994
-2.000000
-2.000000
-2.000000
-2.000000
-2.000000
-2.000000
-2.000000
-2.000000
-2.000000
-2.000000
-2.000000
-2.000000
-2.000000
-2.000000
-2.000000
-2.000000
-2.000000
