0.105411
0.107056
0.107758
0.107861
0.106594
0.108253
0.108805
0.110489
0.108443
0.110756
0.113094
0.108089
0.113629
0.107448
0.112272
0.111585
0.113922
0.109783
0.114485
0.113027
0.111956
0.118498
0.119852
0.115432
0.119305
0.114888
0.116383
0.122521
0.120183
0.118778
0.121095
0.125889
0.124826
0.125325
0.124368
0.126403
0.125417
0.125451
0.125847
0.128201
0.129923
0.130715
0.130707
0.128917
0.132628
0.136169
0.136196
0.124755
0.138303
0.141430
0.143754
0.143997
0.138940
0.147803
0.144930
0.146707
0.144336
0.142361
0.152107
0.154955
0.151063
0.161588
0.155046
0.163526
0.163596
0.158195
0.166806
0.170223
0.170575
0.169985
0.182914
0.170747
0.184609
0.190146
0.192620
0.189450
0.193545
0.207110
0.198199
0.204467
0.205000
0.214350
0.208338
0.215126
0.232470
0.227460
0.222027
0.228105
0.224397
0.231955
0.238017
0.231797
0.234846
0.245975
0.246290
0.251915
0.251423
0.249902
0.257105
0.263777
0.265349
0.260355
0.274271
0.276980
0.271498
0.281677
0.284264
0.298808
0.293766
0.310887
0.298658
0.310064
0.312563
0.319324
0.329414
0.325498
0.345348
0.340261
0.332139
0.352613
0.351194
0.362448
0.375649
0.393824
0.385210
0.404419
0.397709
0.421635
0.420366
0.451842
0.401967
0.443013
0.452516
0.478035
0.490151
0.498299
0.504136
0.533475
0.498932
0.502159
0.567607
0.557168
0.601826
0.520414
0.588028
0.617907
0.631947
0.586690
0.606337
0.567011
0.689504
0.551556
0.692798
0.633965
0.682348
0.581904
0.761466
0.521689
0.518971
0.633370
0.701564
0.122761
0.113204
0.126958
0.099052
0.650580
0.848963
0.089643
0.099747
0.081279
0.076220
0.070908
0.079806
0.078968
0.067441
0.061598
0.060554
0.837649
0.062633
0.053325
0.054495
0.049613
0.051202
0.040798
0.037977
0.038923
0.032708
0.032671
0.029611
0.028345
0.024708
0.025353
0.022138
0.019406
0.018711
0.017385
0.016960
0.015432
0.014277
0.014129
0.012352
0.011621
0.011530
0.010915
0.009552
0.008755
0.009179
0.008013
0.007093
0.006460
0.005888
0.006215
0.005282
0.005076
0.004825
0.004214
0.003640
0.003219
0.003011
0.002640
0.002465
0.002411
0.001848
0.001643
0.001643
0.001120
0.001171
0.001146
0.000885
0.000551
0.000651
0.000427
0.000247
0.000247
0.000000
0.000000
0.000000
0.000000
0.000000
0.000000
0.000000
0.000000
0.000000
0.000000
0.000000
0.000000
0.000000
0.000000
0.000000
0.000000
0.000000
0.000000
0.000000
0.000000
0.000000
0.000000
0.000000
0.000000
0.000000
0.000000
