0.005858
0.007445
0.006130
0.006256
0.006976
0.006201
0.006216
0.006588
0.007181
0.007244
0.006585
0.006789
0.006655
0.006638
0.006918
0.007406
0.006929
0.007328
0.007272
0.007250
0.007291
0.007372
0.007369
0.007065
0.007643
0.006992
0.007238
0.007884
0.007453
0.006952
0.006716
0.007370
0.007593
0.007878
0.007592
0.007600
0.007211
0.007490
0.008872
0.008190
0.008380
0.008013
0.007439
0.008953
0.008413
0.010095
0.009270
0.008250
0.009245
0.008178
0.009772
0.011015
0.010648
0.007482
0.007816
0.008457
0.008614
0.009828
0.010517
0.009259
0.009991
0.009696
0.009033
0.008897
0.009702
0.009750
0.010168
0.009706
0.009807
0.009730
0.011674
0.011711
0.013508
0.009013
0.012445
0.009690
0.013227
0.015929
0.012317
0.012524
0.012805
0.014919
0.012698
0.011515
0.012917
0.013423
0.015097
0.011962
0.016040
0.013041
0.013916
0.014805
0.013148
0.014062
0.013280
0.020557
0.011984
0.015958
0.012860
0.016344
0.015013
0.020666
0.015507
0.015221
0.016458
0.015320
0.016235
0.015791
0.011025
0.024258
0.013954
0.021235
0.015633
0.013864
0.019423
0.016099
0.015706
0.019717
0.023052
0.020271
0.019499
0.014988
0.024295
0.015787
0.020007
0.017157
0.018768
0.019101
0.030009
0.020715
0.027227
0.019732
0.008112
0.024686
0.010115
0.019682
0.035989
0.018878
0.026299
0.028198
0.032398
0.024784
0.014391
0.015249
0.028117
0.016319
0.014563
0.025076
0.050655
0.020718
0.030653
0.012388
0.014052
0.019012
0.019453
0.031284
0.019576
0.011665
0.014856
0.016191
0.008689
0.011943
0.021161
0.019091
0.007452
0.017271
0.008557
0.009780
0.010388
0.007227
0.009311
0.008550
0.006433
0.011733
0.012869
0.008221
0.008500
0.010332
0.007360
0.013501
0.007975
0.006444
0.008386
0.004281
0.004650
0.005240
0.004616
0.010051
0.005852
0.005173
0.004857
0.006219
0.015332
0.003968
0.009754
0.011561
0.009678
0.007553
0.006270
0.011083
0.007052
0.007000
0.010013
0.007126
0.010800
0.006884
0.007337
0.008395
0.008002
0.003291
0.003285
0.003287
0.003284
0.003282
0.003283
0.003281
0.003283
0.003281
0.003280
0.003281
0.003280
0.003280
0.003280
0.003279
0.003279
0.003279
0.003279
0.003279
0.003279
0.003279
0.003279
0.003279
0.003279
0.003279
0.003279
0.003279
0.003279
0.003279
0.003279
0.003279
0.003279
0.003279
0.003279
0.003279
0.003279
0.003279
0.003279
0.003279
0.003279
0.003279
0.003279
0.003279
0.003279
0.003279
0.003279
0.003279
0.003279
0.003279
0.003279
0.003279
