0.001517
0.001697
0.001586
0.001614
0.001648
0.001613
0.001621
0.001588
0.001732
0.001618
0.001825
0.001690
0.001753
0.001701
0.001841
0.001607
0.001857
0.001845
0.001738
0.001734
0.001775
0.001784
0.001783
0.001907
0.001684
0.001817
0.001582
0.001966
0.001780
0.001793
0.002086
0.001878
0.001937
0.002078
0.001888
0.002058
0.002049
0.002060
0.001841
0.002014
0.002177
0.001952
0.002246
0.002056
0.001907
0.002030
0.001999
0.002079
0.002047
0.002258
0.002287
0.002334
0.002304
0.002394
0.002318
0.002353
0.002415
0.002394
0.002311
0.002521
0.002776
0.002347
0.002217
0.002440
0.002294
0.002624
0.002464
0.002547
0.002591
0.002825
0.002584
0.002700
0.002742
0.002722
0.002791
0.003099
0.002483
0.002345
0.003128
0.002910
0.003131
0.003382
0.003798
0.002947
0.003607
0.003730
0.003620
0.003593
0.003645
0.003029
0.003920
0.004203
0.002877
0.005053
0.004940
0.003822
0.003877
0.003446
0.003698
0.002806
0.003272
0.005660
0.003918
0.005535
0.003347
0.004229
0.004059
0.004299
0.003660
0.003706
0.005434
0.003397
0.004659
0.005989
0.003340
0.004695
0.007990
0.005460
0.003073
0.003630
0.005095
0.004202
0.006231
0.005090
0.004203
0.007265
0.007010
0.004036
0.006045
0.005565
0.004564
0.007768
0.004622
0.006582
0.008297
0.004496
0.004619
0.004787
0.006573
0.009224
0.004264
0.008062
0.007212
0.007319
0.005711
0.008532
0.007316
0.011944
0.009750
0.009890
0.004230
0.004919
0.003716
0.002538
0.004964
0.008997
0.004450
0.005074
0.004363
0.002346
0.004889
0.003776
0.005288
0.002424
0.003012
0.002420
0.002901
0.004993
0.002910
0.001622
0.002833
0.001705
0.001786
0.001762
0.002860
0.001820
0.001310
0.001331
0.001928
0.001298
0.001491
0.000962
0.002131
0.001046
0.001028
0.001539
0.001162
0.001238
0.001437
0.001469
0.000717
0.002009
0.000792
0.001052
0.000865
0.000773
0.001866
0.000766
0.000968
0.000615
0.000709
0.000737
0.001431
0.000695
0.000552
0.000553
0.000838
0.000716
0.000775
0.000908
0.000535
0.001060
0.000702
0.000549
0.000570
0.000818
0.001452
0.000454
0.000673
0.000870
0.001034
0.000588
0.000569
0.000744
0.000728
0.000605
0.001138
0.000749
0.000903
0.000582
0.001727
0.000308
0.000556
0.000500
0.001039
0.000848
0.001115
0.000619
0.000743
0.001337
0.000568
0.000692
0.000340
0.000524
0.000526
0.000697
0.000447
0.000701
0.000365
0.000971
0.000784
0.000802
0.001015
0.000911
0.000748
0.000625
0.000960
0.000944
0.000796
0.000602
