0.000586
0.002227
-0.000742
-0.003965
-0.001816
-0.001895
0.002090
-0.001855
-0.000742
-0.003867
-0.003945
-0.000801
-0.003613
0.000195
-0.000684
-0.001699
0.002656
-0.003301
0.000391
-0.003281
0.002520
-0.002598
-0.004785
0.001973
-0.000254
-0.000273
-0.003418
0.000645
-0.000703
-0.002266
-0.000410
0.001855
-0.003320
-0.004238
-0.002441
0.003398
-0.004453
-0.003301
-0.005996
-0.002324
0.000469
0.001875
0.000762
-0.002090
-0.006699
-0.002246
-0.005000
-0.001895
-0.000820
-0.000234
-0.002070
-0.000977
-0.003613
0.003301
-0.004922
-0.001445
-0.003437
-0.005449
-0.004219
0.001738
0.000645
0.000527
-0.003652
0.000937
-0.000352
-0.004883
-0.000391
0.000293
0.004004
-0.004199
-0.000176
-0.002090
0.004746
0.003730
-0.003984
-0.001367
0.001094
0.003223
-0.002305
-0.000059
-0.000723
0.000566
-0.002754
-0.005742
0.001016
-0.000703
-0.001582
-0.000137
0.003379
0.002793
-0.000625
-0.002090
0.001152
-0.000488
-0.001328
-0.001914
-0.002676
-0.001406
-0.002012
-0.005430
-0.003730
-0.002031
-0.001836
-0.001523
-0.000762
-0.001777
-0.000996
-0.001211
0.000000
0.000898
-0.005996
-0.000703
0.001758
0.001328
-0.002500
-0.001309
0.003398
0.001152
-0.004395
-0.003340
-0.003398
-0.000234
-0.002266
0.000527
-0.000996
-0.002500
-0.001035
-0.003242
-0.002773
0.000801
0.002969
-0.001387
-0.000566
-0.002285
-0.004316
-0.003691
0.000957
-0.001426
-0.000527
-0.003086
-0.002363
0.002031
-0.003027
-0.004043
-0.000742
-0.000234
-0.004844
0.001758
-0.002148
-0.000937
0.000215
-0.002813
-0.002539
-0.001680
0.002383
0.002656
-0.000312
-0.000488
-0.001836
-0.000332
-0.003086
-0.004238
0.000664
-0.001348
-0.003789
-0.001230
0.000801
-0.001250
-0.001074
-0.000391
-0.001543
0.000312
-0.003242
0.000527
-0.005410
-0.000977
-0.001738
-0.000254
-0.004219
-0.000996
-0.000254
-0.000293
-0.001816
-0.000430
-0.001230
-0.001484
-0.002246
0.000664
-0.001309
-0.001660
-0.001738
-0.003281
-0.002402
-0.002656
-0.001055
-0.001973
-0.001563
-0.002949
-0.001816
-0.001699
-0.002773
-0.002129
-0.002285
-0.002227
-0.003145
-0.002266
-0.001758
-0.002441
-0.002148
-0.002109
-0.002109
-0.002988
-0.002461
-0.002168
-0.002168
-0.001934
-0.001934
-0.002129
-0.002051
-0.002285
-0.002227
-0.002109
-0.002109
-0.002031
-0.002070
-0.002051
-0.002188
-0.002227
-0.002070
-0.002051
-0.002051
-0.002109
-0.002109
-0.001992
-0.002051
-0.002031
-0.001953
-0.002031
-0.001992
-0.001992
-0.001953
-0.001992
-0.001992
-0.001953
-0.001953
-0.001992
-0.001953
-0.001953
-0.001953
-0.001953
-0.001953
-0.001973
-0.001953
-0.001953
-0.001953
-0.001953
-0.001953
-0.001953
-0.001953
-0.001953
