1.000000
0.999420
0.998844
0.998274
0.997708
0.997139
0.996575
0.996001
0.995425
0.994849
0.994284
0.993722
0.993150
0.992588
0.992028
0.991463
0.990906
0.990349
0.989786
0.989225
0.988662
0.988089
0.987512
0.986938
0.986372
0.985798
0.985233
0.984665
0.984103
0.983542
0.982977
0.982419
0.981856
0.981301
0.980737
0.980180
0.979617
0.979058
0.978510
0.977959
0.977407
0.976853
0.976294
0.975751
0.975205
0.974662
0.974118
0.973566
0.973010
0.972469
0.971912
0.971379
0.970833
0.970282
0.969734
0.969192
0.968639
0.968098
0.967556
0.967005
0.966455
0.965899
0.965353
0.964802
0.964261
0.963715
0.963163
0.962612
0.962069
0.961534
0.960998
0.960448
0.959894
0.959349
0.958802
0.958251
0.957702
0.957167
0.956625
0.956091
0.955556
0.955019
0.954483
0.953951
0.953417
0.952890
0.952351
0.951817
0.951290
0.950750
0.950222
0.949681
0.949141
0.948608
0.948064
0.947527
0.946978
0.946438
0.945897
0.945353
0.944775
0.944239
0.943696
0.943154
0.942615
0.942083
0.941540
0.940995
0.940452
0.939912
0.939370
0.938817
0.938267
0.937730
0.937186
0.936645
0.936078
0.935531
0.934982
0.934440
0.933912
0.933368
0.932828
0.932283
0.931755
0.931237
0.930715
0.930186
0.929678
0.929157
0.928636
0.928105
0.927577
0.927060
0.926531
0.926009
0.925473
0.924954
0.924450
0.923938
0.923440
0.922923
0.922406
0.921901
0.921399
0.920902
0.920402
0.919906
0.919393
0.918894
0.918385
0.917894
0.917390
0.916879
0.916382
0.915896
0.915410
0.914930
0.914454
0.913955
0.913476
0.912996
0.912522
0.912046
0.911570
0.911101
0.910621
0.910144
0.909687
0.909224
0.908773
0.908306
0.907861
0.907440
0.906995
0.906564
0.906133
0.905709
0.905274
0.904835
0.904409
0.903976
0.903542
0.903103
0.902660
0.902234
0.901791
0.901352
0.900930
0.900481
0.900042
0.899595
0.899159
0.898728
0.898286
0.897844
0.897383
0.896946
0.896493
0.896048
0.895547
0.895112
0.894657
0.894194
0.893738
0.893284
0.892802
0.892332
0.891876
0.891424
0.890981
0.890511
0.890042
0.889602
0.889136
0.888685
0.888219
0.887760
0.887308
0.886856
0.886415
0.885959
0.885508
0.885049
0.884604
0.884163
0.883715
0.883258
0.882821
0.882380
0.881925
0.881470
0.881001
0.880565
0.880101
0.879662
0.879203
0.878726
0.878275
0.877820
0.877380
0.876918
0.876446
0.875997
0.875528
0.875073
0.874609
0.874158
0.873692
0.873247
0.872800
0.872355
0.871905
0.871450
0.871018
0.870592
0.870134
0.869688
0.869275
0.868817
0.868391
0.867958
0.867543
0.867124
0.866687
0.866297
0.865870
0.865460
0.865061
0.864640
0.864256
0.863825
0.863442
0.863042
0.862646
0.862248
0.861847
0.861477
0.861074
0.860696
0.860299
0.859924
0.859528
0.859143
0.858762
0.858385
0.858008
0.857611
0.857243
0.856858
0.856487
0.856111
0.855718
0.855348
0.854946
0.854555
0.854163
0.853797
0.853418
0.853046
0.852642
0.852271
0.851897
0.851517
0.851133
0.850760
0.850362
0.849966
0.849595
0.849219
0.848845
0.848462
0.848079
0.847735
0.847340
0.846983
0.846604
0.846238
0.845861
0.845484
0.845137
0.844739
0.844375
0.843985
0.843620
0.843240
0.842864
0.842494
0.842116
0.841765
0.841384
0.841025
0.840641
0.840296
0.839920
0.839555
0.839200
0.838808
0.838448
0.838083
0.837732
0.837361
0.836986
0.836649
0.836283
0.835933
0.835572
0.835223
0.834857
0.834506
0.834139
0.833792
0.833431
0.833070
0.832706
0.832352
0.831975
0.831609
0.831270
0.830892
0.830554
0.830195
0.829839
0.829479
0.829097
0.828760
0.828376
0.828002
0.827648
0.827274
0.826947
0.826561
0.826226
0.825871
0.825517
0.825167
0.824799
0.824462
0.824092
0.823743
0.823389
0.823033
0.822653
0.822280
0.821901
0.821551
0.821187
0.820815
0.820470
0.820097
0.819747
0.819390
0.819019
0.818676
0.818300
0.817956
0.817596
0.817271
0.816939
0.816616
0.816253
0.815929
0.815610
0.815283
0.814962
0.814649
0.814309
0.813973
0.813659
0.813352
0.813032
0.812701
0.812369
0.812088
0.811763
0.811482
0.811170
0.810878
0.810579
0.810269
0.809993
0.809675
0.809383
0.809062
0.808776
0.808480
0.808177
0.807874
0.807557
0.807283
0.806967
0.806675
0.806364
0.806082
0.805749
0.805448
0.805139
0.804821
0.804532
0.804229
0.803944
0.803630
0.803319
0.803050
0.802755
0.802474
0.802184
0.801916
0.801621
0.801344
0.801050
0.800763
0.800484
0.800187
0.799916
0.799634
0.799348
0.799058
0.798803
0.798519
0.798244
0.797983
0.797706
0.797448
0.797153
0.796879
0.796592
0.796288
0.796019
0.795720
0.795466
0.795162
0.794895
0.794605
0.794326
0.794058
0.793776
0.793528
0.793246
0.792988
0.792719
0.792439
0.792162
0.791882
0.791610
0.791348
0.791088
0.790816
0.790576
0.790287
0.790036
0.789764
0.789484
0.789213
0.788924
0.788645
0.788344
0.788069
0.787784
0.787497
0.787173
0.786881
0.786595
0.786300
0.786021
0.785729
0.785439
0.785149
0.784880
0.784605
0.784321
0.784046
0.783759
0.783502
0.783209
0.782945
0.782659
0.782383
0.782094
0.781818
0.781546
0.781251
0.780976
0.780686
0.780415
0.780116
0.779844
0.779562
0.779277
0.779009
0.778721
0.778458
0.778171
0.777909
0.777624
0.777358
0.777087
0.776807
0.776547
0.776266
0.776020
0.775730
0.775460
0.775210
0.774940
0.774684
0.774409
0.774162
0.773868
0.773617
0.773339
0.773075
0.772808
0.772510
0.772245
0.771969
0.771692
0.771416
0.771146
0.770857
0.770567
0.770300
0.770005
0.769737
0.769442
0.769170
0.768887
0.768603
0.768348
0.768072
0.767819
0.767541
0.767267
0.766987
0.766697
0.766426
0.766161
0.765904
0.765623
0.765348
0.765071
0.764799
0.764531
0.764238
0.763962
0.763682
0.763413
0.763122
0.762865
0.762577
0.762305
0.762032
0.761773
0.761492
0.761214
0.760932
0.760658
0.760399
0.760117
0.759861
0.759553
0.759309
0.759072
0.758815
0.758574
0.758322
0.758070
0.757811
0.757554
0.757318
0.757061
0.756822
0.756560
0.756338
0.756074
0.755830
0.755592
0.755363
0.755096
0.754863
0.754618
0.754372
0.754120
0.753856
0.753623
0.753367
0.753155
0.752906
0.752674
0.752435
0.752183
0.751964
0.751708
0.751472
0.751204
0.750961
0.750733
0.750493
0.750288
0.750056
0.749853
0.749614
0.749377
0.749158
0.748944
0.748704
0.748488
0.748275
0.748031
0.747818
0.747585
0.747392
0.747168
0.746918
0.746697
0.746481
0.746261
0.746045
0.745820
0.745596
0.745380
0.745184
0.744966
0.744786
0.744587
0.744386
0.744191
0.743965
0.743781
0.743565
0.743380
0.743183
0.742992
0.742799
0.742592
0.742404
0.742214
0.742022
0.741817
0.741631
0.741456
0.741266
0.741107
0.740906
0.740729
0.740530
0.740353
0.740144
0.739993
0.739774
0.739606
0.739437
0.739285
0.739099
0.738916
0.738735
0.738570
0.738379
0.738208
0.738032
0.737802
0.737643
0.737490
0.737336
0.737178
0.737015
0.736870
0.736721
0.736578
0.736423
0.736269
0.736119
0.735939
0.735802
0.735614
0.735445
0.735292
0.735121
0.734939
0.734810
0.734658
0.734487
0.734328
0.734152
0.734003
0.733837
0.733692
0.733523
0.733390
0.733239
0.733087
0.732963
0.732822
0.732691
0.732507
0.732359
0.732251
0.732090
0.731960
0.731788
0.731674
0.731489
0.731325
0.731170
0.731031
0.730847
0.730706
0.730559
0.730387
0.730219
0.730075
0.729945
0.729810
0.729651
0.729517
0.729385
0.729243
0.729098
0.728942
0.728778
0.728609
0.728466
0.728284
0.728143
0.727986
0.727827
0.727675
0.727491
0.727363
0.727201
0.727067
0.726934
0.726807
0.726667
0.726504
0.726399
0.726269
0.726118
0.725994
0.725869
0.725771
0.725626
0.725555
0.725436
0.725324
0.725197
0.725091
0.724962
0.724871
0.724709
0.724616
0.724502
0.724400
0.724272
0.724149
0.724030
0.723941
0.723841
0.723738
0.723651
0.723530
0.723412
0.723320
0.723212
0.723123
0.722995
0.722881
0.722769
0.722660
0.722521
0.722393
0.722291
0.722146
0.722041
0.721902
0.721782
0.721680
0.721547
0.721419
0.721341
0.721216
0.721099
0.720973
0.720854
0.720724
0.720611
0.720478
0.720335
0.720213
0.720076
0.719926
0.719794
0.719651
0.719516
0.719327
0.719164
0.719040
0.718853
0.718724
0.718549
0.718439
0.718262
0.718099
0.717948
0.717819
0.717638
0.717503
0.717377
0.717201
0.717040
0.716912
0.716772
0.716632
0.716458
0.716328
0.716178
0.716034
0.715894
0.715722
0.715563
0.715383
0.715275
0.715091
0.714985
0.714845
0.714683
0.714541
0.714369
0.714246
0.714097
0.713939
0.713816
0.713646
0.713475
0.713289
0.713185
0.713033
0.712849
0.712712
0.712566
0.712450
0.712287
0.712191
0.712055
0.711917
0.711769
0.711641
0.711515
0.711434
0.711261
0.711157
0.711043
0.710914
0.710792
0.710690
0.710574
0.710469
0.710363
0.710238
0.710138
0.710037
0.709881
0.709775
0.709678
0.709600
0.709491
0.709395
0.709321
0.709236
0.709118
0.709014
0.708948
0.708824
0.708774
0.708686
0.708595
0.708528
0.708425
0.708335
0.708285
0.708163
0.708092
0.707984
0.707901
0.707783
0.707737
0.707636
0.707525
0.707455
0.707349
0.707268
0.707178
0.707113
0.707042
0.706928
0.706839
0.706775
0.706672
0.706623
0.706478
0.706421
0.706292
0.706187
0.706048
0.705968
0.705832
0.705722
0.705632
0.705478
0.705346
0.705240
0.705127
0.705007
0.704845
0.704727
0.704603
0.704450
0.704330
0.704148
0.704011
0.703842
0.703742
0.703563
0.703475
0.703341
0.703203
0.703063
0.702903
0.702788
0.702680
0.702549
0.702444
0.702312
0.702203
0.702055
0.702001
0.701877
0.701748
0.701659
0.701555
0.701481
0.701368
0.701330
0.701238
0.701171
0.701110
0.701028
0.700949
0.700931
0.700815
0.700770
0.700723
0.700652
0.700601
0.700562
0.700512
0.700475
0.700432
0.700372
0.700332
0.700280
0.700205
0.700160
0.700104
0.700053
0.700002
0.699940
0.699911
0.699872
0.699813
0.699756
0.699726
0.699641
0.699644
0.699579
0.699517
0.699475
0.699424
0.699343
0.699329
0.699260
0.699237
0.699173
0.699126
0.699050
0.699040
0.698964
0.698885
0.698838
0.698752
0.698694
0.698641
0.698614
0.698558
0.698477
0.698418
0.698358
0.698309
0.698278
0.698199
0.698182
0.698103
0.698064
0.698008
0.698019
0.697943
0.697917
0.697913
0.697827
0.697759
0.697722
0.697698
0.697634
0.697548
0.697520
0.697492
0.697423
0.697409
0.697354
0.697317
0.697233
0.697231
0.697145
0.697114
0.697080
0.697001
0.696936
0.696856
0.696813
0.696766
0.696707
0.696642
0.696573
0.696517
0.696436
0.696401
0.696356
0.696263
0.696199
0.696170
0.696119
0.696059
0.696055
0.695990
0.695940
0.695891
0.695811
0.695747
0.695735
0.695605
0.695548
0.695521
0.695451
0.695392
0.695366
0.695307
0.695246
0.695193
0.695130
0.695103
0.695068
0.694986
0.694956
0.694920
0.694885
0.694796
0.694760
0.694758
0.694744
0.694687
0.694665
0.694682
0.694620
0.694629
0.694600
0.694546
0.694568
0.694520
0.694469
0.694486
0.694456
0.694438
0.694422
0.694401
0.694368
0.694365
0.694337
0.694303
0.694307
0.694266
0.694237
0.694232
0.694245
0.694215
0.694172
0.694131
0.694129
0.694097
0.694084
0.694048
0.694054
0.694008
0.693954
0.693920
0.693901
0.693766
0.693752
0.693737
0.693647
0.693553
0.693512
0.693482
0.693438
0.693345
0.693338
0.693310
0.693255
0.693219
0.693197
0.693153
0.693095
0.693109
0.693057
0.693037
0.693030
0.692966
0.692941
0.692893
0.692894
0.692861
0.692822
0.692826
0.692823
0.692813
0.692791
0.692812
0.692828
0.692770
0.692754
0.692770
0.692755
0.692734
0.692768
0.692762
0.692763
0.692727
0.692742
0.692714
0.692744
0.692673
0.692679
0.692721
0.692705
0.692702
0.692727
0.692725
0.692748
0.692757
0.692768
0.692790
0.692782
0.692777
0.692804
0.692834
0.692869
0.692836
0.692865
0.692909
0.692966
0.692951
0.692975
0.693009
0.692980
0.693010
0.692995
0.692991
0.693046
0.693027
0.692993
0.693031
0.693071
0.693090
0.693130
0.693156
0.693187
0.693207
0.693244
0.693273
0.693315
0.693315
0.693322
0.693345
0.693367
0.693345
0.693309
0.693265
0.693258
0.693223
0.693209
0.693186
0.693207
0.693170
0.693116
0.693103
0.693090
0.692962
0.692948
0.692944
0.692878
0.692793
0.692792
0.692794
0.692770
0.692720
0.692718
0.692723
0.692644
0.692605
0.692607
0.692549
0.692528
0.692541
0.692506
0.692467
0.692441
0.692396
0.692338
0.692306
0.692299
0.692248
0.692214
0.692183
0.692176
0.692118
0.692065
0.692070
0.691999
0.691931
0.691900
0.691893
0.691855
0.691809
0.691815
0.691756
0.691726
0.691678
0.691663
0.691595
0.691601
0.691513
0.691488
0.691481
0.691446
0.691455
0.691440
0.691395
0.691375
0.691365
0.691343
0.691338
0.691343
0.691277
0.691251
0.691245
0.691242
0.691183
0.691136
0.691115
0.691120
0.691063
0.691034
0.691037
0.690990
0.690993
0.690932
0.690921
0.690919
0.690887
0.690818
0.690823
0.690796
0.690723
0.690694
0.690659
0.690593
0.690553
0.690481
0.690406
0.690366
0.690294
0.690222
0.690185
0.690149
0.690090
0.690045
0.689964
0.689919
0.689870
0.689822
0.689756
0.689720
0.689656
0.689568
0.689531
0.689491
0.689346
0.689332
0.689294
0.689194
0.689078
0.689060
0.689000
0.688894
0.688791
0.688694
0.688652
0.688518
0.688437
0.688379
0.688261
0.688202
0.688123
0.688034
0.687966
0.687905
0.687759
0.687638
0.687536
0.687428
0.687336
0.687259
0.687161
0.687048
0.686958
0.686843
0.686725
0.686603
0.686452
0.686372
0.686262
0.686163
0.686038
0.685988
0.685808
0.685711
0.685603
0.685475
0.685362
0.685307
0.685143
0.685002
0.684935
0.684826
0.684720
0.684628
0.684496
0.684430
0.684309
0.684227
0.684161
0.684102
0.683965
0.683902
0.683859
0.683777
0.683727
0.683638
0.683613
0.683586
0.683557
0.683568
0.683522
0.683450
0.683470
0.683439
0.683390
0.683396
0.683386
0.683275
0.683308
0.683297
0.683245
0.683205
0.683194
0.683123
0.683091
0.683070
0.683049
0.683053
0.683002
0.682962
0.682988
0.683020
0.682996
0.683000
0.682975
0.682928
0.682930
0.682967
0.682989
0.683033
0.683039
0.682979
0.682992
0.683032
0.682961
0.683034
0.683049
0.683016
0.682996
0.683057
0.683121
0.683128
0.683145
0.683104
0.683187
0.683170
0.683221
0.683266
0.683214
0.683261
0.683291
0.683326
0.683389
0.683459
0.683401
0.683405
0.683428
0.683425
0.683442
0.683483
0.683443
0.683454
0.683486
0.683512
0.683559
0.683583
0.683541
0.683570
0.683588
0.683610
0.683615
0.683696
0.683602
0.683636
0.683652
0.683631
0.683623
0.683675
0.683602
0.683566
0.683616
0.683608
0.683581
0.683575
0.683529
0.683528
0.683461
0.683446
0.683429
0.683395
0.683297
0.683283
0.683291
0.683207
0.683178
0.683084
0.683057
0.683019
0.682988
0.682994
0.682926
0.682844
0.682837
0.682770
0.682696
0.682666
0.682614
0.682461
0.682439
0.682392
0.682296
0.682220
0.682168
0.682085
0.682013
0.681928
0.681866
0.681807
0.681721
0.681617
0.681562
0.681502
0.681411
0.681346
0.681258
0.681157
0.681106
0.681062
0.681053
0.681059
0.681053
0.680992
0.680984
0.681008
0.680955
0.680997
0.681001
0.680941
0.680886
0.680884
0.680866
0.680794
0.680750
0.680651
0.680631
0.680512
0.680473
0.680423
0.680280
0.680228
0.680176
0.680122
0.680067
0.680021
0.679908
0.679804
0.679768
0.679703
0.679643
0.679604
0.679508
0.679447
0.679413
0.679372
0.679335
0.679255
0.679179
0.679151
0.679101
0.679033
0.679007
0.679008
0.678876
0.678853
0.678830
0.678761
0.678701
0.678680
0.678571
0.678478
0.678483
0.678422
0.678380
0.678311
0.678199
0.678139
0.678025
0.677960
0.677894
0.677820
0.677687
0.677644
0.677625
0.677552
0.677506
0.677411
0.677359
0.677325
0.677281
0.677264
0.677187
0.677091
0.677094
0.677037
0.676977
0.676980
0.676956
0.676838
0.676864
0.676843
0.676796
0.676773
0.676787
0.676727
0.676683
0.676653
0.676655
0.676657
0.676647
0.676582
0.676601
0.676610
0.676601
0.676631
0.676599
0.676546
0.676558
0.676565
0.676593
0.676623
0.676653
0.676565
0.676614
0.676659
0.676604
0.676669
0.676710
0.676651
0.676617
0.676650
0.676697
0.676673
0.676668
0.676595
0.676604
0.676527
0.676519
0.676497
0.676361
0.676323
0.676281
0.676243
0.676171
0.676123
0.675968
0.675822
0.675772
0.675670
0.675599
0.675517
0.675406
0.675329
0.675261
0.675185
0.675098
0.674995
0.674888
0.674855
0.674789
0.674689
0.674634
0.674620
0.674450
0.674398
0.674332
0.674238
0.674151
0.674111
0.674012
0.673901
0.673894
0.673822
0.673764
0.673686
0.673579
0.673513
0.673410
0.673348
0.673291
0.673231
0.673120
0.673015
0.672926
0.672798
0.672667
0.672558
0.672457
0.672383
0.672264
0.672182
0.672085
0.671972
0.671907
0.671825
0.671748
0.671710
0.671642
0.671485
0.671450
0.671360
0.671281
0.671203
0.671151
0.671021
0.670908
0.670771
0.670648
0.670540
0.670413
0.670273
0.670181
0.670120
0.670022
0.669972
0.669818
0.669701
0.669620
0.669531
0.669434
0.669343
0.669280
0.669108
0.669028
0.668939
0.668788
0.668727
0.668658
0.668510
0.668388
0.668301
0.668248
0.668142
0.668061
0.667950
0.667898
0.667766
0.667682
0.667595
0.667447
0.667377
0.667325
0.667205
0.667084
0.666982
0.666839
0.666673
0.666618
0.666508
0.666439
0.666336
0.666282
0.666200
0.666155
0.666079
0.666003
0.665911
0.665834
0.665798
0.665721
0.665638
0.665600
0.665585
0.665469
0.665422
0.665379
0.665323
0.665276
0.665258
0.665206
0.665124
0.665134
0.665062
0.665012
0.664929
0.664834
0.664756
0.664679
0.664621
0.664565
0.664488
0.664399
0.664333
0.664280
0.664186
0.664110
0.664062
0.664001
0.663943
0.663836
0.663744
0.663637
0.663526
0.663460
0.663334
0.663211
0.663138
0.663068
0.662904
0.662872
0.662794
0.662730
0.662635
0.662606
0.662519
0.662431
0.662354
0.662283
0.662246
0.662158
0.662075
0.662008
0.661967
0.661874
0.661835
0.661652
0.661558
0.661527
0.661424
0.661361
0.661287
0.661287
0.661138
0.661057
0.661029
0.660911
0.660909
0.660887
0.660785
0.660696
0.660676
0.660710
0.660626
0.660576
0.660503
0.660522
0.660466
0.660470
0.660457
0.660329
0.660383
0.660389
0.660390
0.660357
0.660407
0.660333
0.660222
0.660257
0.660226
0.660196
0.660099
0.660043
0.659968
0.659905
0.659816
0.659738
0.659611
0.659465
0.659460
0.659381
0.659268
0.659226
0.659209
0.658993
0.658928
0.658852
0.658751
0.658669
0.658630
0.658516
0.658385
0.658397
0.658323
0.658274
0.658165
0.658086
0.658041
0.657928
0.657860
0.657824
0.657734
0.657595
0.657548
0.657458
0.657300
0.657212
0.657140
0.657024
0.656969
0.656876
0.656840
0.656695
0.656616
0.656566
0.656415
0.656306
0.656259
0.656209
0.656023
0.656019
0.656001
0.655895
0.655824
0.655830
0.655752
0.655622
0.655542
0.655483
0.655419
0.655322
0.655297
0.655254
0.655221
0.655173
0.655212
0.655081
0.655055
0.655085
0.654998
0.654992
0.654982
0.655025
0.654918
0.654866
0.654870
0.654776
0.654815
0.654824
0.654793
0.654698
0.654701
0.654737
0.654632
0.654607
0.654596
0.654614
0.654509
0.654514
0.654442
0.654307
0.654311
0.654277
0.654243
0.654128
0.654123
0.654068
0.653907
0.653912
0.653828
0.653749
0.653684
0.653690
0.653592
0.653510
0.653464
0.653397
0.653279
0.653231
0.653235
0.653160
0.653031
0.653024
0.653009
0.652841
0.652831
0.652830
0.652728
0.652614
0.652589
0.652577
0.652447
0.652459
0.652365
0.652299
0.652144
0.652083
0.651987
0.651831
0.651734
0.651671
0.651542
0.651483
0.651452
0.651402
0.651268
0.651217
0.651197
0.651071
0.651063
0.651030
0.651061
0.650954
0.650917
0.650935
0.650839
0.650807
0.650820
0.650842
0.650697
0.650732
0.650769
0.650712
0.650697
0.650755
0.650719
0.650615
0.650573
0.650548
0.650463
0.650413
0.650392
0.650362
0.650260
0.650167
0.650161
0.649974
0.649887
0.649857
0.649714
0.649672
0.649605
0.649596
0.649418
0.649343
0.649299
0.649133
0.649094
0.649034
0.648950
0.648789
0.648765
0.648789
0.648638
0.648610
0.648579
0.648589
0.648436
0.648416
0.648365
0.648201
0.648210
0.648190
0.648163
0.648026
0.647993
0.647913
0.647728
0.647704
0.647594
0.647457
0.647346
0.647288
0.647171
0.647015
0.646921
0.646844
0.646662
0.646588
0.646578
0.646495
0.646366
0.646385
0.646380
0.646211
0.646180
0.646175
0.646136
0.646002
0.645986
0.645953
0.645813
0.645859
0.645776
0.645760
0.645601
0.645558
0.645489
0.645351
0.645277
0.645215
0.645135
0.645082
0.644999
0.644901
0.644786
0.644709
0.644629
0.644497
0.644451
0.644312
0.644270
0.644149
0.644059
0.644018
0.643835
0.643742
0.643652
0.643564
0.643393
0.643321
0.643288
0.643173
0.643065
0.643064
0.642992
0.642927
0.642833
0.642757
0.642675
0.642582
0.642510
0.642442
0.642369
0.642274
0.642239
0.642083
0.641983
0.641901
0.641787
0.641721
0.641657
0.641618
0.641453
0.641418
0.641371
0.641232
0.641198
0.641144
0.641072
0.640901
0.640920
0.640915
0.640742
0.640631
0.640533
0.640479
0.640296
0.640185
0.640121
0.639937
0.639879
0.639798
0.639731
0.639630
0.639550
0.639441
0.639241
0.639175
0.639055
0.638933
0.638828
0.638738
0.638625
0.638467
0.638347
0.638280
0.638029
0.637897
0.637825
0.637697
0.637478
0.637388
0.637271
0.637047
0.636923
0.636815
0.636697
0.636523
0.636444
0.636322
0.636142
0.636042
0.635842
0.635704
0.635498
0.635407
0.635243
0.635032
0.634876
0.634735
0.634672
0.634549
0.634412
0.634288
0.634117
0.633999
0.633889
0.633706
0.633619
0.633431
0.633343
0.633180
0.633107
0.633026
0.632825
0.632733
0.632614
0.632511
0.632353
0.632236
0.632193
0.632038
0.631899
0.631820
0.631686
0.631558
0.631377
0.631250
0.631119
0.630985
0.630877
0.630739
0.630625
0.630458
0.630385
0.630260
0.630126
0.630008
0.629884
0.629825
0.629746
0.629636
0.629464
0.629398
0.629316
0.629174
0.629060
0.628990
0.628885
0.628732
0.628739
0.628675
0.628520
0.628419
0.628317
0.628217
0.628037
0.627932
0.627854
0.627667
0.627553
0.627466
0.627390
0.627248
0.627130
0.627000
0.626833
0.626751
0.626598
0.626460
0.626349
0.626184
0.626053
0.625896
0.625749
0.625629
0.625411
0.625219
0.625098
0.624940
0.624753
0.624637
0.624490
0.624290
0.624168
0.624041
0.623888
0.623648
0.623523
0.623373
0.623168
0.623037
0.622830
0.622688
0.622479
0.622367
0.622200
0.621973
0.621822
0.621668
0.621631
0.621485
0.621321
0.621181
0.621000
0.620826
0.620665
0.620435
0.620324
0.620080
0.619934
0.619764
0.619593
0.619459
0.619156
0.619041
0.618819
0.618628
0.618410
0.618198
0.618033
0.617800
0.617663
0.617503
0.617262
0.617116
0.616857
0.616652
0.616468
0.616335
0.616108
0.615925
0.615746
0.615580
0.615437
0.615226
0.615093
0.614905
0.614722
0.614608
0.614541
0.614383
0.614147
0.614089
0.613965
0.613748
0.613546
0.613474
0.613294
0.613059
0.613076
0.612949
0.612732
0.612566
0.612502
0.612401
0.612239
0.612157
0.612147
0.611971
0.611852
0.611802
0.611749
0.611654
0.611543
0.611506
0.611382
0.611337
0.611270
0.611204
0.611119
0.610987
0.610969
0.610908
0.610816
0.610764
0.610611
0.610457
0.610403
0.610334
0.610205
0.610069
0.609920
0.609818
0.609765
0.609640
0.609570
0.609398
0.609306
0.609212
0.609113
0.608971
0.608782
0.608679
0.608516
0.608434
0.608273
0.608115
0.607944
0.607754
0.607759
0.607571
0.607384
0.607214
0.607059
0.606898
0.606795
0.606639
0.606552
0.606336
0.606180
0.606029
0.605894
0.605778
0.605564
0.605469
0.605305
0.605205
0.605072
0.604889
0.604766
0.604580
0.604471
0.604346
0.604160
0.604086
0.603884
0.603712
0.603592
0.603492
0.603325
0.603169
0.603061
0.602948
0.602895
0.602759
0.602661
0.602515
0.602425
0.602389
0.602340
0.602189
0.602085
0.602086
0.602011
0.601948
0.601825
0.601803
0.601700
0.601580
0.601602
0.601509
0.601375
0.601269
0.601168
0.601080
0.600996
0.600930
0.600852
0.600742
0.600642
0.600520
0.600520
0.600461
0.600355
0.600258
0.600138
0.600147
0.600008
0.599962
0.599882
0.599762
0.599697
0.599668
0.599604
0.599574
0.599485
0.599391
0.599363
0.599296
0.599242
0.599156
0.599089
0.599005
0.598995
0.598954
0.598887
0.598776
0.598756
0.598712
0.598633
0.598538
0.598442
0.598373
0.598289
0.598303
0.598230
0.598082
0.597971
0.597862
0.597885
0.597777
0.597660
0.597568
0.597426
0.597353
0.597336
0.597230
0.597123
0.596979
0.596896
0.596762
0.596740
0.596681
0.596542
0.596482
0.596387
0.596358
0.596245
0.596147
0.596073
0.595948
0.595852
0.595829
0.595732
0.595659
0.595560
0.595482
0.595458
0.595380
0.595264
0.595137
0.595075
0.594964
0.594985
0.594903
0.594813
0.594729
0.594649
0.594641
0.594578
0.594464
0.594374
0.594315
0.594264
0.594215
0.594115
0.594034
0.593940
0.593828
0.593803
0.593696
0.593573
0.593464
0.593347
0.593219
0.593100
0.592996
0.592867
0.592737
0.592601
0.592472
0.592403
0.592281
0.592147
0.592036
0.591897
0.591860
0.591688
0.591594
0.591470
0.591323
0.591269
0.591234
0.591149
0.591097
0.590967
0.590917
0.590896
0.590837
0.590795
0.590712
0.590613
0.590507
0.590438
0.590382
0.590289
0.590164
0.590122
0.590081
0.590024
0.589934
0.589844
0.589779
0.589667
0.589626
0.589522
0.589388
0.589304
0.589193
0.589126
0.589063
0.588943
0.588864
0.588723
0.588632
0.588568
0.588438
0.588338
0.588201
0.588104
0.588005
0.587933
0.587889
0.587743
0.587653
0.587560
0.587462
0.587334
0.587219
0.587110
0.587000
0.586889
0.586810
0.586708
0.586629
0.586512
0.586399
0.586316
0.586235
0.586125
0.586023
0.585987
0.585859
0.585831
0.585769
0.585686
0.585608
0.585576
0.585533
0.585486
0.585418
0.585376
0.585364
0.585337
0.585311
0.585268
0.585228
0.585216
0.585195
0.585222
0.585192
0.585164
0.585167
0.585145
0.585158
0.585135
0.585129
0.585131
0.585119
0.585107
0.585081
0.585064
0.585088
0.585060
0.585045
0.585014
0.585021
0.584966
0.585012
0.584986
0.584912
0.584899
0.584877
0.584828
0.584794
0.584713
0.584646
0.584584
0.584570
0.584551
0.584466
0.584435
0.584398
0.584345
0.584340
0.584283
0.584205
0.584165
0.584124
0.584097
0.584007
0.583924
0.583874
0.583813
0.583813
0.583746
0.583648
0.583581
0.583498
0.583464
0.583404
0.583321
0.583269
0.583158
0.583118
0.583098
0.583040
0.582992
0.582904
0.582854
0.582805
0.582745
0.582683
0.582573
0.582489
0.582417
0.582323
0.582229
0.582138
0.582013
0.581942
0.581883
0.581821
0.581726
0.581672
0.581606
0.581543
0.581484
0.581423
0.581329
0.581249
0.581241
0.581104
0.581078
0.581012
0.580921
0.580898
0.580878
0.580825
0.580752
0.580703
0.580646
0.580570
0.580536
0.580459
0.580396
0.580298
0.580244
0.580163
0.580129
0.580087
0.580015
0.579986
0.579915
0.579898
0.579835
0.579846
0.579803
0.579782
0.579767
0.579732
0.579715
0.579746
0.579765
0.579740
0.579720
0.579738
0.579656
0.579725
0.579727
0.579689
0.579663
0.579670
0.579680
0.579640
0.579628
0.579592
0.579563
0.579555
0.579532
0.579463
0.579434
0.579394
0.579369
0.579414
0.579350
0.579306
0.579328
0.579311
0.579325
0.579284
0.579272
0.579251
0.579218
0.579267
0.579238
0.579164
0.579164
0.579147
0.579109
0.579146
0.579130
0.579132
0.579055
0.579025
0.579055
0.579018
0.578999
0.578973
0.578930
0.578912
0.578879
0.578890
0.578838
0.578776
0.578792
0.578752
0.578714
0.578660
0.578635
0.578605
0.578587
0.578578
0.578544
0.578502
0.578507
0.578523
0.578519
0.578471
0.578409
0.578346
0.578367
0.578244
0.578220
0.578170
0.578095
0.578090
0.578048
0.577978
0.577915
0.577874
0.577831
0.577770
0.577769
0.577726
0.577744
0.577708
0.577712
0.577667
0.577695
0.577708
0.577674
0.577667
0.577610
0.577612
0.577566
0.577576
0.577525
0.577500
0.577504
0.577450
0.577417
0.577428
0.577475
0.577416
0.577378
0.577370
0.577286
0.577368
0.577369
0.577347
0.577311
0.577330
0.577361
0.577325
0.577334
0.577296
0.577323
0.577333
0.577357
0.577315
0.577341
0.577345
0.577349
0.577435
0.577385
0.577411
0.577482
0.577502
0.577546
0.577521
0.577536
0.577529
0.577502
0.577562
0.577528
0.577466
0.577469
0.577454
0.577398
0.577445
0.577439
0.577427
0.577359
0.577325
0.577372
0.577327
0.577306
0.577259
0.577230
0.577228
0.577210
0.577229
0.577220
0.577143
0.577197
0.577167
0.577149
0.577137
0.577152
0.577160
0.577159
0.577171
0.577135
0.577090
0.577090
0.577100
0.577107
0.577073
0.577060
0.577044
0.577141
0.577080
0.577108
0.577099
0.577073
0.577135
0.577158
0.577139
0.577119
0.577134
0.577142
0.577134
0.577181
0.577157
0.577191
0.577171
0.577194
0.577174
0.577202
0.577202
0.577165
0.577165
0.577121
0.577128
0.577068
0.577078
0.577043
0.577018
0.577020
0.576974
0.576943
0.576955
0.577002
0.576968
0.576932
0.576941
0.576855
0.576918
0.576898
0.576878
0.576857
0.576865
0.576877
0.576836
0.576828
0.576802
0.576812
0.576816
0.576806
0.576764
0.576781
0.576775
0.576756
0.576814
0.576780
0.576765
0.576798
0.576779
0.576775
0.576714
0.576688
0.576673
0.576615
0.576669
0.576660
0.576632
0.576637
0.576637
0.576593
0.576686
0.576695
0.576710
0.576692
0.576685
0.576767
0.576769
0.576819
0.576854
0.576866
0.576928
0.576980
0.577057
0.577097
0.577109
0.577220
0.577256
0.577298
0.577343
0.577370
0.577423
0.577484
0.577554
0.577559
0.577564
0.577625
0.577705
0.577759
0.577765
0.577806
0.577832
0.577946
0.577896
0.577936
0.577946
0.577919
0.577996
0.578036
0.577991
0.577949
0.577951
0.577931
0.577898
0.577904
0.577870
0.577880
0.577831
0.577838
0.577781
0.577795
0.577791
0.577738
0.577740
0.577696
0.577698
0.577663
0.577655
0.577628
0.577606
0.577592
0.577538
0.577484
0.577477
0.577514
0.577411
0.577359
0.577340
0.577236
0.577249
0.577203
0.577161
0.577103
0.577055
0.577052
0.576988
0.576974
0.576912
0.576881
0.576848
0.576813
0.576725
0.576713
0.576661
0.576601
0.576604
0.576506
0.576478
0.576467
0.576445
0.576434
0.576374
0.576342
0.576291
0.576241
0.576267
0.576208
0.576122
0.576076
0.576011
0.575911
0.575901
0.575845
0.575795
0.575717
0.575619
0.575613
0.575529
0.575472
0.575360
0.575293
0.575232
0.575190
0.575139
0.575082
0.574992
0.575007
0.574934
0.574902
0.574841
0.574799
0.574741
0.574726
0.574698
0.574645
0.574601
0.574570
0.574544
0.574550
0.574457
0.574372
0.574287
0.574329
0.574225
0.574156
0.574108
0.574035
0.574025
0.573975
0.573877
0.573800
0.573727
0.573654
0.573581
0.573513
0.573420
0.573369
0.573290
0.573226
0.573136
0.573105
0.573021
0.572945
0.572850
0.572739
0.572657
0.572559
0.572447
0.572347
0.572230
0.572129
0.571990
0.571862
0.571755
0.571700
0.571535
0.571388
0.571271
0.571122
0.571067
0.570957
0.570842
0.570747
0.570650
0.570568
0.570491
0.570403
0.570281
0.570216
0.570163
0.570063
0.569937
0.569884
0.569769
0.569697
0.569656
0.569554
0.569465
0.569418
0.569373
0.569321
0.569242
0.569167
0.569094
0.569005
0.568989
0.568912
0.568823
0.568760
0.568703
0.568673
0.568670
0.568610
0.568567
0.568515
0.568447
0.568453
0.568382
0.568342
0.568254
0.568211
0.568176
0.568150
0.568097
0.568044
0.567972
0.567976
0.567911
0.567842
0.567817
0.567744
0.567663
0.567617
0.567584
0.567512
0.567439
0.567383
0.567321
0.567308
0.567220
0.567144
0.567056
0.567068
0.566948
0.566904
0.566849
0.566755
0.566720
0.566684
0.566613
0.566558
0.566475
0.566412
0.566362
0.566315
0.566262
0.566174
0.566096
0.566048
0.565958
0.565939
0.565837
0.565743
0.565658
0.565568
0.565480
0.565411
0.565320
0.565248
0.565147
0.565049
0.564945
0.564860
0.564803
0.564761
0.564636
0.564568
0.564514
0.564423
0.564405
0.564344
0.564244
0.564177
0.564138
0.564071
0.564039
0.563965
0.563899
0.563871
0.563849
0.563839
0.563780
0.563815
0.563802
0.563803
0.563844
0.563805
0.563812
0.563825
0.563824
0.563827
0.563786
0.563724
0.563682
0.563650
0.563664
0.563600
0.563560
0.563519
0.563464
0.563479
0.563483
0.563450
0.563428
0.563429
0.563409
0.563440
0.563429
0.563422
0.563384
0.563403
0.563403
0.563404
0.563383
0.563363
0.563315
0.563342
0.563318
0.563297
0.563302
0.563264
0.563243
0.563210
0.563193
0.563152
0.563119
0.563104
0.563081
0.563082
0.563026
0.562973
0.562901
0.562916
0.562844
0.562817
0.562799
0.562721
0.562719
0.562685
0.562636
0.562584
0.562515
0.562433
0.562379
0.562318
0.562272
0.562195
0.562127
0.562085
0.561998
0.561990
0.561901
0.561811
0.561763
0.561696
0.561637
0.561575
0.561501
0.561449
0.561383
0.561323
0.561233
0.561179
0.561130
0.561095
0.561039
0.560990
0.560970
0.560891
0.560905
0.560870
0.560783
0.560743
0.560742
0.560718
0.560727
0.560676
0.560641
0.560647
0.560611
0.560594
0.560519
0.560507
0.560485
0.560429
0.560447
0.560409
0.560375
0.560368
0.560326
0.560298
0.560214
0.560143
0.560101
0.560044
0.560025
0.559935
0.559873
0.559812
0.559758
0.559740
0.559706
0.559661
0.559620
0.559618
0.559598
0.559591
0.559586
0.559600
0.559555
0.559553
0.559551
0.559582
0.559601
0.559598
0.559596
0.559619
0.559587
0.559599
0.559598
0.559587
0.559570
0.559540
0.559557
0.559544
0.559521
0.559517
0.559499
0.559514
0.559482
0.559466
0.559433
0.559480
0.559411
0.559400
0.559393
0.559331
0.559308
0.559300
0.559268
0.559241
0.559162
0.559118
0.559070
0.559016
0.558973
0.558894
0.558843
0.558781
0.558695
0.558670
0.558605
0.558538
0.558483
0.558438
0.558393
0.558346
0.558281
0.558211
0.558148
0.558072
0.557979
0.557895
0.557848
0.557799
0.557716
0.557677
0.557645
0.557562
0.557577
0.557538
0.557450
0.557395
0.557386
0.557341
0.557324
0.557268
0.557201
0.557192
0.557139
0.557120
0.557019
0.557004
0.556969
0.556887
0.556869
0.556780
0.556717
0.556672
0.556628
0.556588
0.556488
0.556404
0.556361
0.556326
0.556316
0.556259
0.556276
0.556254
0.556259
0.556253
0.556237
0.556218
0.556184
0.556189
0.556150
0.556143
0.556155
0.556150
0.556094
0.556064
0.556024
0.556014
0.556001
0.555980
0.555968
0.555939
0.555897
0.555866
0.555841
0.555790
0.555738
0.555714
0.555737
0.555682
0.555661
0.555650
0.555598
0.555581
0.555502
0.555464
0.555357
0.555335
0.555240
0.555187
0.555136
0.555019
0.554943
0.554884
0.554805
0.554715
0.554608
0.554521
0.554451
0.554364
0.554308
0.554227
0.554125
0.554002
0.553929
0.553887
0.553819
0.553735
0.553639
0.553552
0.553466
0.553385
0.553302
0.553209
0.553114
0.553023
0.552939
0.552873
0.552826
0.552742
0.552653
0.552565
0.552495
0.552363
0.552331
0.552237
0.552120
0.551995
0.551959
0.551857
0.551817
0.551722
0.551610
0.551564
0.551479
0.551426
0.551320
0.551311
0.551259
0.551206
0.551173
0.551116
0.551064
0.551026
0.550996
0.550964
0.550899
0.550830
0.550802
0.550784
0.550764
0.550701
0.550719
0.550680
0.550665
0.550638
0.550626
0.550597
0.550546
0.550528
0.550477
0.550441
0.550416
0.550371
0.550311
0.550302
0.550273
0.550277
0.550304
0.550305
0.550308
0.550287
0.550298
0.550259
0.550259
0.550218
0.550205
0.550166
0.550175
0.550118
0.550108
0.550095
0.550028
0.550026
0.549942
0.549912
0.549801
0.549782
0.549685
0.549625
0.549586
0.549492
0.549448
0.549432
0.549369
0.549295
0.549212
0.549138
0.549050
0.548976
0.548949
0.548858
0.548787
0.548697
0.548668
0.548641
0.548543
0.548471
0.548383
0.548324
0.548258
0.548195
0.548137
0.548059
0.547994
0.547912
0.547843
0.547779
0.547766
0.547698
0.547610
0.547523
0.547443
0.547318
0.547303
0.547189
0.547102
0.546993
0.546994
0.546920
0.546913
0.546852
0.546763
0.546733
0.546663
0.546608
0.546504
0.546501
0.546430
0.546369
0.546320
0.546264
0.546226
0.546198
0.546167
0.546166
0.546118
0.546086
0.546070
0.546023
0.546020
0.545953
0.545933
0.545886
0.545846
0.545861
0.545852
0.545841
0.545837
0.545857
0.545840
0.545847
0.545852
0.545864
0.545840
0.545850
0.545847
0.545863
0.545893
0.545901
0.545920
0.545910
0.545902
0.545878
0.545916
0.545875
0.545848
0.545809
0.545822
0.545777
0.545790
0.545792
0.545759
0.545802
0.545765
0.545781
0.545704
0.545742
0.545678
0.545669
0.545663
0.545610
0.545591
0.545607
0.545599
0.545591
0.545572
0.545541
0.545522
0.545505
0.545517
0.545486
0.545474
0.545447
0.545439
0.545434
0.545363
0.545354
0.545335
0.545326
0.545320
0.545317
0.545316
0.545309
0.545289
0.545294
0.545271
0.545286
0.545324
0.545335
0.545355
0.545373
0.545392
0.545359
0.545437
0.545442
0.545441
0.545443
0.545532
0.545535
0.545626
0.545633
0.545655
0.545739
0.545771
0.545824
0.545833
0.545902
0.545928
0.545948
0.546000
0.546031
0.546040
0.546070
0.546135
0.546200
0.546222
0.546226
0.546270
0.546322
0.546405
0.546417
0.546499
0.546542
0.546592
0.546690
0.546721
0.546776
0.546851
0.546937
0.547013
0.547105
0.547188
0.547264
0.547305
0.547398
0.547428
0.547473
0.547530
0.547572
0.547659
0.547690
0.547718
0.547752
0.547802
0.547826
0.547838
0.547875
0.547953
0.547970
0.548060
0.548087
0.548109
0.548197
0.548240
0.548308
0.548316
0.548418
0.548461
0.548508
0.548582
0.548605
0.548638
0.548715
0.548785
0.548849
0.548882
0.548925
0.548997
0.549037
0.549112
0.549135
0.549178
0.549225
0.549297
0.549396
0.549426
0.549474
0.549520
0.549556
0.549596
0.549626
0.549664
0.549738
0.549763
0.549796
0.549809
0.549862
0.549923
0.549926
0.549966
0.549988
0.550015
0.550006
0.550058
0.550055
0.550024
0.550022
0.550071
0.550052
0.550121
0.550098
0.550093
0.550128
0.550146
0.550157
0.550130
0.550158
0.550168
0.550157
0.550204
0.550262
0.550276
0.550295
0.550393
0.550439
0.550413
0.550410
0.550450
0.550433
0.550455
0.550413
0.550457
0.550461
0.550458
0.550532
0.550512
0.550497
0.550500
0.550514
0.550505
0.550488
0.550439
0.550413
0.550349
0.550286
0.550225
0.550215
0.550160
0.550071
0.550094
0.550048
0.549989
0.549956
0.549922
0.549871
0.549812
0.549777
0.549754
0.549683
0.549689
0.549621
0.549564
0.549537
0.549494
0.549468
0.549366
0.549361
0.549287
0.549250
0.549229
0.549161
0.549141
0.549125
0.549091
0.549047
0.548976
0.548904
0.548888
0.548811
0.548764
0.548689
0.548655
0.548611
0.548550
0.548590
0.548526
0.548459
0.548465
0.548440
0.548425
0.548387
0.548389
0.548416
0.548373
0.548338
0.548331
0.548344
0.548338
0.548334
0.548312
0.548285
0.548268
0.548205
0.548223
0.548179
0.548143
0.548120
0.548112
0.548087
0.548123
0.548056
0.548063
0.548075
0.548093
0.548023
0.547963
0.547956
0.547926
0.547857
0.547871
0.547866
0.547772
0.547729
0.547718
0.547707
0.547644
0.547566
0.547570
0.547521
0.547525
0.547459
0.547450
0.547391
0.547333
0.547358
0.547297
0.547235
0.547197
0.547170
0.547137
0.547127
0.547084
0.547073
0.547059
0.547054
0.547040
0.547048
0.547068
0.547009
0.547055
0.547081
0.547062
0.547057
0.547087
0.547078
0.547050
0.547118
0.547167
0.547162
0.547227
0.547188
0.547166
0.547119
0.547111
0.547078
0.546992
0.546986
0.546951
0.546913
0.546909
0.546874
0.546860
0.546849
0.546855
0.546852
0.546832
0.546795
0.546846
0.546848
0.546862
0.546842
0.546864
0.546853
0.546822
0.546901
0.546818
0.546751
0.546742
0.546757
0.546751
0.546717
0.546708
0.546724
0.546662
0.546653
0.546656
0.546659
0.546673
0.546648
0.546638
0.546612
0.546576
0.546542
0.546568
0.546533
0.546498
0.546508
0.546502
0.546484
0.546555
0.546499
0.546489
0.546509
0.546555
0.546511
0.546476
0.546487
0.546471
0.546412
0.546454
0.546470
0.546429
0.546447
0.546470
0.546503
0.546514
0.546534
0.546601
0.546618
0.546690
0.546700
0.546750
0.546745
0.546738
0.546811
0.546784
0.546754
0.546739
0.546733
0.546709
0.546732
0.546702
0.546715
0.546698
0.546707
0.546727
0.546756
0.546782
0.546744
0.546778
0.546814
0.546787
0.546770
0.546757
0.546709
0.546640
0.546655
0.546630
0.546559
0.546553
0.546467
0.546419
0.546351
0.546339
0.546265
0.546195
0.546179
0.546125
0.546095
0.546095
0.546062
0.546046
0.546033
0.546049
0.546050
0.546028
0.545974
0.546016
0.546001
0.545991
0.545949
0.545946
0.545892
0.545808
0.545906
0.545850
0.545757
0.545727
0.545754
0.545717
0.545680
0.545647
0.545692
0.545603
0.545541
0.545556
0.545532
0.545499
0.545478
0.545512
0.545481
0.545466
0.545453
0.545482
0.545466
0.545411
0.545470
0.545465
0.545463
0.545532
0.545481
0.545460
0.545468
0.545569
0.545531
0.545514
0.545531
0.545564
0.545543
0.545592
0.545635
0.545590
0.545585
0.545600
0.545653
0.545615
0.545582
0.545631
0.545569
0.545584
0.545518
0.545549
0.545503
0.545468
0.545569
0.545543
0.545507
0.545482
0.545522
0.545488
0.545506
0.545470
0.545529
0.545521
0.545519
0.545564
0.545561
0.545538
0.545472
0.545517
0.545504
0.545458
0.545463
0.545408
0.545362
0.545296
0.545332
0.545282
0.545224
0.545274
0.545170
0.545123
0.545065
0.545128
0.545054
0.544960
0.544912
0.544892
0.544863
0.544846
0.544848
0.544823
0.544752
0.544734
0.544773
0.544719
0.544666
0.544746
0.544701
0.544690
0.544645
0.544707
0.544662
0.544580
0.544715
0.544626
0.544536
0.544487
0.544539
0.544484
0.544439
0.544401
0.544479
0.544429
0.544379
0.544389
0.544339
0.544253
0.544207
0.544201
0.544144
0.544082
0.544056
0.544032
0.543926
0.543782
0.543812
0.543721
0.543589
0.543536
0.543381
0.543275
0.543208
0.543193
0.543052
0.542926
0.542857
0.542773
0.542656
0.542605
0.542554
0.542418
0.542344
0.542260
0.542238
0.542147
0.542054
0.542012
0.541914
0.541851
0.541727
0.541682
0.541536
0.541394
0.541435
0.541332
0.541238
0.541152
0.541097
0.541017
0.540962
0.540873
0.540819
0.540742
0.540692
0.540650
0.540581
0.540521
0.540384
0.540351
0.540288
0.540201
0.540137
0.540077
0.540013
0.539909
0.539909
0.539858
0.539756
0.539767
0.539672
0.539600
0.539531
0.539534
0.539449
0.539336
0.539297
0.539250
0.539193
0.539138
0.539084
0.539035
0.538923
0.538839
0.538763
0.538628
0.538506
0.538490
0.538399
0.538307
0.538206
0.538166
0.538049
0.537928
0.537959
0.537841
0.537714
0.537618
0.537590
0.537526
0.537433
0.537344
0.537332
0.537224
0.537121
0.537045
0.536940
0.536811
0.536741
0.536697
0.536638
0.536561
0.536493
0.536479
0.536380
0.536267
0.536251
0.536179
0.536080
0.536048
0.535927
0.535830
0.535756
0.535754
0.535640
0.535531
0.535472
0.535382
0.535276
0.535219
0.535138
0.535005
0.534899
0.534789
0.534718
0.534602
0.534442
0.534340
0.534203
0.534121
0.533965
0.533861
0.533692
0.533550
0.533502
0.533363
0.533221
0.533051
0.532918
0.532759
0.532642
0.532478
0.532343
0.532167
0.532048
0.531926
0.531762
0.531635
0.531432
0.531309
0.531175
0.531063
0.530976
0.530879
0.530738
0.530571
0.530537
0.530473
0.530319
0.530274
0.530152
0.530023
0.529903
0.529859
0.529736
0.529573
0.529539
0.529441
0.529386
0.529289
0.529186
0.529115
0.528973
0.528886
0.528792
0.528735
0.528616
0.528544
0.528438
0.528415
0.528318
0.528248
0.528120
0.528048
0.527989
0.527872
0.527781
0.527671
0.527585
0.527483
0.527429
0.527315
0.527218
0.527061
0.526958
0.526794
0.526707
0.526595
0.526494
0.526377
0.526263
0.526239
0.526052
0.526001
0.525827
0.525743
0.525631
0.525529
0.525370
0.525315
0.525159
0.525015
0.524978
0.524879
0.524740
0.524601
0.524559
0.524404
0.524297
0.524193
0.524115
0.523951
0.523868
0.523840
0.523711
0.523617
0.523483
0.523403
0.523273
0.523211
0.523072
0.523004
0.522903
0.522840
0.522795
0.522738
0.522658
0.522535
0.522433
0.522319
0.522244
0.522125
0.522026
0.521921
0.521842
0.521737
0.521711
0.521656
0.521527
0.521470
0.521374
0.521287
0.521158
0.521120
0.521023
0.520894
0.520829
0.520795
0.520677
0.520629
0.520580
0.520474
0.520408
0.520357
0.520313
0.520205
0.520216
0.520146
0.520120
0.520112
0.520064
0.520080
0.520065
0.520076
0.520026
0.520012
0.519986
0.519981
0.519940
0.519952
0.519906
0.519903
0.519848
0.519867
0.519883
0.519834
0.519822
0.519765
0.519761
0.519736
0.519720
0.519707
0.519725
0.519730
0.519781
0.519754
0.519805
0.519852
0.519897
0.519920
0.519940
0.519967
0.519959
0.520063
0.520036
0.520103
0.520139
0.520171
0.520148
0.520247
0.520254
0.520275
0.520330
0.520358
0.520363
0.520361
0.520451
0.520458
0.520438
0.520476
0.520517
0.520489
0.520533
0.520557
0.520579
0.520593
0.520589
0.520638
0.520661
0.520743
0.520714
0.520750
0.520771
0.520806
0.520838
0.520871
0.520900
0.520904
0.520902
0.520887
0.520939
0.520940
0.520953
0.520962
0.520993
0.521012
0.521009
0.521078
0.521042
0.521082
0.521058
0.521030
0.521015
0.521056
0.521053
0.521029
0.521043
0.521072
0.521045
0.521049
0.521081
0.521031
0.521003
0.521002
0.521030
0.520972
0.521015
0.520975
0.520967
0.520973
0.520929
0.520934
0.520950
0.520980
0.520953
0.520970
0.520956
0.520979
0.520962
0.520969
0.520953
0.520973
0.520934
0.520952
0.520949
0.520887
0.520900
0.520876
0.520888
0.520867
0.520825
0.520812
0.520813
0.520785
0.520808
0.520750
0.520757
0.520765
0.520737
0.520720
0.520686
0.520669
0.520584
0.520611
0.520518
0.520509
0.520458
0.520408
0.520320
0.520350
0.520265
0.520215
0.520190
0.520158
0.520108
0.520033
0.520059
0.519998
0.519915
0.519888
0.519871
0.519776
0.519767
0.519749
0.519707
0.519674
0.519604
0.519609
0.519596
0.519617
0.519543
0.519554
0.519539
0.519545
0.519552
0.519550
0.519533
0.519505
0.519519
0.519474
0.519501
0.519505
0.519530
0.519513
0.519521
0.519516
0.519519
0.519558
0.519492
0.519526
0.519519
0.519506
0.519495
0.519565
0.519578
0.519547
0.519564
0.519586
0.519594
0.519609
0.519689
0.519660
0.519659
0.519677
0.519724
0.519679
0.519744
0.519708
0.519720
0.519741
0.519758
0.519788
0.519819
0.519850
0.519848
0.519876
0.519877
0.519901
0.519912
0.519918
0.519891
0.519925
0.519906
0.519947
0.519965
0.519935
0.519982
0.519973
0.520034
0.520049
0.520045
0.520049
0.520069
0.520064
0.520083
0.520022
0.520029
0.520031
0.520033
0.520044
0.520029
0.520003
0.519968
0.520025
0.519972
0.520016
0.519998
0.519988
0.519943
0.519986
0.519985
0.519996
0.520001
0.520001
0.519993
0.519964
0.520011
0.520012
0.519985
0.519995
0.520015
0.519972
0.520022
0.520034
0.520022
0.520007
0.519967
0.519973
0.519960
0.520000
0.519942
0.519931
0.519899
0.519881
0.519874
0.519859
0.519832
0.519794
0.519763
0.519697
0.519715
0.519671
0.519660
0.519594
0.519555
0.519532
0.519518
0.519546
0.519444
0.519460
0.519415
0.519343
0.519288
0.519298
0.519253
0.519163
0.519132
0.519109
0.519089
0.519037
0.519073
0.519006
0.518969
0.518951
0.518978
0.518912
0.518938
0.518882
0.518863
0.518843
0.518817
0.518821
0.518819
0.518821
0.518782
0.518780
0.518761
0.518762
0.518748
0.518739
0.518729
0.518752
0.518745
0.518777
0.518792
0.518764
0.518802
0.518812
0.518851
0.518881
0.518891
0.518915
0.518947
0.518962
0.518996
0.518963
0.518997
0.519023
0.519062
0.519083
0.519082
0.519089
0.519069
0.519121
0.519073
0.519108
0.519107
0.519087
0.519049
0.519123
0.519099
0.519126
0.519140
0.519133
0.519092
0.519055
0.519089
0.519065
0.519016
0.519020
0.519015
0.518954
0.518958
0.518956
0.518936
0.518898
0.518851
0.518869
0.518868
0.518919
0.518865
0.518874
0.518863
0.518858
0.518886
0.518864
0.518864
0.518865
0.518875
0.518840
0.518852
0.518835
0.518838
0.518771
0.518746
0.518723
0.518690
0.518693
0.518591
0.518606
0.518577
0.518523
0.518477
0.518504
0.518495
0.518412
0.518392
0.518382
0.518384
0.518360
0.518384
0.518323
0.518289
0.518265
0.518289
0.518216
0.518241
0.518186
0.518188
0.518191
0.518180
0.518210
0.518199
0.518215
0.518184
0.518191
0.518178
0.518201
0.518216
0.518207
0.518191
0.518198
0.518207
0.518225
0.518238
0.518202
0.518224
0.518227
0.518238
0.518264
0.518290
0.518339
0.518395
0.518429
0.518515
0.518532
0.518603
0.518664
0.518742
0.518800
0.518865
0.518956
0.519005
0.519125
0.519166
0.519297
0.519383
0.519452
0.519499
0.519658
0.519720
0.519823
0.519914
0.520004
0.520051
0.520124
0.520240
0.520308
0.520352
0.520432
0.520545
0.520581
0.520673
0.520759
0.520856
0.520925
0.520966
0.521079
0.521149
0.521240
0.521291
0.521399
0.521481
0.521554
0.521666
0.521773
0.521840
0.521912
0.522016
0.522062
0.522136
0.522187
0.522291
0.522319
0.522377
0.522462
0.522533
0.522619
0.522614
0.522721
0.522773
0.522797
0.522860
0.522954
0.523036
0.523064
0.523154
0.523253
0.523342
0.523410
0.523533
0.523580
0.523647
0.523726
0.523867
0.523918
0.524029
0.524082
0.524200
0.524314
0.524389
0.524516
0.524631
0.524760
0.524844
0.524985
0.525076
0.525202
0.525306
0.525467
0.525558
0.525688
0.525796
0.525980
0.526104
0.526188
0.526377
0.526480
0.526611
0.526719
0.526873
0.526989
0.527139
0.527253
0.527446
0.527528
0.527687
0.527837
0.528016
0.528150
0.528302
0.528468
0.528581
0.528761
0.528871
0.529063
0.529217
0.529344
0.529461
0.529688
0.529800
0.529973
0.530150
0.530336
0.530490
0.530657
0.530851
0.531014
0.531158
0.531332
0.531545
0.531682
0.531871
0.532047
0.532244
0.532401
0.532544
0.532748
0.532911
0.533101
0.533230
0.533402
0.533554
0.533685
0.533857
0.533991
0.534116
0.534236
0.534373
0.534472
0.534595
0.534713
0.534859
0.534954
0.535071
0.535229
0.535349
0.535504
0.535579
0.535744
0.535849
0.535945
0.536053
0.536194
0.536321
0.536399
0.536534
0.536663
0.536791
0.536919
0.537045
0.537141
0.537232
0.537352
0.537485
0.537563
0.537689
0.537767
0.537898
0.538020
0.538108
0.538242
0.538348
0.538472
0.538559
0.538672
0.538773
0.538917
0.539024
0.539157
0.539240
0.539369
0.539469
0.539616
0.539752
0.539833
0.539956
0.540047
0.540146
0.540237
0.540346
0.540428
0.540550
0.540630
0.540758
0.540815
0.540922
0.541014
0.541129
0.541203
0.541286
0.541373
0.541414
0.541501
0.541523
0.541587
0.541660
0.541718
0.541756
0.541883
0.541921
0.542001
0.542083
0.542174
0.542245
0.542304
0.542383
0.542432
0.542493
0.542566
0.542665
0.542723
0.542815
0.542874
0.542955
0.543007
0.543063
0.543146
0.543214
0.543297
0.543355
0.543428
0.543494
0.543547
0.543652
0.543695
0.543743
0.543799
0.543885
0.543935
0.543999
0.544060
0.544143
0.544192
0.544265
0.544365
0.544442
0.544548
0.544583
0.544688
0.544760
0.544814
0.544873
0.544952
0.545056
0.545071
0.545137
0.545210
0.545289
0.545435
0.545486
0.545522
0.545601
0.545727
0.545805
0.545828
0.545929
0.546015
0.546070
0.546146
0.546260
0.546338
0.546383
0.546466
0.546583
0.546614
0.546672
0.546802
0.546860
0.546926
0.546975
0.547085
0.547149
0.547221
0.547366
0.547404
0.547490
0.547536
0.547635
0.547705
0.547773
0.547814
0.547936
0.547987
0.548061
0.548109
0.548174
0.548203
0.548277
0.548377
0.548412
0.548454
0.548536
0.548614
0.548646
0.548673
0.548802
0.548870
0.548910
0.549050
0.549095
0.549156
0.549202
0.549307
0.549366
0.549386
0.549411
0.549469
0.549514
0.549567
0.549631
0.549646
0.549685
0.549691
0.549798
0.549826
0.549828
0.549904
0.549907
0.549966
0.549961
0.550012
0.550015
0.550026
0.550125
0.550080
0.550109
0.550120
0.550179
0.550186
0.550238
0.550247
0.550326
0.550321
0.550358
0.550468
0.550470
0.550536
0.550523
0.550593
0.550636
0.550670
0.550713
0.550719
0.550753
0.550732
0.550799
0.550793
0.550799
0.550900
0.550874
0.550874
0.550911
0.550985
0.550996
0.550975
0.551021
0.551055
0.551056
0.551068
0.551127
0.551166
0.551147
0.551190
0.551253
0.551244
0.551268
0.551336
0.551371
0.551380
0.551406
0.551458
0.551460
0.551459
0.551529
0.551533
0.551553
0.551549
0.551585
0.551595
0.551586
0.551594
0.551617
0.551618
0.551594
0.551582
0.551616
0.551552
0.551547
0.551597
0.551581
0.551583
0.551600
0.551634
0.551618
0.551601
0.551656
0.551658
0.551624
0.551690
0.551674
0.551679
0.551643
0.551681
0.551682
0.551656
0.551622
0.551632
0.551610
0.551631
0.551625
0.551582
0.551594
0.551534
0.551597
0.551560
0.551494
0.551543
0.551509
0.551550
0.551495
0.551512
0.551493
0.551473
0.551546
0.551462
0.551442
0.551429
0.551448
0.551415
0.551449
0.551424
0.551492
0.551450
0.551460
0.551551
0.551519
0.551582
0.551533
0.551566
0.551606
0.551615
0.551658
0.551650
0.551669
0.551670
0.551719
0.551714
0.551734
0.551827
0.551808
0.551789
0.551805
0.551838
0.551822
0.551794
0.551824
0.551813
0.551814
0.551823
0.551854
0.551864
0.551819
0.551872
0.551878
0.551858
0.551863
0.551881
0.551891
0.551886
0.551880
0.551923
0.551897
0.551906
0.551975
0.551944
0.551947
0.551922
0.551956
0.551946
0.551908
0.551903
0.551901
0.551895
0.551880
0.551843
0.551883
0.551832
0.551834
0.551852
0.551818
0.551798
0.551763
0.551758
0.551701
0.551654
0.551631
0.551601
0.551534
0.551552
0.551495
0.551476
0.551438
0.551450
0.551427
0.551378
0.551345
0.551324
0.551290
0.551304
0.551282
0.551209
0.551210
0.551160
0.551201
0.551168
0.551096
0.551130
0.551058
0.551078
0.550996
0.550994
0.550950
0.550910
0.550955
0.550848
0.550804
0.550761
0.550771
0.550706
0.550728
0.550669
0.550702
0.550614
0.550591
0.550626
0.550572
0.550595
0.550481
0.550443
0.550429
0.550362
0.550318
0.550258
0.550201
0.550136
0.550116
0.550043
0.549995
0.550004
0.549940
0.549847
0.549800
0.549764
0.549700
0.549600
0.549565
0.549494
0.549426
0.549367
0.549361
0.549327
0.549249
0.549258
0.549216
0.549152
0.549112
0.549089
0.549051
0.548993
0.548953
0.548950
0.548912
0.548891
0.548931
0.548875
0.548850
0.548812
0.548816
0.548789
0.548742
0.548723
0.548726
0.548708
0.548669
0.548618
0.548622
0.548545
0.548524
0.548531
0.548497
0.548455
0.548412
0.548421
0.548362
0.548322
0.548322
0.548302
0.548247
0.548276
0.548234
0.548202
0.548135
0.548141
0.548112
0.548055
0.548001
0.547982
0.547923
0.547921
0.547885
0.547804
0.547796
0.547714
0.547735
0.547687
0.547590
0.547598
0.547516
0.547518
0.547421
0.547392
0.547319
0.547272
0.547291
0.547167
0.547116
0.547047
0.547009
0.546924
0.546926
0.546836
0.546843
0.546739
0.546695
0.546713
0.546615
0.546613
0.546470
0.546418
0.546390
0.546309
0.546265
0.546186
0.546156
0.546088
0.546084
0.546017
0.545976
0.545999
0.545911
0.545856
0.545805
0.545779
0.545726
0.545652
0.545636
0.545581
0.545506
0.545484
0.545483
0.545470
0.545381
0.545372
0.545373
0.545286
0.545250
0.545243
0.545221
0.545135
0.545080
0.545056
0.545027
0.544948
0.544987
0.544920
0.544840
0.544808
0.544767
0.544723
0.544624
0.544600
0.544592
0.544560
0.544498
0.544472
0.544474
0.544374
0.544357
0.544372
0.544340
0.544261
0.544222
0.544221
0.544163
0.544074
0.544050
0.543980
0.543922
0.543895
0.543813
0.543775
0.543691
0.543710
0.543666
0.543595
0.543527
0.543526
0.543468
0.543470
0.543405
0.543328
0.543343
0.543268
0.543304
0.543253
0.543200
0.543201
0.543127
0.543151
0.543102
0.543056
0.543013
0.542988
0.542997
0.542897
0.542854
0.542801
0.542759
0.542711
0.542708
0.542630
0.542648
0.542589
0.542570
0.542588
0.542526
0.542546
0.542491
0.542465
0.542466
0.542420
0.542429
0.542369
0.542368
0.542281
0.542314
0.542253
0.542235
0.542277
0.542185
0.542155
0.542130
0.542101
0.542055
0.542002
0.542005
0.541939
0.541870
0.541871
0.541850
0.541841
0.541780
0.541799
0.541828
0.541733
0.541719
0.541701
0.541684
0.541651
0.541600
0.541569
0.541567
0.541520
0.541540
0.541498
0.541458
0.541460
0.541425
0.541399
0.541360
0.541341
0.541326
0.541317
0.541303
0.541266
0.541288
0.541250
0.541274
0.541294
0.541303
0.541249
0.541231
0.541278
0.541288
0.541249
0.541277
0.541270
0.541292
0.541317
0.541323
0.541348
0.541335
0.541390
0.541417
0.541385
0.541383
0.541396
0.541379
0.541441
0.541401
0.541385
0.541447
0.541429
0.541495
0.541481
0.541472
0.541508
0.541488
0.541566
0.541555
0.541543
0.541567
0.541594
0.541619
0.541616
0.541649
0.541671
0.541664
0.541665
0.541722
0.541695
0.541736
0.541719
0.541739
0.541781
0.541737
0.541779
0.541760
0.541746
0.541791
0.541774
0.541778
0.541782
0.541821
0.541782
0.541834
0.541809
0.541836
0.541888
0.541871
0.541905
0.541930
0.541971
0.541976
0.541970
0.542042
0.542037
0.541996
0.542059
0.542068
0.542107
0.542074
0.542102
0.542159
0.542077
0.542080
0.542100
0.542120
0.542110
0.542082
0.542076
0.542114
0.542103
0.542112
0.542118
0.542131
0.542169
0.542174
0.542165
0.542158
0.542177
0.542190
0.542203
0.542175
0.542144
0.542148
0.542102
0.542110
0.542110
0.542126
0.542060
0.542021
0.542040
0.542031
0.541973
0.541987
0.541976
0.541986
0.541988
0.541986
0.542004
0.541972
0.542031
0.542051
0.542023
0.542034
0.542068
0.542049
0.542114
0.542110
0.542110
0.542172
0.542165
0.542237
0.542253
0.542259
0.542317
0.542286
0.542345
0.542365
0.542329
0.542370
0.542396
0.542458
0.542422
0.542455
0.542487
0.542463
0.542502
0.542559
0.542545
0.542580
0.542589
0.542642
0.542688
0.542662
0.542714
0.542734
0.542749
0.542801
0.542814
0.542862
0.542885
0.542942
0.542922
0.543018
0.543004
0.543041
0.543102
0.543089
0.543158
0.543182
0.543235
0.543242
0.543243
0.543306
0.543298
0.543248
0.543324
0.543309
0.543356
0.543300
0.543296
0.543349
0.543270
0.543268
0.543285
0.543288
0.543265
0.543240
0.543201
0.543221
0.543181
0.543169
0.543138
0.543089
0.543113
0.543071
0.543047
0.543008
0.543008
0.543020
0.543000
0.542973
0.542956
0.542941
0.542870
0.542888
0.542877
0.542925
0.542854
0.542810
0.542857
0.542844
0.542793
0.542797
0.542776
0.542792
0.542761
0.542728
0.542732
0.542670
0.542718
0.542703
0.542651
0.542643
0.542638
0.542609
0.542645
0.542592
0.542574
0.542608
0.542549
0.542600
0.542596
0.542588
0.542579
0.542545
0.542601
0.542610
0.542560
0.542596
0.542609
0.542636
0.542579
0.542593
0.542622
0.542562
0.542583
0.542605
0.542563
0.542547
0.542533
0.542545
0.542555
0.542485
0.542493
0.542493
0.542459
0.542474
0.542466
0.542473
0.542483
0.542505
0.542430
0.542484
0.542437
0.542441
0.542460
0.542410
0.542427
0.542424
0.542446
0.542426
0.542385
0.542421
0.542394
0.542314
0.542357
0.542317
0.542344
0.542298
0.542270
0.542298
0.542185
0.542158
0.542157
0.542129
0.542111
0.542060
0.542002
0.542028
0.541962
0.541966
0.541925
0.541853
0.541863
0.541784
0.541732
0.541647
0.541594
0.541592
0.541557
0.541465
0.541421
0.541392
0.541297
0.541308
0.541289
0.541300
0.541169
0.541117
0.541128
0.541095
0.540989
0.540988
0.540956
0.540953
0.540915
0.540882
0.540886
0.540814
0.540868
0.540864
0.540789
0.540764
0.540773
0.540743
0.540791
0.540732
0.540700
0.540742
0.540683
0.540731
0.540710
0.540706
0.540711
0.540657
0.540715
0.540700
0.540662
0.540704
0.540724
0.540760
0.540695
0.540717
0.540771
0.540742
0.540773
0.540808
0.540753
0.540791
0.540802
0.540842
0.540890
0.540862
0.540927
0.540916
0.540932
0.540984
0.540984
0.541031
0.541058
0.541125
0.541047
0.541154
0.541144
0.541215
0.541286
0.541264
0.541299
0.541327
0.541416
0.541447
0.541465
0.541579
0.541621
0.541541
0.541666
0.541701
0.541793
0.541816
0.541865
0.541998
0.541911
0.541975
0.542097
0.542163
0.542224
0.542247
0.542234
0.542346
0.542384
0.542455
0.542488
0.542537
0.542642
0.542643
0.542708
0.542769
0.542841
0.542976
0.543078
0.543147
0.543182
0.543258
0.543292
0.543411
0.543489
0.543601
0.543574
0.543637
0.543769
0.543849
0.543862
0.543978
0.544031
0.544118
0.544181
0.544240
0.544344
0.544379
0.544534
0.544617
0.544645
0.544729
0.544838
0.544890
0.545012
0.545077
0.545117
0.545221
0.545241
0.545347
0.545418
0.545485
0.545609
0.545644
0.545771
0.545867
0.545927
0.546051
0.546153
0.546288
0.546319
0.546424
0.546554
0.546636
0.546768
0.546876
0.546923
0.547076
0.547169
0.547313
0.547416
0.547492
0.547631
0.547686
0.547810
0.547909
0.547969
0.548096
0.548180
0.548335
0.548332
0.548498
0.548568
0.548682
0.548827
0.548869
0.548990
0.549075
0.549192
0.549279
0.549341
0.549473
0.549540
0.549542
0.549680
0.549749
0.549872
0.549933
0.550014
0.550169
0.550162
0.550239
0.550356
0.550430
0.550504
0.550530
0.550555
0.550662
0.550723
0.550824
0.550840
0.550900
0.551006
0.551031
0.551095
0.551145
0.551209
0.551325
0.551407
0.551487
0.551522
0.551580
0.551642
0.551754
0.551854
0.551961
0.551966
0.552026
0.552160
0.552240
0.552260
0.552340
0.552352
0.552411
0.552467
0.552494
0.552559
0.552578
0.552714
0.552756
0.552756
0.552802
0.552895
0.552942
0.553016
0.553089
0.553077
0.553211
0.553269
0.553364
0.553442
0.553529
0.553649
0.553639
0.553741
0.553849
0.553878
0.554002
0.554092
0.554248
0.554267
0.554351
0.554476
0.554518
0.554649
0.554741
0.554740
0.554868
0.554983
0.555121
0.555216
0.555308
0.555471
0.555502
0.555635
0.555733
0.555844
0.556004
0.556082
0.556241
0.556217
0.556365
0.556409
0.556498
0.556617
0.556652
0.556753
0.556803
0.556902
0.556956
0.557037
0.557147
0.557204
0.557213
0.557317
0.557402
0.557495
0.557564
0.557633
0.557769
0.557773
0.557854
0.557982
0.558091
0.558178
0.558247
0.558279
0.558425
0.558481
0.558644
0.558682
0.558748
0.558899
0.558912
0.558997
0.559039
0.559109
0.559235
0.559312
0.559387
0.559433
0.559500
0.559561
0.559642
0.559753
0.559815
0.559819
0.559848
0.559874
0.559949
0.559940
0.560021
0.559998
0.560091
0.560137
0.560128
0.560199
0.560182
0.560311
0.560274
0.560301
0.560292
0.560353
0.560406
0.560412
0.560472
0.560396
0.560533
0.560550
0.560578
0.560629
0.560685
0.560761
0.560701
0.560764
0.560829
0.560825
0.560891
0.560938
0.561063
0.561049
0.561099
0.561158
0.561167
0.561265
0.561336
0.561304
0.561420
0.561486
0.561566
0.561616
0.561650
0.561767
0.561768
0.561883
0.561943
0.562036
0.562150
0.562216
0.562360
0.562332
0.562537
0.562577
0.562722
0.562807
0.562808
0.562943
0.562946
0.563047
0.563077
0.563159
0.563233
0.563264
0.563271
0.563329
0.563408
0.563456
0.563493
0.563537
0.563629
0.563653
0.563650
0.563757
0.563785
0.563767
0.563791
0.563789
0.563886
0.563867
0.563956
0.563937
0.563925
0.564000
0.563989
0.564026
0.563982
0.563973
0.564074
0.564050
0.564088
0.564108
0.564126
0.564096
0.564089
0.564149
0.564119
0.564114
0.564095
0.564087
0.564135
0.564116
0.564211
0.564130
0.564221
0.564212
0.564196
0.564283
0.564231
0.564373
0.564321
0.564377
0.564351
0.564394
0.564473
0.564482
0.564558
0.564503
0.564580
0.564584
0.564586
0.564643
0.564662
0.564747
0.564675
0.564708
0.564792
0.564751
0.564810
0.564816
0.564897
0.564888
0.564893
0.564950
0.564910
0.564966
0.565012
0.564940
0.565053
0.565080
0.565144
0.565164
0.565189
0.565255
0.565186
0.565257
0.565274
0.565322
0.565361
0.565342
0.565425
0.565327
0.565457
0.565420
0.565533
0.565558
0.565546
0.565618
0.565591
0.565696
0.565703
0.565789
0.565850
0.565896
0.565887
0.565929
0.566037
0.566094
0.566143
0.566206
0.566331
0.566348
0.566401
0.566552
0.566633
0.566666
0.566752
0.566781
0.566918
0.566973
0.567100
0.567145
0.567203
0.567317
0.567329
0.567409
0.567454
0.567513
0.567648
0.567702
0.567796
0.567856
0.567926
0.567996
0.568035
0.568114
0.568151
0.568161
0.568202
0.568256
0.568332
0.568375
0.568482
0.568445
0.568562
0.568576
0.568599
0.568691
0.568647
0.568775
0.568737
0.568786
0.568783
0.568799
0.568833
0.568827
0.568854
0.568817
0.568895
0.568868
0.568866
0.568894
0.568912
0.568959
0.568905
0.568922
0.568971
0.568930
0.568957
0.568963
0.568969
0.569007
0.569007
0.569032
0.568991
0.569024
0.569044
0.568997
0.569055
0.569060
0.569089
0.569070
0.569066
0.569137
0.569120
0.569156
0.569168
0.569173
0.569177
0.569168
0.569216
0.569151
0.569230
0.569189
0.569251
0.569242
0.569243
0.569320
0.569280
0.569334
0.569304
0.569316
0.569303
0.569282
0.569238
0.569209
0.569231
0.569221
0.569194
0.569182
0.569174
0.569154
0.569089
0.569113
0.569091
0.569010
0.569007
0.568980
0.569031
0.568989
0.569037
0.569023
0.569004
0.569062
0.569050
0.569074
0.569023
0.569016
0.569086
0.569083
0.569127
0.569141
0.569166
0.569138
0.569157
0.569212
0.569210
0.569198
0.569211
0.569239
0.569298
0.569286
0.569379
0.569350
0.569413
0.569416
0.569391
0.569461
0.569451
0.569554
0.569519
0.569545
0.569548
0.569566
0.569636
0.569661
0.569730
0.569693
0.569749
0.569788
0.569776
0.569829
0.569864
0.569935
0.569912
0.569972
0.570049
0.570051
0.570127
0.570212
0.570300
0.570309
0.570399
0.570488
0.570517
0.570640
0.570715
0.570724
0.570849
0.570929
0.571050
0.571050
0.571151
0.571236
0.571235
0.571355
0.571407
0.571493
0.571529
0.571598
0.571733
0.571710
0.571829
0.571882
0.571981
0.572021
0.572056
0.572151
0.572193
0.572297
0.572358
0.572432
0.572483
0.572550
0.572599
0.572638
0.572746
0.572812
0.572825
0.572928
0.573003
0.573053
0.573087
0.573189
0.573230
0.573235
0.573300
0.573329
0.573431
0.573453
0.573564
0.573574
0.573605
0.573714
0.573750
0.573835
0.573829
0.573864
0.573968
0.574001
0.574115
0.574133
0.574233
0.574241
0.574317
0.574417
0.574424
0.574458
0.574536
0.574583
0.574700
0.574731
0.574853
0.574895
0.574981
0.575043
0.575047
0.575133
0.575188
0.575301
0.575318
0.575352
0.575419
0.575441
0.575513
0.575552
0.575604
0.575578
0.575618
0.575646
0.575637
0.575678
0.575744
0.575794
0.575757
0.575802
0.575864
0.575848
0.575898
0.575949
0.576012
0.575931
0.575967
0.576009
0.575991
0.576062
0.576073
0.576041
0.576079
0.576107
0.576179
0.576105
0.576159
0.576182
0.576133
0.576187
0.576168
0.576223
0.576206
0.576216
0.576297
0.576212
0.576259
0.576259
0.576320
0.576335
0.576249
0.576293
0.576275
0.576322
0.576348
0.576360
0.576349
0.576379
0.576399
0.576385
0.576418
0.576447
0.576406
0.576487
0.576515
0.576520
0.576529
0.576614
0.576647
0.576626
0.576665
0.576693
0.576803
0.576811
0.576901
0.576867
0.576877
0.576962
0.576986
0.577062
0.577000
0.577011
0.577104
0.577117
0.577184
0.577159
0.577258
0.577232
0.577282
0.577350
0.577324
0.577348
0.577402
0.577442
0.577496
0.577486
0.577559
0.577565
0.577605
0.577637
0.577553
0.577608
0.577607
0.577641
0.577624
0.577651
0.577647
0.577621
0.577630
0.577580
0.577563
0.577498
0.577473
0.577459
0.577402
0.577447
0.577454
0.577456
0.577418
0.577416
0.577475
0.577458
0.577477
0.577470
0.577510
0.577412
0.577408
0.577419
0.577393
0.577431
0.577413
0.577387
0.577401
0.577407
0.577476
0.577406
0.577413
0.577446
0.577386
0.577424
0.577399
0.577421
0.577403
0.577423
0.577507
0.577430
0.577465
0.577466
0.577523
0.577575
0.577514
0.577517
0.577522
0.577584
0.577598
0.577626
0.577677
0.577703
0.577685
0.577721
0.577764
0.577774
0.577793
0.577882
0.577891
0.577875
0.577904
0.577990
0.578005
0.577991
0.578023
0.577986
0.578073
0.578073
0.578128
0.578089
0.578104
0.578171
0.578140
0.578206
0.578200
0.578216
0.578313
0.578363
0.578422
0.578374
0.578465
0.578487
0.578513
0.578565
0.578566
0.578523
0.578555
0.578601
0.578649
0.578628
0.578687
0.578712
0.578713
0.578752
0.578730
0.578756
0.578743
0.578761
0.578741
0.578716
0.578712
0.578691
0.578673
0.578649
0.578651
0.578579
0.578591
0.578549
0.578507
0.578492
0.578465
0.578442
0.578395
0.578356
0.578344
0.578289
0.578269
0.578232
0.578273
0.578124
0.578088
0.578068
0.578013
0.578023
0.577963
0.577923
0.577900
0.577856
0.577879
0.577775
0.577726
0.577750
0.577647
0.577650
0.577582
0.577549
0.577532
0.577554
0.577605
0.577498
0.577512
0.577494
0.577521
0.577587
0.577528
0.577508
0.577525
0.577564
0.577575
0.577560
0.577624
0.577653
0.577615
0.577644
0.577655
0.577680
0.577751
0.577857
0.577890
0.577853
0.577890
0.577973
0.578003
0.578014
0.578029
0.578007
0.578090
0.578138
0.578257
0.578208
0.578242
0.578309
0.578280
0.578352
0.578320
0.578377
0.578460
0.578492
0.578541
0.578449
0.578531
0.578609
0.578621
0.578676
0.578650
0.578627
0.578655
0.578766
0.578801
0.578771
0.578821
0.578866
0.578863
0.578954
0.578915
0.578961
0.578982
0.579023
0.578969
0.578897
0.578954
0.578905
0.578863
0.578804
0.578743
0.578645
0.578726
0.578656
0.578589
0.578545
0.578494
0.578449
0.578469
0.578422
0.578380
0.578344
0.578325
0.578300
0.578409
0.578295
0.578276
0.578267
0.578237
0.578262
0.578186
0.578229
0.578222
0.578208
0.578266
0.578169
0.578153
0.578271
0.578208
0.578215
0.578142
0.578125
0.578092
0.578156
0.578184
0.578066
0.578044
0.578004
0.577976
0.578016
0.577937
0.577852
0.577806
0.577767
0.577712
0.577617
0.577628
0.577569
0.577493
0.577423
0.577364
0.577323
0.577351
0.577368
0.577307
0.577216
0.577163
0.577166
0.577147
0.577082
0.577012
0.576911
0.576871
0.576792
0.576770
0.576648
0.576550
0.576482
0.576339
0.576239
0.576110
0.576029
0.575961
0.575841
0.575739
0.575576
0.575516
0.575480
0.575356
0.575247
0.575122
0.575002
0.574890
0.574865
0.574762
0.574660
0.574577
0.574499
0.574385
0.574362
0.574270
0.574180
0.574080
0.573996
0.573878
0.573805
0.573776
0.573653
0.573540
0.573401
0.573328
0.573166
0.573155
0.573015
0.572880
0.572798
0.572677
0.572565
0.572490
0.572373
0.572301
0.572182
0.572075
0.571925
0.571908
0.571751
0.571598
0.571459
0.571305
0.571211
0.571072
0.571021
0.570903
0.570776
0.570722
0.570552
0.570416
0.570445
0.570280
0.570224
0.570090
0.569988
0.569876
0.569868
0.569841
0.569686
0.569601
0.569502
0.569411
0.569410
0.569307
0.569188
0.569109
0.569016
0.568954
0.568853
0.568851
0.568771
0.568641
0.568568
0.568482
0.568398
0.568405
0.568372
0.568300
0.568196
0.568134
0.568106
0.568071
0.567974
0.567912
0.567804
0.567775
0.567715
0.567682
0.567605
0.567552
0.567498
0.567403
0.567344
0.567240
0.567204
0.567178
0.567109
0.567073
0.566982
0.566959
0.566928
0.566876
0.566833
0.566791
0.566648
0.566624
0.566659
0.566601
0.566515
0.566477
0.566450
0.566400
0.566375
0.566363
0.566309
0.566272
0.566271
0.566202
0.566187
0.566190
0.566167
0.566089
0.566030
0.566015
0.565939
0.565960
0.565857
0.565813
0.565818
0.565758
0.565728
0.565743
0.565719
0.565688
0.565660
0.565624
0.565605
0.565580
0.565495
0.565466
0.565423
0.565379
0.565307
0.565252
0.565234
0.565186
0.565097
0.565085
0.564996
0.564913
0.564898
0.564811
0.564772
0.564697
0.564568
0.564505
0.564464
0.564439
0.564294
0.564241
0.564154
0.564078
0.563999
0.563940
0.563848
0.563801
0.563725
0.563627
0.563527
0.563502
0.563435
0.563251
0.563184
0.563116
0.563048
0.562943
0.562871
0.562815
0.562717
0.562630
0.562571
0.562478
0.562356
0.562272
0.562169
0.562112
0.562039
0.561929
0.561841
0.561782
0.561717
0.561630
0.561540
0.561439
0.561337
0.561294
0.561211
0.561143
0.561067
0.561020
0.560910
0.560871
0.560806
0.560770
0.560583
0.560539
0.560526
0.560460
0.560364
0.560299
0.560266
0.560192
0.560100
0.560077
0.560014
0.559957
0.559932
0.559831
0.559798
0.559780
0.559745
0.559639
0.559559
0.559538
0.559459
0.559419
0.559317
0.559234
0.559203
0.559104
0.559044
0.559012
0.558959
0.558909
0.558846
0.558795
0.558770
0.558726
0.558657
0.558649
0.558621
0.558576
0.558536
0.558529
0.558517
0.558496
0.558434
0.558473
0.558410
0.558373
0.558391
0.558350
0.558372
0.558367
0.558287
0.558302
0.558325
0.558361
0.558268
0.558284
0.558270
0.558246
0.558260
0.558257
0.558234
0.558260
0.558251
0.558234
0.558202
0.558242
0.558236
0.558100
0.558101
0.558103
0.558105
0.558081
0.558095
0.558117
0.558111
0.558117
0.558171
0.558159
0.558138
0.558140
0.558115
0.558152
0.558168
0.558194
0.558150
0.558181
0.558209
0.558206
0.558215
0.558218
0.558203
0.558251
0.558270
0.558280
0.558276
0.558306
0.558316
0.558326
0.558331
0.558337
0.558226
0.558247
0.558274
0.558265
0.558238
0.558237
0.558226
0.558210
0.558216
0.558221
0.558176
0.558146
0.558148
0.558086
0.558080
0.558065
0.558037
0.557955
0.557899
0.557898
0.557785
0.557792
0.557716
0.557652
0.557618
0.557567
0.557530
0.557488
0.557450
0.557424
0.557335
0.557298
0.557258
0.557269
0.557136
0.557102
0.557071
0.556982
0.556944
0.556903
0.556845
0.556803
0.556757
0.556759
0.556654
0.556597
0.556616
0.556508
0.556513
0.556469
0.556376
0.556350
0.556321
0.556336
0.556240
0.556200
0.556136
0.556068
0.556056
0.556000
0.555933
0.555881
0.555864
0.555867
0.555791
0.555783
0.555774
0.555659
0.555624
0.555599
0.555545
0.555513
0.555496
0.555485
0.555422
0.555404
0.555408
0.555378
0.555323
0.555307
0.555264
0.555281
0.555269
0.555306
0.555229
0.555224
0.555228
0.555203
0.555191
0.555148
0.555114
0.555134
0.555117
0.555103
0.555066
0.555048
0.555016
0.554967
0.554927
0.554885
0.554751
0.554726
0.554727
0.554675
0.554633
0.554612
0.554555
0.554493
0.554467
0.554412
0.554343
0.554313
0.554289
0.554217
0.554208
0.554195
0.554155
0.554070
0.554001
0.554016
0.553887
0.553897
0.553854
0.553729
0.553702
0.553679
0.553650
0.553555
0.553540
0.553542
0.553418
0.553414
0.553426
0.553398
0.553304
0.553313
0.553295
0.553169
0.553192
0.553192
0.553108
0.553106
0.553116
0.553178
0.553021
0.553029
0.553085
0.552936
0.552997
0.552966
0.552924
0.552845
0.552877
0.552947
0.552812
0.552840
0.552856
0.552841
0.552825
0.552817
0.552815
0.552743
0.552781
0.552889
0.552884
0.552876
0.552944
0.552906
0.552866
0.552900
0.552920
0.552894
0.552933
0.553018
0.553043
0.553011
0.553080
0.553095
0.553072
0.553143
0.553151
0.553240
0.553213
0.553334
0.553327
0.553313
0.553397
0.553416
0.553496
0.553487
0.553513
0.553619
0.553613
0.553715
0.553778
0.553865
0.553864
0.553916
0.554001
0.553999
0.553979
0.554068
0.554081
0.554144
0.554209
0.554270
0.554249
0.554271
0.554348
0.554325
0.554322
0.554398
0.554450
0.554396
0.554439
0.554525
0.554491
0.554499
0.554512
0.554624
0.554508
0.554594
0.554651
0.554585
0.554617
0.554697
0.554753
0.554701
0.554727
0.554812
0.554729
0.554774
0.554850
0.554824
0.554756
0.554822
0.554845
0.554743
0.554801
0.554822
0.554738
0.554771
0.554829
0.554924
0.554763
0.554833
0.554933
0.554792
0.554892
0.554895
0.554893
0.554874
0.554925
0.555026
0.554889
0.554918
0.554965
0.554943
0.554914
0.554946
0.554946
0.554877
0.554934
0.555038
0.555034
0.555006
0.555061
0.555030
0.554986
0.555037
0.555030
0.554977
0.555045
0.555146
0.555137
0.555110
0.555179
0.555173
0.555115
0.555165
0.555161
0.555235
0.555186
0.555282
0.555257
0.555204
0.555259
0.555273
0.555307
0.555277
0.555268
0.555353
0.555338
0.555386
0.555431
0.555511
0.555451
0.555467
0.555514
0.555501
0.555466
0.555514
0.555488
0.555528
0.555558
0.555635
0.555561
0.555572
0.555631
0.555586
0.555603
0.555685
0.555753
0.555680
0.555729
0.555807
0.555763
0.555760
0.555762
0.555879
0.555742
0.555814
0.555853
0.555799
0.555792
0.555823
0.555919
0.555795
0.555796
0.555827
0.555743
0.555763
0.555782
0.555684
0.555695
0.555735
0.555751
0.555662
0.555659
0.555686
0.555549
0.555648
0.555662
0.555683
0.555567
0.555593
0.555628
0.555431
0.555532
0.555511
0.555443
0.555401
0.555419
0.555441
0.555245
0.555324
0.555327
0.555291
0.555183
0.555247
0.555224
0.555109
0.555216
0.555264
0.555223
0.555137
0.555221
0.555154
0.554959
0.555051
0.555008
0.554810
0.554809
0.554880
0.554810
0.554600
0.554687
0.554618
0.554379
0.554353
0.554331
0.554376
0.554150
0.554179
0.554186
0.553966
0.554001
0.554041
0.554030
0.553851
0.553806
0.553921
0.553705
0.553688
0.553743
0.553768
0.553521
0.553491
0.553527
0.553318
0.553244
0.553281
0.553044
0.553001
0.552950
0.553031
0.552766
0.552730
0.552716
0.552537
0.552478
0.552494
0.552582
0.552338
0.552351
0.552412
0.552279
0.552248
0.552231
0.552333
0.552038
0.552092
0.552131
0.551890
0.551875
0.551897
0.551942
0.551685
0.551671
0.551701
0.551459
0.551488
0.551513
0.551296
0.551257
0.551317
0.551359
0.551112
0.551144
0.551167
0.550890
0.550955
0.550976
0.551012
0.550694
0.550741
0.550805
0.550464
0.550552
0.550555
0.550509
0.550284
0.550330
0.550396
0.550048
0.550099
0.550105
0.550082
0.549824
0.549834
0.549787
0.549472
0.549525
0.549525
0.549461
0.549181
0.549178
0.549088
0.548775
0.548787
0.548714
0.548390
0.548369
0.548403
0.548305
0.548178
0.548239
0.548177
0.548045
0.548026
0.547952
0.547959
0.547806
0.547801
0.547724
0.547565
0.547534
0.547449
0.547392
0.547288
0.547212
0.547276
0.547181
0.547150
0.547162
0.547169
0.547049
0.546997
0.547001
0.546916
0.546837
0.546868
0.546798
0.546799
0.546785
0.546862
0.546773
0.546737
0.546757
0.546682
0.546672
0.546696
0.546763
0.546692
0.546698
0.546774
0.546735
0.546699
0.546680
0.546792
0.546633
0.546705
0.546745
0.546677
0.546655
0.546668
0.546725
0.546606
0.546588
0.546597
0.546484
0.546474
0.546473
0.546371
0.546310
0.546312
0.546288
0.546156
0.546119
0.546104
0.545935
0.545959
0.545919
0.545906
0.545725
0.545720
0.545743
0.545531
0.545572
0.545537
0.545452
0.545372
0.545391
0.545450
0.545259
0.545309
0.545304
0.545259
0.545184
0.545182
0.545108
0.545009
0.545046
0.545098
0.545049
0.544971
0.545019
0.544978
0.544902
0.544984
0.544936
0.544860
0.544899
0.544996
0.544942
0.544898
0.544963
0.544938
0.544857
0.544899
0.544861
0.544920
0.544827
0.544877
0.544795
0.544709
0.544741
0.544722
0.544734
0.544661
0.544630
0.544698
0.544643
0.544690
0.544668
0.544677
0.544574
0.544482
0.544514
0.544413
0.544325
0.544347
0.544231
0.544209
0.544151
0.544152
0.544035
0.543923
0.543901
0.543771
0.543690
0.543670
0.543697
0.543550
0.543447
0.543453
0.543355
0.543239
0.543176
0.543222
0.543001
0.543015
0.542998
0.542910
0.542813
0.542770
0.542774
0.542552
0.542507
0.542445
0.542263
0.542206
0.542142
0.542014
0.541868
0.541804
0.541726
0.541523
0.541401
0.541331
0.541067
0.541039
0.540954
0.540924
0.540717
0.540669
0.540645
0.540377
0.540393
0.540356
0.540221
0.540111
0.540100
0.540100
0.539825
0.539837
0.539796
0.539688
0.539556
0.539499
0.539378
0.539241
0.539300
0.539311
0.539219
0.539107
0.539136
0.539042
0.538917
0.538972
0.538894
0.538751
0.538763
0.538813
0.538711
0.538576
0.538872
0.538776
0.538649
0.538661
0.538787
0.538818
0.538680
0.538692
0.538806
0.538677
0.538719
0.538871
0.538860
0.538756
0.538668
0.538966
0.538851
0.538872
0.539063
0.539103
0.538997
0.538952
0.539235
0.539164
0.539097
0.539376
0.539308
0.539311
0.539239
0.539523
0.539425
0.539338
0.539336
0.539421
0.539352
0.539373
0.539680
0.539561
0.539491
0.539545
0.539805
0.539688
0.539677
0.539979
0.539847
0.539854
0.539842
0.540080
0.540000
0.539956
0.540220
0.540108
0.540091
0.540075
0.540260
0.540241
0.540264
0.540280
0.540434
0.540468
0.540465
0.540666
0.540647
0.540664
0.540551
0.540808
0.540786
0.540819
0.540980
0.540984
0.541007
0.540889
0.541169
0.541179
0.541061
0.541328
0.541369
0.541423
0.541316
0.541403
0.541424
0.541340
0.541381
0.541418
0.541321
0.541335
0.541404
0.541421
0.541333
0.541358
0.541416
0.541301
0.541310
0.541379
0.541281
0.541279
0.541302
0.541366
0.541260
0.541267
0.541350
0.541241
0.541248
0.541274
0.541172
0.541188
0.541193
0.541181
0.541091
0.541103
0.541121
0.541041
0.541053
0.541105
0.540999
0.541070
0.541057
0.541068
0.540998
0.541017
0.541010
0.540897
0.540955
0.540996
0.540866
0.540931
0.540976
0.540967
0.540880
0.540948
0.540973
0.540849
0.540830
0.540886
0.540761
0.540776
0.540843
0.540828
0.540740
0.540779
0.540839
0.540698
0.540683
0.540788
0.540644
0.540671
0.540661
0.540686
0.540574
0.540535
0.540575
0.540477
0.540456
0.540406
0.540350
0.540294
0.540290
0.540257
0.540120
0.540084
0.539997
0.539919
0.539819
0.539757
0.539598
0.539595
0.539504
0.539455
0.539366
0.539293
0.539251
0.539116
0.539122
0.539030
0.538883
0.538855
0.538818
0.538783
0.538633
0.538605
0.538546
0.538416
0.538343
0.538333
0.538190
0.538165
0.538192
0.538146
0.538069
0.538046
0.538073
0.537973
0.537925
0.537956
0.537867
0.537821
0.537825
0.537878
0.537825
0.537798
0.537824
0.537744
0.537704
0.537683
0.537629
0.537611
0.537607
0.537579
0.537520
0.537527
0.537502
0.537449
0.537413
0.537401
0.537325
0.537372
0.537313
0.537317
0.537281
0.537258
0.537209
0.537124
0.537131
0.537104
0.537004
0.537049
0.537038
0.536994
0.536942
0.537011
0.537016
0.536913
0.536864
0.536920
0.536832
0.536821
0.536832
0.536802
0.536724
0.536739
0.536760
0.536679
0.536652
0.536759
0.536682
0.536694
0.536655
0.536690
0.536663
0.536612
0.536617
0.536568
0.536534
0.536503
0.536521
0.536496
0.536489
0.536521
0.536497
0.536489
0.536455
0.536479
0.536435
0.536455
0.536439
0.536478
0.536461
0.536510
0.536552
0.536570
0.536606
0.536584
0.536675
0.536676
0.536602
0.536666
0.536694
0.536718
0.536652
0.536679
0.536679
0.536606
0.536605
0.536661
0.536560
0.536588
0.536658
0.536627
0.536561
0.536561
0.536567
0.536464
0.536424
0.536442
0.536380
0.536379
0.536374
0.536431
0.536304
0.536284
0.536351
0.536186
0.536213
0.536239
0.536150
0.536154
0.536212
0.536205
0.536128
0.536193
0.536186
0.536100
0.536095
0.536151
0.536013
0.536124
0.536121
0.536139
0.536072
0.536085
0.536099
0.535992
0.536021
0.536051
0.535912
0.535962
0.536000
0.535958
0.535843
0.535965
0.535985
0.535834
0.535778
0.535894
0.535752
0.535750
0.535771
0.535746
0.535621
0.535634
0.535700
0.535539
0.535490
0.535596
0.535486
0.535509
0.535476
0.535564
0.535473
0.535456
0.535494
0.535413
0.535399
0.535409
0.535391
0.535393
0.535384
0.535500
0.535410
0.535412
0.535410
0.535383
0.535336
0.535360
0.535257
0.535302
0.535258
0.535249
0.535244
0.535198
0.535190
0.535117
0.535205
0.535240
0.535099
0.535204
0.535271
0.535293
0.535205
0.535317
0.535335
0.535251
0.535316
0.535364
0.535240
0.535295
0.535403
0.535391
0.535253
0.535331
0.535370
0.535228
0.535259
0.535305
0.535187
0.535210
0.535221
0.535307
0.535196
0.535225
0.535350
0.535211
0.535303
0.535322
0.535218
0.535257
0.535326
0.535360
0.535230
0.535317
0.535344
0.535236
0.535213
0.535290
0.535138
0.535272
0.535269
0.535296
0.535236
0.535255
0.535267
0.535173
0.535227
0.535305
0.535167
0.535235
0.535336
0.535315
0.535195
0.535283
0.535321
0.535170
0.535085
0.535189
0.535044
0.535002
0.535062
0.535077
0.534933
0.534954
0.534890
0.534704
0.534691
0.534769
0.534538
0.534538
0.534512
0.534500
0.534363
0.534338
0.534383
0.534165
0.534154
0.534129
0.533957
0.533953
0.533948
0.533866
0.533783
0.533768
0.533730
0.533532
0.533448
0.533431
0.533139
0.533224
0.533163
0.533106
0.532997
0.532910
0.532851
0.532562
0.532679
0.532634
0.532391
0.532372
0.532315
0.532177
0.531801
0.531861
0.531724
0.531464
0.531225
0.531257
0.530960
0.530744
0.530806
0.530618
0.530313
0.530110
0.530080
0.529758
0.529477
0.529481
0.529166
0.528879
0.528696
0.528685
0.528408
0.528166
0.528286
0.527977
0.527784
0.527657
0.527516
0.527430
0.527230
0.527086
0.526930
0.526730
0.526600
0.526447
0.526266
0.526100
0.525791
0.525920
0.525684
0.525565
0.525438
0.525309
0.525061
0.524787
0.524779
0.524570
0.524248
0.524244
0.524074
0.523908
0.523630
0.523739
0.523542
0.523257
0.523008
0.523006
0.522687
0.522529
0.522560
0.522300
0.521992
0.521877
0.521796
0.521475
0.521316
0.521457
0.521101
0.520943
0.520795
0.520748
0.520447
0.520313
0.520329
0.519953
0.519838
0.519689
0.519475
0.519351
0.519244
0.519028
0.519089
0.518969
0.518826
0.518714
0.518539
0.518467
0.518179
0.518223
0.518101
0.517971
0.517894
0.517788
0.517650
0.517411
0.517570
0.517477
0.517289
0.517272
0.517207
0.517107
0.516825
0.516910
0.516832
0.516705
0.516518
0.516641
0.516482
0.516383
0.516535
0.516503
0.516382
0.516308
0.516419
0.516308
0.516203
0.516379
0.516316
0.516223
0.516233
0.516381
0.516353
0.516314
0.516517
0.516472
0.516484
0.516544
0.516632
0.516724
0.516745
0.516791
0.516895
0.516931
0.517014
0.517001
0.517073
0.517171
0.517180
0.517307
0.517342
0.517497
0.517525
0.517658
0.517681
0.517733
0.517852
0.517899
0.517924
0.518043
0.518119
0.518206
0.518150
0.518210
0.518272
0.518195
0.518202
0.518304
0.518278
0.518390
0.518468
0.518447
0.518477
0.518603
0.518611
0.518650
0.518692
0.518761
0.518745
0.518840
0.518937
0.518982
0.519033
0.519135
0.519190
0.519158
0.519285
0.519389
0.519373
0.519467
0.519588
0.519629
0.519681
0.519825
0.519935
0.519945
0.520043
0.520214
0.520195
0.520262
0.520378
0.520490
0.520493
0.520589
0.520645
0.520598
0.520637
0.520674
0.520657
0.520639
0.520705
0.520738
0.520616
0.520660
0.520675
0.520643
0.520550
0.520571
0.520503
0.520469
0.520444
0.520444
0.520351
0.520303
0.520267
0.520187
0.520052
0.520084
0.520041
0.519926
0.519891
0.519861
0.519831
0.519739
0.519709
0.519632
0.519556
0.519550
0.519428
0.519421
0.519345
0.519284
0.519186
0.519112
0.519074
0.518955
0.518885
0.518804
0.518682
0.518615
0.518468
0.518440
0.518325
0.518253
0.518073
0.517994
0.517958
0.517814
0.517695
0.517629
0.517558
0.517480
0.517387
0.517314
0.517222
0.517092
0.516930
0.516854
0.516739
0.516693
0.516643
0.516485
0.516360
0.516339
0.516196
0.516090
0.515978
0.515957
0.515815
0.515759
0.515689
0.515613
0.515552
0.515537
0.515494
0.515363
0.515370
0.515381
0.515205
0.515176
0.515169
0.515176
0.515073
0.515079
0.515049
0.514969
0.514964
0.515028
0.514983
0.514958
0.514971
0.514962
0.514921
0.514881
0.514846
0.514815
0.514780
0.514758
0.514716
0.514699
0.514741
0.514736
0.514683
0.514769
0.514767
0.514730
0.514684
0.514760
0.514691
0.514735
0.514798
0.514803
0.514737
0.514771
0.514757
0.514710
0.514632
0.514661
0.514639
0.514583
0.514557
0.514535
0.514519
0.514518
0.514498
0.514459
0.514493
0.514497
0.514422
0.514455
0.514524
0.514529
0.514470
0.514553
0.514585
0.514606
0.514602
0.514709
0.514760
0.514794
0.514823
0.514898
0.514943
0.514979
0.514974
0.515035
0.515085
0.515105
0.515161
0.515214
0.515317
0.515340
0.515400
0.515467
0.515550
0.515603
0.515550
0.515682
0.515728
0.515790
0.515870
0.515902
0.515944
0.516048
0.516086
0.516152
0.516155
0.516213
0.516271
0.516301
0.516303
0.516353
0.516382
0.516473
0.516512
0.516568
0.516658
0.516736
0.516786
0.516866
0.516952
0.517094
0.517060
0.517157
0.517235
0.517278
0.517354
0.517482
0.517575
0.517636
0.517764
0.517848
0.517952
0.518038
0.518096
0.518203
0.518272
0.518347
0.518461
0.518538
0.518643
0.518698
0.518752
0.518858
0.518938
0.519024
0.519070
0.519159
0.519202
0.519295
0.519342
0.519384
0.519403
0.519453
0.519505
0.519558
0.519573
0.519684
0.519756
0.519783
0.519842
0.519909
0.520024
0.520114
0.520143
0.520250
0.520341
0.520424
0.520479
0.520552
0.520673
0.520713
0.520697
0.520812
0.520857
0.520918
0.520927
0.521004
0.521034
0.521018
0.521063
0.521105
0.521141
0.521162
0.521141
0.521170
0.521218
0.521228
0.521262
0.521310
0.521346
0.521346
0.521381
0.521405
0.521476
0.521495
0.521439
0.521530
0.521545
0.521562
0.521599
0.521602
0.521610
0.521654
0.521676
0.521705
0.521650
0.521686
0.521707
0.521716
0.521693
0.521703
0.521709
0.521741
0.521728
0.521741
0.521780
0.521783
0.521778
0.521792
0.521819
0.521850
0.521803
0.521857
0.521880
0.521895
0.521923
0.522000
0.522039
0.522055
0.522105
0.522117
0.522157
0.522135
0.522137
0.522165
0.522189
0.522171
0.522210
0.522288
0.522310
0.522316
0.522354
0.522398
0.522394
0.522387
0.522426
0.522417
0.522397
0.522469
0.522464
0.522457
0.522401
0.522397
0.522376
0.522353
0.522333
0.522331
0.522284
0.522274
0.522217
0.522161
0.522143
0.522155
0.522062
0.522029
0.522022
0.521929
0.521826
0.521756
0.521769
0.521671
0.521498
0.521517
0.521462
0.521401
0.521339
0.521350
0.521334
0.521258
0.521285
0.521274
0.521236
0.521188
0.521194
0.521138
0.521142
0.521108
0.521094
0.521108
0.521141
0.521131
0.521110
0.521132
0.521197
0.521191
0.521111
0.521227
0.521197
0.521163
0.521178
0.521184
0.521154
0.521142
0.521239
0.521238
0.521163
0.521176
0.521212
0.521176
0.521124
0.521210
0.521156
0.521160
0.521136
0.521157
0.521129
0.521054
0.521090
0.521076
0.521075
0.521170
0.521126
0.521155
0.521182
0.521264
0.521253
0.521270
0.521354
0.521378
0.521444
0.521431
0.521531
0.521506
0.521546
0.521622
0.521658
0.521578
0.521625
0.521744
0.521770
0.521777
0.521794
0.521834
0.521840
0.521850
0.521909
0.521928
0.521911
0.521979
0.522029
0.522032
0.522021
0.521990
0.522084
0.522117
0.522096
0.522143
0.522107
0.522143
0.522123
0.522176
0.522200
0.522249
0.522227
0.522288
0.522346
0.522359
0.522428
0.522411
0.522515
0.522545
0.522518
0.522647
0.522667
0.522755
0.522782
0.522859
0.522932
0.522940
0.523049
0.523102
0.523179
0.523206
0.523248
0.523218
0.523309
0.523273
0.523331
0.523425
0.523419
0.523431
0.523419
0.523471
0.523508
0.523515
0.523469
0.523553
0.523547
0.523538
0.523583
0.523587
0.523571
0.523579
0.523671
0.523677
0.523614
0.523629
0.523643
0.523666
0.523615
0.523701
0.523659
0.523686
0.523705
0.523744
0.523781
0.523745
0.523782
0.523806
0.523826
0.523920
0.523863
0.523907
0.523952
0.523992
0.523996
0.524019
0.524043
0.524045
0.524077
0.524029
0.524095
0.524022
0.524042
0.524071
0.524113
0.524049
0.524067
0.524162
0.524168
0.524214
0.524205
0.524283
0.524298
0.524303
0.524329
0.524395
0.524433
0.524474
0.524567
0.524601
0.524640
0.524647
0.524826
0.524932
0.524926
0.525030
0.525060
0.525108
0.525123
0.525269
0.525303
0.525378
0.525418
0.525485
0.525550
0.525557
0.525649
0.525659
0.525730
0.525725
0.525618
0.525647
0.525645
0.525748
0.525714
0.525701
0.525736
0.525720
0.525754
0.525822
0.525874
0.525852
0.525873
0.525854
0.525942
0.525908
0.525966
0.526095
0.526067
0.526065
0.526027
0.526047
0.526070
0.526106
0.526026
0.526092
0.526075
0.526039
0.526069
0.526059
0.526063
0.526009
0.526078
0.526034
0.525947
0.525933
0.525920
0.525855
0.525760
0.525778
0.525685
0.525650
0.525654
0.525660
0.525616
0.525544
0.525554
0.525502
0.525458
0.525513
0.525424
0.525419
0.525398
0.525415
0.525380
0.525379
0.525409
0.525443
0.525459
0.525392
0.525464
0.525399
0.525422
0.525462
0.525470
0.525412
0.525386
0.525444
0.525387
0.525410
0.525345
0.525363
0.525319
0.525308
0.525264
0.525300
0.525318
0.525309
0.525361
0.525325
0.525358
0.525240
0.525361
0.525409
0.525354
0.525444
0.525408
0.525391
0.525381
0.525476
0.525442
0.525476
0.525424
0.525413
0.525392
0.525345
0.525402
0.525350
0.525327
0.525274
0.525218
0.525172
0.525116
0.525154
0.525066
0.525047
0.525038
0.524982
0.524968
0.524944
0.524940
0.524892
0.524819
0.524733
0.524767
0.524708
0.524705
0.524760
0.524625
0.524610
0.524534
0.524530
0.524507
0.524498
0.524390
0.524418
0.524415
0.524359
0.524365
0.524353
0.524318
0.524278
0.524320
0.524286
0.524212
0.524203
0.524217
0.524162
0.524069
0.524080
0.524018
0.523975
0.523974
0.523982
0.523927
0.523884
0.523843
0.523804
0.523743
0.523846
0.523702
0.523660
0.523625
0.523585
0.523536
0.523506
0.523479
0.523431
0.523376
0.523278
0.523314
0.523161
0.523122
0.523117
0.523081
0.522987
0.522940
0.522970
0.522923
0.522885
0.522788
0.522786
0.522672
0.522605
0.522504
0.522473
0.522373
0.522322
0.522286
0.522152
0.522072
0.521825
0.521837
0.521789
0.521544
0.521532
0.521391
0.521234
0.521135
0.521111
0.520989
0.520897
0.520796
0.520722
0.520587
0.520493
0.520449
0.520432
0.520349
0.520296
0.520226
0.520145
0.520142
0.520127
0.520039
0.519938
0.519915
0.519850
0.519773
0.519731
0.519718
0.519659
0.519544
0.519444
0.519460
0.519303
0.519283
0.519341
0.519178
0.519165
0.519104
0.519127
0.519071
0.519013
0.518887
0.518874
0.518864
0.518768
0.518766
0.518636
0.518556
0.518482
0.518432
0.518368
0.518281
0.518247
0.518161
0.518114
0.517990
0.517968
0.517849
0.517741
0.517689
0.517558
0.517481
0.517363
0.517220
0.517133
0.517026
0.516972
0.516824
0.516722
0.516623
0.516467
0.516360
0.516326
0.516143
0.516070
0.515990
0.515840
0.515761
0.515575
0.515506
0.515334
0.515242
0.515140
0.515003
0.514945
0.514867
0.514763
0.514543
0.514533
0.514389
0.514262
0.514075
0.514036
0.513853
0.513718
0.513706
0.513587
0.513456
0.513250
0.513267
0.513132
0.512919
0.512930
0.512763
0.512637
0.512543
0.512532
0.512368
0.512272
0.512204
0.512154
0.512026
0.511938
0.511884
0.511814
0.511685
0.511580
0.511501
0.511347
0.511248
0.511184
0.511042
0.510894
0.510783
0.510679
0.510531
0.510412
0.510319
0.510175
0.509999
0.509817
0.509764
0.509546
0.509404
0.509350
0.509093
0.508932
0.508748
0.508643
0.508450
0.508280
0.508030
0.507961
0.507792
0.507594
0.507532
0.507339
0.507184
0.507044
0.506921
0.506804
0.506605
0.506533
0.506387
0.506295
0.506149
0.506059
0.505932
0.505856
0.505806
0.505676
0.505605
0.505551
0.505446
0.505376
0.505309
0.505265
0.505181
0.505129
0.505058
0.504963
0.504878
0.504861
0.504756
0.504731
0.504707
0.504622
0.504600
0.504513
0.504481
0.504398
0.504373
0.504304
0.504287
0.504251
0.504198
0.504122
0.503988
0.503993
0.503922
0.503783
0.503645
0.503648
0.503535
0.503405
0.503369
0.503269
0.503120
0.502995
0.503000
0.502868
0.502683
0.502665
0.502496
0.502344
0.502198
0.502163
0.501989
0.501858
0.501775
0.501601
0.501430
0.501303
0.501163
0.501051
0.500910
0.500784
0.500616
0.500473
0.500356
0.500207
0.500025
0.499876
0.499678
0.499562
0.499404
0.499246
0.499120
0.498918
0.498736
0.498538
0.498450
0.498217
0.498019
0.497956
0.497779
0.497590
0.497427
0.497340
0.497156
0.496998
0.496798
0.496755
0.496594
0.496473
0.496412
0.496233
0.496119
0.495987
0.495887
0.495774
0.495567
0.495502
0.495298
0.495207
0.495041
0.494923
0.494798
0.494671
0.494559
0.494407
0.494328
0.494250
0.494108
0.494028
0.493930
0.493864
0.493743
0.493651
0.493564
0.493428
0.493319
0.493241
0.493082
0.492994
0.492881
0.492795
0.492704
0.492544
0.492479
0.492298
0.492220
0.492035
0.491910
0.491800
0.491669
0.491535
0.491340
0.491263
0.491134
0.490956
0.490776
0.490705
0.490544
0.490426
0.490355
0.490256
0.490106
0.489997
0.489973
0.489896
0.489700
0.489679
0.489585
0.489476
0.489331
0.489336
0.489246
0.489147
0.489078
0.488982
0.488876
0.488802
0.488775
0.488686
0.488594
0.488561
0.488509
0.488449
0.488355
0.488350
0.488249
0.488171
0.488065
0.487991
0.487877
0.487788
0.487703
0.487511
0.487350
0.487244
0.487172
0.486961
0.486853
0.486815
0.486661
0.486515
0.486358
0.486277
0.486128
0.485974
0.485804
0.485772
0.485598
0.485520
0.485463
0.485337
0.485233
0.485127
0.485052
0.485000
0.484827
0.484797
0.484635
0.484585
0.484432
0.484335
0.484206
0.484109
0.483996
0.483847
0.483734
0.483634
0.483478
0.483339
0.483220
0.483134
0.482982
0.482849
0.482691
0.482580
0.482460
0.482336
0.482210
0.482091
0.481964
0.481849
0.481750
0.481572
0.481502
0.481381
0.481329
0.481148
0.481052
0.481018
0.480891
0.480800
0.480660
0.480616
0.480523
0.480371
0.480271
0.480258
0.480152
0.480127
0.480108
0.480007
0.479871
0.479835
0.479839
0.479777
0.479653
0.479664
0.479611
0.479584
0.479478
0.479522
0.479482
0.479479
0.479467
0.479409
0.479360
0.479278
0.479246
0.479170
0.479091
0.479035
0.478951
0.478877
0.478756
0.478712
0.478591
0.478506
0.478383
0.478301
0.478237
0.478160
0.478107
0.477937
0.477847
0.477749
0.477710
0.477555
0.477452
0.477443
0.477358
0.477226
0.477072
0.477028
0.476945
0.476815
0.476629
0.476668
0.476531
0.476433
0.476415
0.476311
0.476205
0.476112
0.476233
0.476183
0.476025
0.476108
0.476037
0.476005
0.475877
0.475971
0.475893
0.475844
0.475883
0.475807
0.475728
0.475682
0.475722
0.475624
0.475558
