0.049237
0.049762
0.049044
0.049143
0.049128
0.047428
0.049316
0.049172
0.048814
0.049193
0.049324
0.048776
0.048956
0.049428
0.049637
0.050860
0.048657
0.050745
0.050180
0.049446
0.051135
0.049207
0.050272
0.050421
0.050489
0.051703
0.051042
0.051018
0.050778
0.050808
0.050919
0.050281
0.050998
0.050373
0.051845
0.051332
0.051066
0.051314
0.051122
0.052345
0.052583
0.051618
0.052428
0.052748
0.052526
0.053577
0.052320
0.054305
0.052883
0.053540
0.053056
0.052032
0.053801
0.053015
0.054154
0.053990
0.054089
0.052822
0.052767
0.053929
0.054188
0.054229
0.053848
0.055343
0.053814
0.055075
0.054668
0.056667
0.055924
0.056927
0.057911
0.056269
0.058996
0.057716
0.056290
0.058623
0.057700
0.057088
0.058665
0.060272
0.059879
0.058861
0.060827
0.060137
0.058696
0.060059
0.059166
0.059629
0.060588
0.060628
0.060135
0.059346
0.061029
0.061185
0.062744
0.061497
0.061273
0.062444
0.061036
0.064256
0.060932
0.064143
0.061469
0.062829
0.062168
0.066291
0.064481
0.065356
0.065769
0.064956
0.063935
0.065670
0.066970
0.066179
0.066368
0.067645
0.066499
0.065323
0.066547
0.067216
0.067638
0.070420
0.075598
0.071760
0.069160
0.073854
0.072977
0.068032
0.074786
0.074961
0.075086
0.070604
0.075408
0.076326
0.077974
0.077529
0.075126
0.081119
0.074023
0.081471
0.085544
0.085500
0.087105
0.090914
0.091456
0.087568
0.095369
0.096493
0.094065
0.090803
0.106699
0.093207
0.089281
0.094403
0.089456
0.077692
0.077695
0.081366
0.090996
0.075666
0.079954
0.090407
0.077819
0.074733
0.071449
0.067560
0.072205
0.068753
0.066386
0.069017
0.067596
0.062103
0.063641
0.058891
0.060990
0.057383
0.055033
0.056496
0.055868
0.054238
0.054288
0.051004
0.050081
0.044633
0.046567
0.046258
0.045443
0.046410
0.045607
0.049866
0.049742
0.053461
0.053357
0.055330
0.054687
0.052093
0.051292
0.048111
0.045961
0.042216
0.040646
0.038210
0.035428
0.033263
0.031324
0.027934
0.026453
0.023927
0.021806
0.019915
0.018046
0.016145
0.014606
0.012687
0.011323
0.010376
0.009412
0.008302
0.007336
0.006205
0.005569
0.004889
0.004160
0.003614
0.003006
0.002852
0.002414
0.002080
0.001789
0.001436
0.001368
0.001022
0.000901
0.000630
0.000532
0.000405
0.000398
0.000181
0.000134
0.000197
0.000049
0.000000
0.000000
0.000000
0.000000
0.000000
0.000000
0.000000
0.000000
0.000000
0.000000
0.000000
0.000000
0.000000
0.000000
0.000000
0.000000
0.000000
0.000000
0.000000
