0.012878
0.012167
0.012129
0.012509
0.012079
0.011730
0.012931
0.012210
0.012076
0.012992
0.012684
0.012308
0.012626
0.011886
0.013138
0.012549
0.012346
0.012819
0.011920
0.012601
0.012424
0.013245
0.012370
0.012688
0.012262
0.012413
0.012835
0.012581
0.013201
0.012248
0.012274
0.012220
0.012192
0.012942
0.013091
0.012985
0.012889
0.013292
0.012440
0.012485
0.012565
0.013454
0.013101
0.013155
0.012582
0.012843
0.013115
0.013293
0.012853
0.013427
0.013534
0.012583
0.014421
0.013717
0.014196
0.013455
0.012957
0.013731
0.012889
0.013621
0.013927
0.013300
0.013208
0.013891
0.014083
0.013640
0.013219
0.013411
0.012654
0.014793
0.014412
0.012313
0.014384
0.013176
0.013118
0.015415
0.014584
0.015260
0.014025
0.015867
0.013522
0.013326
0.014938
0.015257
0.014916
0.016801
0.013971
0.014491
0.015259
0.014986
0.015427
0.015851
0.014742
0.014123
0.015554
0.013237
0.014347
0.015562
0.015502
0.015919
0.016325
0.015763
0.015767
0.016046
0.015206
0.014361
0.015582
0.015672
0.015977
0.017467
0.017149
0.015292
0.018086
0.015750
0.014661
0.015254
0.016734
0.014645
0.016256
0.017214
0.018236
0.014002
0.014707
0.017124
0.014608
0.018033
0.015646
0.016753
0.018279
0.016187
0.016242
0.017355
0.018275
0.022488
0.018157
0.016433
0.018333
0.019117
0.022039
0.016595
0.018072
0.019767
0.020649
0.021221
0.020387
0.026525
0.020131
0.025539
0.016757
0.021759
0.019112
0.020932
0.019673
0.018483
0.019209
0.023254
0.016661
0.015516
0.017413
0.020439
0.017672
0.021712
0.015049
0.017736
0.017909
0.018346
0.017719
0.016013
0.015170
0.016956
0.014606
0.014568
0.013661
0.014406
0.014374
0.012908
0.015849
0.015306
0.012978
0.014973
0.013236
0.012203
0.012028
0.012608
0.010463
0.010807
0.010356
0.008869
0.009896
0.008649
0.008556
0.007370
0.007174
0.007350
0.006741
0.006152
0.006472
0.006130
0.006380
0.005840
0.005062
0.004874
0.004477
0.004450
0.004070
0.004151
0.003734
0.003169
0.003017
0.002905
0.002847
0.002530
0.002514
0.002345
0.002190
0.001829
0.001741
0.001616
0.001494
0.001245
0.001276
0.001138
0.000974
0.000840
0.000714
0.000641
0.000556
0.000445
0.000434
0.000366
0.000275
0.000230
0.000201
0.000162
0.000158
0.000095
0.000080
0.000040
0.000045
0.000025
0.000029
0.000012
0.000012
0.000012
0.000012
0.000012
0.000012
0.000012
0.000012
0.000012
0.000012
0.000012
0.000012
0.000012
0.000012
0.000012
0.000012
0.000012
0.000012
0.000012
