53.862446
56.361252
55.149937
52.455132
56.029945
56.038750
54.330883
55.461735
54.051247
55.665901
52.915741
56.196518
56.665668
56.608543
57.821941
58.379635
60.145847
57.939877
58.445366
59.543076
56.888153
61.892876
60.546989
58.634487
60.701759
59.616257
61.693867
61.561871
60.295635
60.386650
62.845612
61.920959
63.526169
62.965034
63.669758
63.483311
64.072578
67.484489
63.030289
66.279945
66.253899
65.740410
66.070274
65.463699
68.456047
71.873451
68.744286
69.686440
68.381226
72.511322
73.354218
74.584862
71.355545
74.389862
73.678795
70.844635
76.609077
77.098824
78.536522
77.738121
82.943375
81.566505
82.832718
80.590904
81.455872
83.885796
81.178848
78.556396
83.691940
89.313644
89.652092
82.616142
84.273621
98.830719
91.878220
94.047249
100.062805
106.791161
100.235329
103.409561
110.812729
116.637161
105.667732
113.808998
116.879799
123.605125
118.755196
126.138390
107.831848
122.516670
125.323639
118.777557
113.775749
121.381241
123.331779
122.981468
139.908890
131.916016
120.543968
130.956497
132.613525
134.462112
133.291046
157.535706
144.914139
138.546158
158.473877
155.727081
151.494888
157.560577
141.469193
151.961456
139.316498
181.165070
179.981247
160.606705
168.587082
181.867996
179.931854
196.050873
181.767349
212.375900
184.126419
220.514984
231.101318
218.443970
187.619537
208.789047
205.502182
231.755096
222.844452
238.260941
259.117859
299.316650
288.151855
250.031677
268.208069
238.876953
315.772736
295.644928
367.600800
306.447540
366.457092
362.427399
353.179016
321.105621
431.312256
198.309128
497.181122
450.133636
105.649788
173.602051
99.712219
100.437225
684.485535
89.064774
87.719566
91.129700
67.914703
78.721924
73.916924
73.652153
59.484104
65.482948
68.027359
69.620872
60.485935
51.800468
50.409378
41.769371
42.659008
38.178665
40.884029
42.507938
40.033157
38.150719
32.959389
34.610771
29.324108
35.947350
31.668365
27.546345
28.805298
25.996468
27.501616
28.244596
27.027998
27.203249
27.575525
28.083349
24.717884
23.863817
23.585838
23.021954
20.658100
18.725399
18.079693
16.990196
15.794018
14.852996
13.743349
12.153028
11.542208
10.350141
9.440029
8.537982
7.840606
7.020241
6.254857
5.601244
4.942408
4.537087
3.953968
3.517556
3.040538
2.730019
2.634777
2.156888
1.942730
1.639590
1.563842
1.181336
1.129910
1.034045
0.828957
0.745662
0.656192
0.563161
0.434354
0.375628
0.320352
0.256138
0.173732
0.162374
0.126317
0.111104
0.046519
0.015535
0.046847
0.000000
0.000000
0.000000
0.000000
0.000000
0.000000
0.000000
0.000000
0.000000
0.000000
0.000000
0.000000
0.000000
0.000000
0.000000
0.000000
0.000000
0.000000
0.000000
0.000000
0.000000
