0.003568
0.002427
0.002644
0.002974
0.003140
0.003030
0.002663
0.003038
0.004050
0.003183
0.001772
0.003895
0.002439
0.004296
0.003679
0.004897
0.005260
0.000631
0.002942
0.002258
0.004747
0.003193
0.002925
0.002697
0.003653
0.005118
0.005040
0.004850
0.004244
0.003868
0.004839
0.003969
0.005348
0.006452
0.005602
0.005873
0.004784
0.004510
0.004647
0.005527
0.005317
0.004144
0.006545
0.007168
0.005163
0.006595
0.005654
0.004839
0.005293
0.008669
0.008736
0.004470
0.008042
0.008163
0.006514
0.005346
0.009303
0.005905
0.011268
0.013578
0.010030
0.008568
0.011823
0.010929
0.010540
0.009967
0.010524
0.010759
0.011837
0.012301
0.011341
0.012268
0.016571
0.010181
0.013932
0.015073
0.018361
0.013057
0.018021
0.017594
0.019112
0.028209
0.021972
0.021545
0.019949
0.023448
0.023691
0.029593
0.028387
0.017527
0.025875
0.024082
0.022658
0.016024
0.023465
0.028780
0.025476
0.017768
0.037878
0.029325
0.036361
0.042719
0.040420
0.042929
0.025941
0.039742
0.042512
0.035494
0.052316
0.038550
0.043970
0.037147
0.050751
0.050754
0.057861
0.044354
0.047019
0.057465
0.070147
0.063051
0.069743
0.078565
0.077943
0.055183
0.062455
0.084703
0.102919
0.100846
0.099294
0.128109
0.131932
0.121269
0.123072
0.128612
0.153118
0.159840
0.154857
0.167535
0.209213
0.243403
0.255090
0.255551
0.280534
0.315279
0.334411
0.356641
0.386818
0.424072
0.452778
0.483489
0.510087
0.537643
0.554117
0.584296
0.611597
0.638029
0.682449
0.716625
0.734417
0.760664
0.782335
0.796192
0.814687
0.829455
0.836738
0.843746
0.854198
0.860427
0.866929
0.875388
0.881001
0.887571
0.892823
0.896675
0.904765
0.906698
0.910296
0.915097
0.917874
0.921636
0.925582
0.932599
0.939482
0.946044
0.951608
0.956961
0.961483
0.965936
0.969845
0.973578
0.977257
0.980107
0.983139
0.985573
0.988256
0.990769
0.992677
0.994635
0.996600
0.998049
0.999618
1.000971
1.002246
1.003397
1.004592
1.005535
1.006335
1.007199
1.007888
1.008584
1.009147
1.009692
1.010174
1.010601
1.010982
1.011304
1.011590
1.011869
1.012095
1.012257
1.012432
1.012545
1.012679
1.012785
1.012851
1.012933
1.012974
1.013032
1.013067
1.013094
1.013106
1.013130
1.013138
1.013145
1.013151
1.013152
1.013155
1.013155
1.013156
1.013158
1.013158
1.013158
1.013158
1.013158
1.013158
1.013158
1.013158
1.013158
1.013158
1.013158
1.013158
1.013158
1.013158
1.013158
1.013158
1.013158
1.013158
1.013158
1.013158
1.013158
