-0.425492
-0.430852
-0.431570
-0.434516
-0.440844
-0.441031
-0.447789
-0.444945
-0.449813
-0.451313
-0.454477
-0.454086
-0.457414
-0.461336
-0.466008
-0.467969
-0.468961
-0.472422
-0.475484
-0.480398
-0.488250
-0.487766
-0.491750
-0.495680
-0.495875
-0.502242
-0.501227
-0.503875
-0.508313
-0.511500
-0.520516
-0.518430
-0.525969
-0.528281
-0.534000
-0.533063
-0.544805
-0.543211
-0.545523
-0.551227
-0.561813
-0.561289
-0.570492
-0.572281
-0.577711
-0.577250
-0.582812
-0.591391
-0.590180
-0.599148
-0.605594
-0.612508
-0.614375
-0.622508
-0.623242
-0.630305
-0.634820
-0.640766
-0.649977
-0.655461
-0.656844
-0.664625
-0.673742
-0.679445
-0.687289
-0.690758
-0.697422
-0.710852
-0.716141
-0.718430
-0.734109
-0.733391
-0.742063
-0.757297
-0.762930
-0.769961
-0.781648
-0.785094
-0.795352
-0.804328
-0.822555
-0.815078
-0.826992
-0.829758
-0.836422
-0.839398
-0.842008
-0.843617
-0.851789
-0.851148
-0.858711
-0.862109
-0.871406
-0.871867
-0.882469
-0.883469
-0.890570
-0.893602
-0.899242
-0.903156
-0.910672
-0.911523
-0.919820
-0.922367
-0.926648
-0.933930
-0.935781
-0.939812
-0.948937
-0.961164
-0.964711
-0.973266
-0.977531
-0.979633
-0.985273
-0.994141
-1.000219
-1.007508
-1.019773
-1.021750
-1.033484
-1.034125
-1.036320
-1.049602
-1.052469
-1.066844
-1.072773
-1.084320
-1.089102
-1.100109
-1.108969
-1.119578
-1.122258
-1.128070
-1.142961
-1.150195
-1.169359
-1.190992
-1.186875
-1.208508
-1.215164
-1.222859
-1.231664
-1.258406
-1.275977
-1.260773
-1.306867
-1.309586
-1.316031
-1.340867
-1.385937
-1.364172
-1.382594
-1.453758
-1.453945
-1.467453
-1.501117
-1.525070
-1.517406
-1.542344
-1.547508
-1.566891
-1.567984
-1.592680
-1.600234
-1.607977
-1.625508
-1.635273
-1.643711
-1.647305
-1.664680
-1.671820
-1.681695
-1.688523
-1.699703
-1.704547
-1.715078
-1.726680
-1.730516
-1.739070
-1.747344
-1.763469
-1.778680
-1.794281
-1.812961
-1.825883
-1.836523
-1.845539
-1.860516
-1.868352
-1.881570
-1.891398
-1.900992
-1.906062
-1.915164
-1.921188
-1.927328
-1.936508
-1.941148
-1.945328
-1.951281
-1.957758
-1.960898
-1.963094
-1.967602
-1.972109
-1.974648
-1.977727
-1.979414
-1.983156
-1.985516
-1.987078
-1.988523
-1.990312
-1.991266
-1.993117
-1.993969
-1.995266
-1.995727
-1.996391
-1.996867
-1.997375
-1.998195
-1.998602
-1.998953
-1.999078
-1.999344
-1.999531
-1.999695
-1.999750
-1.999875
-1.999883
-1.999859
-1.999969
-1.999969
-2.000000
-2.000000
-1.999984
-2.000000
-2.000000
-2.000000
-2.000000
-2.000000
-2.000000
-2.000000
-2.000000
-2.000000
-2.000000
-2.000000
-2.000000
-2.000000
-2.000000
-2.000000
-2.000000
-2.000000
-2.000000
-2.000000
-2.000000
-2.000000
-2.000000
