0.050859
0.051432
0.053355
0.051424
0.054180
0.053942
0.051194
0.052736
0.056587
0.052828
0.057764
0.055076
0.054303
0.058384
0.058200
0.055903
0.054510
0.055807
0.056539
0.053755
0.055316
0.059346
0.058320
0.059014
0.056906
0.058126
0.061672
0.058857
0.057744
0.059741
0.058611
0.061281
0.059898
0.058540
0.061264
0.061413
0.061403
0.062042
0.065172
0.067081
0.065554
0.069580
0.066288
0.061317
0.068307
0.066477
0.067649
0.070752
0.063415
0.069556
0.071712
0.074224
0.068767
0.070563
0.072522
0.072500
0.075703
0.075077
0.074993
0.075282
0.076556
0.080091
0.077259
0.076019
0.086222
0.079585
0.085574
0.083776
0.085119
0.086064
0.089902
0.087672
0.085356
0.094397
0.097393
0.097202
0.094453
0.101878
0.100292
0.103219
0.103078
0.104546
0.107896
0.109687
0.111515
0.112751
0.115075
0.112392
0.118519
0.110893
0.113655
0.111122
0.122248
0.114113
0.127799
0.123642
0.126229
0.123715
0.133360
0.132119
0.135162
0.136490
0.137352
0.132694
0.143956
0.150079
0.146768
0.125696
0.163758
0.140931
0.151632
0.158896
0.165074
0.171121
0.158492
0.154393
0.169295
0.168557
0.188490
0.184839
0.203536
0.174934
0.180915
0.215272
0.189202
0.219142
0.250045
0.247550
0.201746
0.218232
0.215719
0.251706
0.263818
0.232499
0.273033
0.261616
0.266776
0.354430
0.298041
0.274069
0.308425
0.357445
0.377842
0.262522
0.467977
0.352304
0.504400
0.446922
0.455005
0.462004
0.382087
0.228081
0.555176
0.143007
0.360574
0.632403
0.112469
0.069075
0.103743
0.065950
0.086941
0.077319
0.076817
0.050361
0.053904
0.067538
0.056557
0.044479
0.043391
0.044012
0.038044
0.044733
0.039223
0.035090
0.031596
0.032601
0.031560
0.027575
0.030485
0.027988
0.027712
0.023095
0.021517
0.023584
0.018666
0.017087
0.015854
0.014987
0.014411
0.012842
0.011641
0.010622
0.010216
0.009601
0.008645
0.009072
0.008125
0.007617
0.007242
0.007374
0.006313
0.005966
0.005484
0.005223
0.004833
0.004638
0.004449
0.003591
0.003723
0.003492
0.002980
0.002999
0.002759
0.002436
0.002248
0.002036
0.001872
0.001651
0.001480
0.001366
0.001345
0.001153
0.000979
0.000950
0.000731
0.000665
0.000569
0.000464
0.000421
0.000344
0.000245
0.000274
0.000288
0.000123
0.000123
0.000000
0.000000
0.000087
0.000000
0.000000
0.000000
0.000000
0.000000
0.000000
0.000000
0.000000
0.000000
0.000000
0.000000
0.000000
0.000000
0.000000
0.000000
0.000000
0.000000
0.000000
0.000000
0.000000
0.000000
0.000000
