-0.004992
0.000199
0.000438
0.000254
0.003027
0.003012
-0.000711
-0.003246
-0.003941
-0.000172
-0.003383
-0.000871
-0.000250
0.002113
0.004391
0.000016
-0.004613
-0.006578
0.001645
0.000066
-0.000918
0.000883
0.002098
0.004391
-0.002211
0.001434
0.001496
0.001199
0.003137
0.001879
0.004039
0.001422
-0.003461
-0.002023
0.001039
-0.005859
-0.001770
0.003316
-0.000988
0.004449
-0.002250
-0.000664
-0.003871
-0.003953
0.000312
0.002164
-0.000309
-0.001418
-0.000758
-0.005398
0.001633
0.003703
-0.000797
0.001121
0.003934
-0.003129
-0.004375
-0.004906
-0.003383
-0.005723
0.001004
0.002145
0.003641
-0.000926
0.010855
0.000258
0.001199
0.008500
0.002418
0.003324
0.006945
-0.003637
0.006496
-0.003402
-0.002742
0.006570
-0.000660
-0.008926
-0.004902
-0.000402
0.004867
-0.011102
-0.000336
0.002066
0.006367
0.018621
-0.003418
-0.015582
0.000816
-0.018863
0.006187
0.004047
0.018477
-0.005984
-0.009383
0.003602
-0.010086
0.014656
0.002207
-0.011574
0.017555
-0.001082
0.009891
-0.011480
0.011148
0.008066
0.000926
0.005652
-0.010441
0.001211
-0.021672
-0.015672
-0.014621
0.007688
-0.008707
-0.025609
0.008645
-0.013789
0.018449
0.002648
0.040168
-0.004082
-0.015801
0.011090
-0.011320
0.033078
0.011691
0.023961
-0.014172
0.052223
-0.025641
-0.068285
-0.052633
0.082891
-0.064883
-0.002234
-0.121305
0.095008
-0.114395
0.236855
-0.209184
0.073309
-0.045727
-0.393637
-0.085172
0.196730
-0.022047
0.209438
0.218270
-0.300449
-0.484621
0.518586
0.152371
-0.687508
-0.613453
0.336133
-0.745277
-0.782539
-0.759539
-0.793637
-0.784238
-0.807133
-0.799516
-0.829824
-0.832660
-0.828879
-0.846133
-0.855633
-0.860141
-0.860281
-0.871668
-0.874238
-0.879832
-0.885797
-0.890281
-0.891152
-0.897727
-0.903520
-0.904035
-0.908355
-0.912191
-0.919262
-0.926699
-0.931422
-0.939754
-0.944645
-0.948578
-0.952301
-0.957289
-0.959891
-0.964691
-0.967938
-0.971184
-0.972676
-0.975719
-0.977570
-0.979363
-0.982035
-0.983613
-0.984660
-0.986477
-0.988316
-0.989344
-0.990023
-0.991223
-0.992527
-0.993187
-0.994109
-0.994496
-0.995566
-0.996211
-0.996609
-0.996984
-0.997492
-0.997738
-0.998234
-0.998434
-0.998777
-0.998902
-0.999078
-0.999199
-0.999336
-0.999543
-0.999633
-0.999738
-0.999770
-0.999836
-0.999883
-0.999922
-0.999937
-0.999969
-0.999969
-0.999965
-0.999992
-0.999992
-1.000000
-1.000000
-0.999996
-1.000000
-1.000000
-1.000000
-1.000000
-1.000000
-1.000000
-1.000000
-1.000000
-1.000000
-1.000000
-1.000000
-1.000000
-1.000000
-1.000000
-1.000000
-1.000000
-1.000000
-1.000000
-1.000000
-1.000000
-1.000000
-1.000000
