0.047677
0.047864
0.048604
0.049517
0.049219
0.049501
0.048201
0.049782
0.048210
0.048385
0.048565
0.049823
0.050171
0.051437
0.047425
0.050169
0.047292
0.051385
0.049798
0.046522
0.049351
0.050031
0.049812
0.050285
0.048755
0.051215
0.051989
0.050820
0.051306
0.051623
0.049909
0.051718
0.051900
0.049612
0.053027
0.052028
0.053128
0.052474
0.050137
0.052538
0.051107
0.051363
0.051381
0.049383
0.052851
0.052432
0.051816
0.055203
0.052679
0.054513
0.052908
0.051650
0.054610
0.051783
0.055035
0.056165
0.055667
0.055369
0.052636
0.053698
0.053342
0.054243
0.056013
0.052556
0.054220
0.057161
0.054307
0.055717
0.056317
0.056547
0.057539
0.057403
0.056853
0.058607
0.055136
0.058396
0.059137
0.057582
0.058421
0.058432
0.061288
0.059127
0.059747
0.060101
0.060721
0.059802
0.057935
0.058737
0.063123
0.059927
0.057997
0.061329
0.058225
0.060046
0.059531
0.062843
0.063312
0.064421
0.064341
0.063208
0.061842
0.065093
0.061977
0.061900
0.062555
0.063422
0.063312
0.067187
0.065562
0.066216
0.064604
0.068400
0.065884
0.070700
0.065559
0.067842
0.069987
0.067233
0.065221
0.069513
0.067270
0.067372
0.071614
0.070938
0.073894
0.073907
0.076707
0.075995
0.074454
0.074465
0.072975
0.076560
0.078731
0.074858
0.081723
0.078618
0.077987
0.081190
0.090022
0.084912
0.087733
0.092706
0.093033
0.091086
0.098202
0.096943
0.090948
0.098687
0.091875
0.094695
0.093050
0.096552
0.091689
0.091913
0.094442
0.096344
0.100483
0.080104
0.081216
0.072034
0.077821
0.077899
0.080748
0.069500
0.078364
0.069091
0.067304
0.071923
0.067310
0.062982
0.061964
0.062631
0.058823
0.060083
0.057868
0.057303
0.055808
0.056243
0.054798
0.054537
0.051047
0.051288
0.047637
0.047511
0.044274
0.043672
0.039680
0.038560
0.036560
0.037231
0.034710
0.032560
0.031074
0.029485
0.028062
0.026308
0.025161
0.024163
0.023062
0.021674
0.020082
0.019052
0.018396
0.017076
0.016938
0.015292
0.014330
0.013504
0.012379
0.011590
0.010808
0.010870
0.009664
0.008797
0.008801
0.007526
0.007181
0.006379
0.005695
0.005608
0.004782
0.003836
0.003851
0.003446
0.002975
0.002673
0.002128
0.001880
0.001717
0.001622
0.001175
0.001173
0.000652
0.000605
0.000552
0.000428
0.000428
0.000247
0.000247
0.000000
0.000000
0.000000
0.000000
0.000000
0.000000
0.000000
0.000000
0.000000
0.000000
0.000000
0.000000
0.000000
0.000000
0.000000
0.000000
0.000000
0.000000
0.000000
0.000000
0.000000
