0.024786
0.024531
0.024183
0.024524
0.023761
0.025364
0.024361
0.024547
0.025259
0.025639
0.024381
0.023661
0.025446
0.025633
0.024753
0.024172
0.024226
0.025154
0.024696
0.025221
0.025603
0.025007
0.024635
0.023641
0.026490
0.024887
0.026097
0.025684
0.025590
0.025866
0.024585
0.025906
0.026122
0.026158
0.025860
0.026091
0.024415
0.025251
0.026713
0.025791
0.025669
0.025218
0.026022
0.026539
0.024952
0.027068
0.026756
0.025995
0.025865
0.027170
0.025611
0.025832
0.026753
0.027503
0.025589
0.027179
0.027463
0.025772
0.026834
0.027442
0.027595
0.027182
0.026985
0.027703
0.027632
0.029144
0.027274
0.026659
0.027254
0.028392
0.027785
0.028752
0.028997
0.027853
0.028815
0.029412
0.030268
0.030098
0.030204
0.028627
0.027156
0.030351
0.032167
0.029026
0.029277
0.030335
0.030362
0.030244
0.031103
0.031735
0.030197
0.031167
0.029977
0.030180
0.030639
0.030596
0.032446
0.032262
0.029152
0.032034
0.031142
0.032565
0.032989
0.032439
0.029643
0.032160
0.031117
0.031180
0.033696
0.033468
0.033541
0.031314
0.034852
0.033382
0.033263
0.031795
0.034536
0.034425
0.032414
0.035176
0.033193
0.036753
0.032891
0.032880
0.033373
0.037623
0.032793
0.037786
0.036088
0.036599
0.038204
0.036253
0.040459
0.038883
0.036974
0.042242
0.038029
0.042084
0.034518
0.037979
0.046835
0.040779
0.043583
0.038847
0.042447
0.046875
0.041499
0.050923
0.045812
0.044575
0.044245
0.040313
0.045749
0.043344
0.048054
0.046655
0.045365
0.038413
0.038443
0.041832
0.040272
0.038182
0.037286
0.035563
0.033084
0.032542
0.034180
0.033795
0.031190
0.033330
0.030166
0.031164
0.030670
0.031330
0.029617
0.028955
0.027907
0.026963
0.026904
0.025786
0.027197
0.024964
0.023374
0.023645
0.022101
0.020037
0.019747
0.020028
0.017862
0.017281
0.017298
0.016115
0.014901
0.015368
0.014345
0.012908
0.012904
0.012173
0.012104
0.011231
0.010258
0.010211
0.009216
0.008272
0.008570
0.007966
0.007310
0.007033
0.006325
0.006002
0.005516
0.004963
0.004503
0.004775
0.003898
0.004072
0.003588
0.003244
0.002946
0.002503
0.002389
0.001974
0.001884
0.001642
0.001503
0.001408
0.001223
0.000918
0.000825
0.000719
0.000583
0.000438
0.000323
0.000359
0.000274
0.000204
0.000088
0.000088
0.000062
0.000008
0.000008
0.000008
0.000008
0.000008
0.000008
0.000008
0.000008
0.000008
0.000008
0.000008
0.000008
0.000008
0.000008
0.000008
0.000008
0.000008
0.000008
0.000008
0.000008
0.000008
