0.049455
0.050142
0.048054
0.047828
0.049334
0.046850
0.049128
0.048967
0.049646
0.049802
0.050862
0.048027
0.047032
0.048232
0.051264
0.051709
0.050659
0.048040
0.048911
0.050582
0.051227
0.050345
0.048589
0.049207
0.050764
0.051403
0.049730
0.051730
0.049601
0.051308
0.047954
0.049973
0.051164
0.049944
0.050964
0.051208
0.051728
0.051036
0.050908
0.048340
0.053399
0.052394
0.051448
0.049694
0.051472
0.051678
0.049905
0.056808
0.051451
0.052269
0.053817
0.053853
0.051368
0.048823
0.053301
0.052425
0.055747
0.054075
0.054069
0.053088
0.052724
0.051931
0.052373
0.054847
0.052439
0.055104
0.053013
0.054826
0.056186
0.054839
0.054975
0.058413
0.057999
0.060045
0.056086
0.061284
0.056689
0.061264
0.059313
0.057497
0.058360
0.059476
0.055692
0.062048
0.060370
0.061957
0.063709
0.062417
0.062517
0.062724
0.062064
0.058386
0.062578
0.059863
0.060374
0.062223
0.062203
0.062069
0.061546
0.062996
0.067021
0.059838
0.063654
0.065838
0.062825
0.062237
0.068257
0.063777
0.067822
0.062839
0.067967
0.065268
0.068802
0.064435
0.067295
0.067360
0.069050
0.068888
0.066211
0.070475
0.068197
0.071620
0.064227
0.068334
0.070251
0.070987
0.071394
0.073073
0.073145
0.074576
0.074017
0.070183
0.077435
0.072588
0.072500
0.078952
0.080903
0.070577
0.074623
0.091754
0.082508
0.090259
0.091052
0.081467
0.094502
0.090849
0.089853
0.098833
0.094197
0.089060
0.099536
0.102140
0.102638
0.098690
0.088730
0.084247
0.087160
0.085403
0.087121
0.083836
0.089115
0.077185
0.075726
0.077335
0.072242
0.073093
0.069449
0.064273
0.066464
0.064717
0.063972
0.057947
0.062587
0.064692
0.057897
0.057735
0.057059
0.055404
0.053739
0.053770
0.053448
0.051330
0.047963
0.046142
0.043581
0.043911
0.043378
0.041894
0.037200
0.037240
0.033192
0.031763
0.031959
0.029952
0.027335
0.025838
0.027104
0.024628
0.023732
0.021253
0.020358
0.018597
0.017976
0.016861
0.017245
0.015296
0.014749
0.012605
0.012610
0.012202
0.010998
0.010312
0.010369
0.009005
0.007951
0.008143
0.006981
0.006120
0.005645
0.005087
0.004743
0.004198
0.003702
0.003380
0.003271
0.002834
0.002201
0.001494
0.001637
0.001416
0.001200
0.000997
0.001094
0.000493
0.000000
0.000349
0.000493
0.000000
0.000000
0.000000
0.000349
0.000000
0.000000
0.000000
0.000000
0.000000
0.000000
0.000000
0.000000
0.000000
0.000000
0.000000
0.000000
0.000000
0.000000
0.000000
0.000000
0.000000
0.000000
0.000000
