1790.000000
1782.000000
1778.000000
1774.000000
1766.000000
1758.000000
1750.000000
1742.000000
1734.000000
1726.000000
1718.000000
1710.000000
1702.000000
1694.000000
1686.000000
1678.000000
1674.000000
1666.000000
1658.000000
1666.000000
1658.000000
1654.000000
1646.000000
1638.000000
1630.000000
1622.000000
1614.000000
1606.000000
1602.000000
1594.000000
1586.000000
1578.000000
1574.000000
1570.000000
1566.000000
1558.000000
1550.000000
1542.000000
1534.000000
1526.000000
1518.000000
1510.000000
1502.000000
1498.000000
1490.000000
1482.000000
1474.000000
1466.000000
1466.000000
1462.000000
1470.000000
1466.000000
1462.000000
1462.000000
1458.000000
1466.000000
1458.000000
1458.000000
1450.000000
1442.000000
1434.000000
1430.000000
1422.000000
1414.000000
1414.000000
1406.000000
1402.000000
1394.000000
1386.000000
1378.000000
1370.000000
1362.000000
1362.000000
1354.000000
1346.000000
1342.000000
1334.000000
1330.000000
1322.000000
1314.000000
1306.000000
1302.000000
1294.000000
1286.000000
1278.000000
1270.000000
1266.000000
1262.000000
1254.000000
1250.000000
1246.000000
1238.000000
1230.000000
1222.000000
1214.000000
1206.000000
1198.000000
1190.000000
1182.000000
1182.000000
1186.000000
1178.000000
1170.000000
1162.000000
1154.000000
1146.000000
1138.000000
1130.000000
1122.000000
1126.000000
1126.000000
1126.000000
1126.000000
1118.000000
1110.000000
1106.000000
1098.000000
1098.000000
1094.000000
1086.000000
1086.000000
1082.000000
1082.000000
1078.000000
1074.000000
1070.000000
1062.000000
1054.000000
1046.000000
1054.000000
1046.000000
1046.000000
1042.000000
1034.000000
1026.000000
1022.000000
1018.000000
1014.000000
1010.000000
1006.000000
1014.000000
1006.000000
998.000000
994.000000
990.000000
986.000000
994.000000
990.000000
986.000000
982.000000
978.000000
970.000000
978.000000
970.000000
966.000000
970.000000
962.000000
954.000000
950.000000
954.000000
946.000000
954.000000
958.000000
950.000000
950.000000
950.000000
946.000000
942.000000
942.000000
938.000000
942.000000
942.000000
934.000000
934.000000
934.000000
930.000000
922.000000
926.000000
922.000000
926.000000
918.000000
918.000000
910.000000
910.000000
906.000000
906.000000
898.000000
894.000000
898.000000
890.000000
898.000000
902.000000
894.000000
898.000000
890.000000
886.000000
882.000000
878.000000
874.000000
870.000000
862.000000
854.000000
850.000000
846.000000
838.000000
830.000000
822.000000
818.000000
810.000000
806.000000
810.000000
806.000000
806.000000
798.000000
794.000000
794.000000
798.000000
790.000000
790.000000
782.000000
774.000000
770.000000
774.000000
770.000000
766.000000
770.000000
762.000000
758.000000
754.000000
750.000000
742.000000
734.000000
742.000000
734.000000
734.000000
726.000000
730.000000
726.000000
718.000000
714.000000
710.000000
706.000000
698.000000
690.000000
690.000000
690.000000
686.000000
686.000000
686.000000
678.000000
674.000000
666.000000
662.000000
658.000000
650.000000
646.000000
642.000000
650.000000
646.000000
642.000000
642.000000
634.000000
626.000000
622.000000
626.000000
634.000000
626.000000
626.000000
618.000000
610.000000
602.000000
594.000000
594.000000
590.000000
586.000000
586.000000
586.000000
590.000000
582.000000
578.000000
574.000000
570.000000
562.000000
554.000000
554.000000
554.000000
550.000000
554.000000
558.000000
554.000000
546.000000
542.000000
538.000000
534.000000
530.000000
534.000000
530.000000
538.000000
538.000000
530.000000
522.000000
526.000000
534.000000
538.000000
542.000000
534.000000
534.000000
530.000000
526.000000
530.000000
526.000000
534.000000
534.000000
530.000000
526.000000
526.000000
526.000000
518.000000
514.000000
514.000000
514.000000
514.000000
518.000000
522.000000
518.000000
510.000000
518.000000
514.000000
510.000000
506.000000
510.000000
506.000000
498.000000
494.000000
498.000000
502.000000
498.000000
494.000000
498.000000
498.000000
498.000000
502.000000
498.000000
498.000000
502.000000
498.000000
506.000000
502.000000
506.000000
506.000000
498.000000
498.000000
498.000000
494.000000
498.000000
502.000000
502.000000
506.000000
502.000000
498.000000
490.000000
486.000000
482.000000
490.000000
494.000000
486.000000
490.000000
482.000000
474.000000
470.000000
466.000000
458.000000
462.000000
466.000000
466.000000
466.000000
458.000000
458.000000
466.000000
466.000000
462.000000
462.000000
462.000000
462.000000
466.000000
470.000000
478.000000
486.000000
478.000000
486.000000
486.000000
486.000000
486.000000
490.000000
494.000000
494.000000
486.000000
494.000000
494.000000
494.000000
490.000000
486.000000
490.000000
486.000000
486.000000
490.000000
490.000000
494.000000
502.000000
502.000000
498.000000
498.000000
494.000000
486.000000
482.000000
482.000000
478.000000
478.000000
474.000000
470.000000
462.000000
466.000000
466.000000
466.000000
466.000000
466.000000
470.000000
470.000000
470.000000
474.000000
482.000000
478.000000
478.000000
478.000000
478.000000
482.000000
486.000000
490.000000
498.000000
498.000000
494.000000
494.000000
494.000000
486.000000
482.000000
486.000000
478.000000
474.000000
466.000000
462.000000
462.000000
462.000000
454.000000
450.000000
450.000000
450.000000
442.000000
442.000000
434.000000
430.000000
430.000000
422.000000
422.000000
426.000000
422.000000
430.000000
434.000000
434.000000
430.000000
438.000000
438.000000
446.000000
450.000000
442.000000
446.000000
454.000000
454.000000
458.000000
458.000000
466.000000
466.000000
462.000000
466.000000
470.000000
474.000000
474.000000
470.000000
462.000000
466.000000
470.000000
470.000000
474.000000
470.000000
470.000000
462.000000
458.000000
454.000000
446.000000
438.000000
442.000000
446.000000
450.000000
446.000000
446.000000
446.000000
442.000000
442.000000
442.000000
442.000000
450.000000
458.000000
462.000000
462.000000
458.000000
466.000000
466.000000
474.000000
474.000000
470.000000
466.000000
470.000000
462.000000
458.000000
462.000000
462.000000
466.000000
466.000000
474.000000
470.000000
478.000000
474.000000
470.000000
470.000000
470.000000
470.000000
470.000000
470.000000
474.000000
474.000000
470.000000
470.000000
470.000000
478.000000
482.000000
486.000000
486.000000
494.000000
494.000000
490.000000
486.000000
486.000000
490.000000
494.000000
490.000000
494.000000
502.000000
498.000000
490.000000
494.000000
502.000000
502.000000
498.000000
506.000000
510.000000
506.000000
506.000000
510.000000
502.000000
502.000000
506.000000
510.000000
510.000000
518.000000
514.000000
510.000000
506.000000
506.000000
506.000000
506.000000
510.000000
506.000000
502.000000
502.000000
510.000000
510.000000
510.000000
506.000000
506.000000
510.000000
514.000000
518.000000
522.000000
522.000000
522.000000
526.000000
526.000000
530.000000
530.000000
530.000000
530.000000
526.000000
534.000000
534.000000
538.000000
530.000000
526.000000
518.000000
514.000000
514.000000
510.000000
502.000000
502.000000
502.000000
510.000000
510.000000
514.000000
518.000000
514.000000
522.000000
526.000000
526.000000
530.000000
526.000000
530.000000
526.000000
526.000000
522.000000
526.000000
530.000000
522.000000
526.000000
530.000000
530.000000
522.000000
526.000000
530.000000
534.000000
538.000000
538.000000
542.000000
534.000000
526.000000
522.000000
526.000000
518.000000
514.000000
514.000000
514.000000
518.000000
518.000000
518.000000
518.000000
526.000000
534.000000
530.000000
530.000000
526.000000
518.000000
522.000000
522.000000
518.000000
514.000000
518.000000
522.000000
526.000000
530.000000
538.000000
534.000000
534.000000
538.000000
542.000000
550.000000
554.000000
554.000000
558.000000
550.000000
546.000000
550.000000
550.000000
554.000000
546.000000
546.000000
554.000000
550.000000
554.000000
554.000000
558.000000
554.000000
550.000000
542.000000
542.000000
546.000000
546.000000
542.000000
534.000000
534.000000
534.000000
538.000000
538.000000
542.000000
546.000000
550.000000
542.000000
542.000000
546.000000
550.000000
550.000000
554.000000
554.000000
558.000000
562.000000
566.000000
570.000000
574.000000
570.000000
566.000000
558.000000
558.000000
562.000000
562.000000
566.000000
566.000000
562.000000
566.000000
562.000000
566.000000
570.000000
574.000000
574.000000
578.000000
578.000000
582.000000
582.000000
582.000000
578.000000
578.000000
586.000000
586.000000
590.000000
598.000000
602.000000
602.000000
594.000000
594.000000
586.000000
586.000000
586.000000
590.000000
594.000000
594.000000
594.000000
594.000000
590.000000
594.000000
598.000000
598.000000
598.000000
602.000000
602.000000
610.000000
618.000000
618.000000
626.000000
622.000000
622.000000
618.000000
618.000000
622.000000
626.000000
626.000000
626.000000
630.000000
634.000000
638.000000
638.000000
634.000000
634.000000
638.000000
642.000000
646.000000
646.000000
642.000000
646.000000
654.000000
654.000000
654.000000
658.000000
662.000000
666.000000
662.000000
666.000000
670.000000
674.000000
674.000000
678.000000
686.000000
686.000000
686.000000
694.000000
694.000000
694.000000
698.000000
698.000000
706.000000
710.000000
714.000000
710.000000
706.000000
710.000000
718.000000
718.000000
718.000000
722.000000
726.000000
726.000000
726.000000
726.000000
726.000000
726.000000
730.000000
730.000000
734.000000
738.000000
746.000000
746.000000
746.000000
742.000000
738.000000
738.000000
742.000000
742.000000
742.000000
738.000000
742.000000
746.000000
750.000000
754.000000
758.000000
758.000000
766.000000
762.000000
770.000000
774.000000
774.000000
774.000000
774.000000
778.000000
778.000000
782.000000
782.000000
786.000000
790.000000
786.000000
786.000000
786.000000
794.000000
794.000000
794.000000
794.000000
798.000000
802.000000
802.000000
810.000000
814.000000
814.000000
822.000000
826.000000
826.000000
826.000000
834.000000
834.000000
838.000000
838.000000
838.000000
842.000000
842.000000
846.000000
846.000000
854.000000
850.000000
854.000000
854.000000
862.000000
866.000000
870.000000
878.000000
874.000000
878.000000
882.000000
886.000000
886.000000
886.000000
890.000000
886.000000
882.000000
882.000000
886.000000
890.000000
898.000000
898.000000
902.000000
906.000000
910.000000
910.000000
914.000000
914.000000
914.000000
914.000000
910.000000
910.000000
914.000000
910.000000
918.000000
918.000000
918.000000
922.000000
930.000000
934.000000
938.000000
946.000000
946.000000
942.000000
946.000000
950.000000
958.000000
962.000000
966.000000
970.000000
974.000000
978.000000
978.000000
982.000000
978.000000
978.000000
982.000000
982.000000
978.000000
986.000000
990.000000
990.000000
994.000000
990.000000
994.000000
994.000000
1002.000000
1006.000000
1006.000000
1002.000000
1002.000000
1006.000000
1010.000000
1018.000000
1022.000000
1026.000000
1034.000000
1042.000000
1046.000000
1050.000000
1054.000000
1050.000000
1058.000000
1066.000000
1066.000000
1074.000000
1082.000000
1082.000000
1086.000000
1090.000000
1094.000000
1094.000000
1102.000000
1102.000000
1110.000000
1106.000000
1110.000000
1114.000000
1114.000000
1122.000000
1126.000000
1134.000000
1142.000000
1142.000000
1142.000000
1146.000000
1150.000000
1154.000000
1154.000000
1154.000000
1154.000000
1158.000000
1166.000000
1174.000000
1174.000000
1170.000000
1174.000000
1174.000000
1178.000000
1178.000000
1178.000000
1174.000000
1170.000000
1170.000000
1170.000000
1170.000000
1170.000000
1170.000000
1174.000000
1178.000000
1182.000000
1182.000000
1186.000000
1190.000000
1190.000000
1198.000000
1198.000000
1202.000000
1206.000000
1210.000000
1206.000000
1214.000000
1210.000000
1206.000000
1210.000000
1206.000000
1210.000000
1210.000000
1214.000000
1218.000000
1214.000000
1218.000000
1222.000000
1226.000000
1230.000000
1234.000000
1234.000000
1234.000000
1234.000000
1230.000000
1234.000000
1242.000000
1250.000000
1258.000000
1262.000000
1262.000000
1270.000000
1266.000000
1270.000000
1278.000000
1286.000000
1282.000000
1282.000000
1286.000000
1290.000000
1286.000000
1286.000000
1282.000000
1282.000000
1290.000000
1290.000000
1294.000000
1298.000000
1298.000000
1298.000000
1302.000000
1306.000000
1298.000000
1298.000000
1306.000000
1310.000000
1318.000000
1322.000000
1322.000000
1326.000000
1330.000000
1330.000000
1338.000000
1338.000000
1334.000000
1338.000000
1342.000000
1346.000000
1346.000000
1338.000000
1342.000000
1342.000000
1334.000000
1338.000000
1342.000000
1350.000000
1342.000000
1342.000000
1346.000000
1346.000000
1350.000000
1350.000000
1354.000000
1358.000000
1362.000000
1370.000000
1374.000000
1378.000000
1378.000000
1370.000000
1370.000000
1370.000000
1370.000000
1374.000000
1382.000000
1390.000000
1398.000000
1390.000000
1398.000000
1398.000000
1398.000000
1398.000000
1402.000000
1402.000000
1406.000000
1410.000000
1406.000000
1410.000000
1418.000000
1422.000000
1422.000000
1426.000000
1426.000000
1430.000000
1430.000000
1426.000000
1422.000000
1426.000000
1430.000000
1430.000000
1426.000000
1430.000000
1430.000000
1434.000000
1426.000000
1422.000000
1426.000000
1430.000000
1434.000000
1442.000000
1442.000000
1450.000000
1454.000000
1454.000000
1462.000000
1466.000000
1466.000000
1470.000000
1470.000000
1474.000000
1478.000000
1478.000000
1478.000000
1482.000000
1490.000000
1494.000000
1494.000000
1502.000000
1510.000000
1510.000000
1518.000000
1522.000000
1526.000000
1522.000000
1522.000000
1526.000000
1526.000000
1534.000000
1534.000000
1542.000000
1550.000000
1554.000000
1562.000000
1566.000000
1570.000000
1578.000000
1578.000000
1582.000000
1578.000000
1582.000000
1586.000000
1594.000000
1602.000000
1602.000000
1602.000000
1610.000000
1614.000000
1614.000000
1614.000000
1618.000000
1622.000000
1622.000000
1626.000000
1622.000000
1618.000000
1622.000000
1626.000000
1630.000000
1634.000000
1642.000000
1650.000000
1650.000000
1654.000000
1658.000000
1662.000000
1666.000000
1670.000000
1674.000000
1678.000000
1678.000000
1682.000000
1682.000000
1682.000000
1686.000000
1690.000000
1698.000000
1698.000000
1706.000000
1706.000000
1710.000000
1714.000000
1722.000000
1730.000000
1734.000000
1738.000000
1742.000000
1750.000000
1750.000000
1758.000000
1750.000000
1750.000000
1750.000000
1746.000000
1746.000000
1750.000000
1754.000000
1762.000000
1762.000000
1770.000000
1774.000000
1770.000000
1770.000000
1778.000000
1786.000000
1786.000000
1794.000000
1798.000000
1806.000000
1810.000000
1818.000000
1814.000000
1814.000000
1814.000000
1822.000000
1822.000000
1826.000000
1834.000000
1834.000000
1842.000000
1842.000000
1846.000000
1850.000000
1850.000000
1854.000000
1858.000000
1862.000000
1862.000000
1862.000000
1866.000000
1870.000000
1874.000000
1878.000000
1882.000000
1890.000000
1894.000000
1894.000000
1898.000000
1898.000000
1906.000000
1910.000000
1914.000000
1918.000000
1914.000000
1918.000000
1922.000000
1922.000000
1930.000000
1934.000000
1934.000000
1934.000000
1938.000000
1938.000000
1946.000000
1942.000000
1950.000000
1950.000000
1954.000000
1958.000000
1962.000000
1966.000000
1970.000000
1978.000000
1978.000000
1982.000000
1986.000000
1990.000000
1998.000000
2006.000000
2010.000000
2014.000000
2010.000000
2014.000000
2018.000000
2022.000000
2022.000000
2026.000000
2030.000000
2038.000000
2042.000000
2038.000000
2042.000000
2038.000000
2034.000000
2034.000000
2030.000000
2030.000000
2034.000000
2034.000000
2030.000000
2034.000000
2034.000000
2034.000000
2038.000000
2038.000000
2046.000000
2054.000000
2050.000000
2050.000000
2050.000000
2054.000000
2054.000000
2054.000000
2054.000000
2058.000000
2066.000000
2070.000000
2074.000000
2070.000000
2070.000000
2070.000000
2074.000000
2074.000000
2078.000000
2086.000000
2086.000000
2086.000000
2090.000000
2094.000000
2102.000000
2102.000000
2110.000000
2110.000000
2118.000000
2118.000000
2126.000000
2126.000000
2126.000000
2130.000000
2130.000000
2134.000000
2142.000000
2142.000000
2146.000000
2150.000000
2158.000000
2158.000000
2158.000000
2158.000000
2162.000000
2162.000000
2166.000000
2166.000000
2166.000000
2166.000000
2170.000000
2174.000000
2182.000000
2182.000000
2186.000000
2194.000000
2202.000000
2206.000000
2206.000000
2210.000000
2214.000000
2218.000000
2222.000000
2226.000000
2230.000000
2230.000000
2226.000000
2230.000000
2234.000000
2238.000000
2238.000000
2238.000000
2234.000000
2234.000000
2242.000000
2246.000000
2250.000000
2258.000000
2262.000000
2258.000000
2258.000000
2254.000000
2262.000000
2270.000000
2274.000000
2282.000000
2286.000000
2294.000000
2298.000000
2302.000000
2306.000000
2314.000000
2318.000000
2326.000000
2330.000000
2338.000000
2338.000000
2346.000000
2350.000000
2358.000000
2358.000000
2362.000000
2370.000000
2374.000000
2382.000000
2390.000000
2390.000000
2390.000000
2382.000000
2386.000000
2390.000000
2390.000000
2394.000000
2398.000000
2402.000000
2406.000000
2410.000000
2406.000000
2414.000000
2418.000000
2418.000000
2422.000000
2430.000000
2430.000000
2438.000000
2442.000000
2450.000000
2450.000000
2450.000000
2458.000000
2462.000000
2462.000000
2462.000000
2470.000000
2474.000000
2478.000000
2486.000000
2490.000000
2494.000000
2498.000000
2494.000000
2490.000000
2494.000000
2502.000000
2506.000000
2510.000000
2510.000000
2518.000000
2518.000000
2522.000000
2526.000000
2526.000000
2526.000000
2534.000000
2534.000000
2542.000000
2550.000000
2558.000000
2554.000000
2558.000000
2562.000000
2562.000000
2566.000000
2574.000000
2582.000000
2586.000000
2586.000000
2590.000000
2594.000000
2598.000000
2598.000000
2606.000000
2614.000000
2618.000000
2622.000000
2626.000000
2630.000000
2638.000000
2634.000000
2634.000000
2642.000000
2642.000000
2646.000000
2650.000000
2650.000000
2654.000000
2654.000000
2658.000000
2658.000000
2666.000000
2666.000000
2674.000000
2670.000000
2678.000000
2678.000000
2674.000000
2674.000000
2678.000000
2682.000000
2690.000000
2698.000000
2702.000000
2698.000000
2702.000000
2706.000000
2714.000000
2714.000000
2710.000000
2718.000000
2722.000000
2730.000000
2738.000000
2742.000000
2746.000000
2746.000000
2750.000000
2758.000000
2750.000000
2750.000000
2750.000000
2754.000000
2754.000000
2762.000000
2766.000000
2770.000000
2778.000000
2782.000000
2786.000000
2786.000000
2786.000000
2790.000000
2786.000000
2790.000000
2798.000000
2802.000000
2806.000000
2814.000000
2814.000000
2814.000000
2818.000000
2818.000000
2826.000000
2834.000000
2830.000000
2838.000000
2838.000000
2838.000000
2842.000000
2846.000000
2854.000000
2858.000000
2854.000000
2850.000000
2854.000000
2858.000000
2866.000000
2870.000000
2878.000000
2870.000000
2870.000000
2870.000000
2870.000000
2874.000000
2878.000000
2878.000000
2882.000000
2890.000000
2890.000000
2894.000000
2898.000000
2902.000000
2898.000000
2898.000000
2898.000000
2902.000000
2902.000000
2910.000000
2918.000000
2914.000000
2918.000000
2922.000000
2926.000000
2930.000000
2930.000000
2930.000000
2934.000000
2934.000000
2942.000000
2946.000000
2946.000000
2942.000000
2950.000000
2950.000000
2958.000000
2966.000000
2970.000000
2978.000000
2978.000000
2982.000000
2990.000000
2998.000000
3006.000000
3014.000000
3014.000000
3022.000000
3026.000000
3030.000000
3034.000000
3038.000000
3042.000000
3046.000000
3050.000000
3050.000000
3058.000000
3066.000000
3070.000000
3074.000000
3078.000000
3078.000000
3074.000000
3082.000000
3086.000000
3090.000000
3094.000000
3098.000000
3102.000000
3110.000000
3118.000000
3118.000000
3122.000000
3126.000000
3130.000000
3126.000000
3130.000000
3134.000000
3138.000000
3146.000000
3142.000000
3146.000000
3150.000000
3150.000000
3154.000000
3158.000000
3166.000000
3170.000000
3162.000000
3166.000000
3170.000000
3166.000000
3174.000000
3178.000000
3182.000000
3190.000000
3190.000000
3190.000000
3190.000000
3190.000000
3198.000000
3202.000000
3206.000000
3210.000000
3218.000000
3226.000000
3230.000000
3230.000000
3238.000000
3246.000000
3242.000000
3246.000000
3246.000000
3246.000000
3250.000000
3246.000000
3250.000000
3254.000000
3254.000000
3258.000000
3266.000000
3270.000000
3274.000000
3282.000000
3282.000000
3290.000000
3290.000000
3294.000000
3298.000000
3302.000000
3310.000000
3314.000000
3318.000000
3322.000000
3326.000000
3330.000000
3338.000000
3346.000000
3350.000000
3354.000000
3358.000000
3362.000000
3366.000000
3370.000000
3366.000000
3362.000000
3366.000000
3370.000000
3370.000000
3370.000000
3370.000000
3378.000000
3386.000000
3394.000000
3398.000000
3402.000000
3406.000000
3402.000000
3406.000000
3402.000000
3402.000000
3398.000000
3398.000000
3406.000000
3410.000000
3414.000000
3410.000000
3406.000000
3406.000000
3402.000000
3406.000000
3410.000000
3410.000000
3418.000000
3426.000000
3426.000000
3434.000000
3434.000000
3438.000000
3438.000000
3438.000000
3438.000000
3438.000000
3446.000000
3454.000000
3454.000000
3454.000000
3462.000000
3462.000000
3470.000000
3478.000000
3474.000000
3478.000000
3482.000000
3482.000000
3478.000000
3486.000000
3482.000000
3490.000000
3494.000000
3498.000000
3502.000000
3506.000000
3506.000000
3510.000000
3510.000000
3518.000000
3518.000000
3522.000000
3530.000000
3534.000000
3542.000000
3542.000000
3546.000000
3550.000000
3558.000000
3566.000000
3574.000000
3574.000000
3578.000000
3586.000000
3586.000000
3586.000000
3590.000000
3594.000000
3602.000000
3602.000000
3602.000000
3610.000000
3614.000000
3622.000000
3626.000000
3630.000000
3630.000000
3634.000000
3634.000000
3634.000000
3638.000000
3646.000000
3646.000000
3650.000000
3650.000000
3654.000000
3654.000000
3658.000000
3662.000000
3666.000000
3670.000000
3678.000000
3682.000000
3690.000000
3698.000000
3698.000000
3706.000000
3706.000000
3706.000000
3706.000000
3706.000000
3706.000000
3714.000000
3718.000000
3718.000000
3722.000000
3726.000000
3726.000000
3734.000000
3738.000000
3746.000000
3750.000000
3758.000000
3762.000000
3766.000000
3774.000000
3778.000000
3782.000000
3786.000000
3778.000000
3782.000000
3790.000000
3790.000000
3794.000000
3802.000000
3802.000000
3810.000000
3810.000000
3810.000000
3814.000000
3822.000000
3830.000000
3834.000000
3838.000000
3834.000000
3834.000000
3834.000000
3842.000000
3834.000000
3834.000000
3838.000000
3846.000000
3854.000000
3858.000000
3858.000000
3866.000000
3870.000000
3866.000000
3862.000000
3866.000000
3874.000000
3882.000000
3890.000000
3890.000000
3898.000000
3906.000000
3906.000000
3914.000000
3914.000000
3914.000000
3914.000000
3918.000000
3922.000000
3930.000000
3930.000000
3930.000000
3934.000000
3942.000000
3950.000000
3954.000000
3954.000000
3954.000000
3958.000000
3966.000000
3966.000000
3966.000000
3962.000000
3966.000000
3966.000000
3966.000000
3970.000000
3974.000000
3978.000000
3986.000000
3990.000000
3998.000000
4006.000000
4014.000000
4022.000000
4030.000000
4030.000000
4030.000000
4034.000000
4042.000000
4050.000000
4054.000000
4058.000000
4058.000000
4058.000000
4054.000000
4058.000000
4062.000000
4066.000000
4074.000000
4078.000000
4082.000000
4086.000000
4090.000000
4098.000000
4102.000000
4110.000000
4118.000000
4126.000000
4134.000000
4134.000000
4142.000000
4142.000000
4146.000000
4150.000000
4150.000000
4154.000000
4158.000000
4162.000000
4170.000000
4174.000000
4174.000000
4178.000000
4182.000000
4186.000000
4186.000000
4194.000000
4198.000000
4198.000000
4206.000000
4206.000000
4214.000000
4210.000000
4206.000000
4210.000000
4214.000000
4206.000000
4210.000000
4214.000000
4218.000000
4226.000000
4234.000000
4238.000000
4238.000000
4246.000000
4246.000000
4246.000000
4254.000000
4254.000000
4254.000000
4254.000000
4258.000000
4266.000000
4270.000000
4262.000000
4270.000000
4270.000000
4274.000000
4278.000000
4286.000000
4286.000000
4294.000000
4294.000000
4302.000000
4310.000000
4314.000000
4314.000000
4314.000000
4318.000000
4322.000000
4322.000000
4322.000000
4326.000000
4330.000000
4334.000000
4334.000000
4342.000000
4346.000000
4350.000000
4350.000000
4350.000000
4358.000000
4362.000000
4366.000000
4366.000000
4374.000000
4378.000000
4386.000000
4394.000000
4398.000000
4406.000000
4410.000000
4414.000000
4418.000000
4426.000000
4426.000000
4426.000000
4430.000000
4434.000000
4438.000000
4442.000000
4442.000000
4450.000000
4442.000000
4450.000000
4454.000000
4462.000000
4470.000000
4478.000000
4482.000000
4490.000000
4494.000000
4494.000000
4502.000000
4506.000000
4510.000000
4514.000000
4518.000000
4526.000000
4530.000000
4530.000000
4538.000000
4538.000000
4538.000000
4538.000000
4538.000000
4538.000000
4546.000000
4554.000000
4558.000000
4566.000000
4562.000000
4566.000000
4570.000000
4574.000000
4582.000000
4590.000000
4598.000000
4590.000000
4598.000000
4602.000000
4610.000000
4614.000000
4622.000000
4618.000000
4622.000000
4626.000000
4626.000000
4630.000000
4630.000000
4638.000000
4646.000000
4650.000000
4646.000000
4646.000000
4650.000000
4654.000000
4662.000000
4662.000000
4670.000000
4674.000000
4678.000000
4686.000000
4694.000000
4702.000000
4710.000000
4718.000000
4726.000000
4722.000000
4730.000000
4738.000000
4746.000000
4746.000000
4750.000000
4750.000000
4750.000000
4758.000000
4766.000000
4774.000000
4770.000000
4774.000000
4774.000000
4782.000000
4790.000000
4790.000000
4790.000000
4794.000000
4786.000000
4786.000000
4794.000000
4802.000000
4806.000000
4806.000000
4810.000000
4810.000000
4818.000000
4818.000000
4814.000000
4818.000000
4826.000000
4834.000000
4842.000000
4846.000000
4854.000000
4862.000000
4866.000000
4870.000000
4878.000000
4886.000000
4882.000000
4886.000000
4890.000000
4894.000000
4902.000000
4902.000000
4906.000000
4914.000000
4922.000000
4926.000000
4930.000000
4938.000000
4942.000000
4942.000000
4950.000000
4958.000000
4966.000000
4970.000000
4978.000000
4986.000000
4986.000000
4982.000000
4986.000000
4986.000000
4994.000000
4998.000000
5002.000000
5006.000000
5010.000000
5014.000000
5018.000000
5018.000000
5022.000000
5030.000000
5038.000000
5042.000000
5046.000000
5050.000000
5050.000000
5054.000000
5054.000000
5058.000000
5066.000000
5062.000000
5062.000000
5062.000000
5066.000000
5074.000000
5078.000000
5082.000000
5090.000000
5090.000000
5094.000000
5098.000000
5102.000000
5110.000000
5106.000000
5114.000000
5114.000000
5118.000000
5118.000000
5110.000000
5110.000000
5114.000000
5118.000000
5126.000000
5130.000000
5122.000000
5126.000000
5134.000000
5142.000000
5142.000000
5150.000000
5154.000000
5162.000000
5170.000000
5178.000000
5178.000000
5182.000000
5182.000000
5186.000000
5190.000000
5198.000000
5206.000000
5214.000000
5222.000000
5222.000000
5226.000000
5230.000000
5234.000000
5242.000000
5246.000000
5254.000000
5262.000000
5270.000000
5274.000000
5278.000000
5282.000000
5282.000000
5278.000000
5282.000000
5282.000000
5282.000000
5286.000000
5282.000000
5290.000000
5298.000000
5302.000000
5310.000000
5314.000000
5318.000000
5314.000000
5318.000000
5322.000000
5330.000000
5330.000000
5338.000000
5342.000000
5346.000000
5346.000000
5354.000000
5362.000000
5370.000000
5374.000000
5378.000000
5382.000000
5390.000000
5398.000000
5406.000000
5410.000000
5418.000000
5422.000000
5422.000000
5422.000000
5426.000000
5430.000000
5438.000000
5442.000000
5446.000000
5450.000000
5454.000000
5458.000000
5466.000000
5470.000000
5470.000000
5478.000000
5482.000000
5490.000000
5494.000000
5498.000000
5506.000000
5514.000000
5522.000000
5526.000000
5534.000000
5534.000000
5530.000000
5534.000000
5538.000000
5546.000000
5550.000000
5558.000000
5562.000000
5570.000000
5574.000000
5574.000000
5582.000000
5590.000000
5594.000000
5594.000000
5594.000000
5598.000000
5602.000000
5602.000000
5602.000000
5610.000000
5618.000000
5626.000000
5634.000000
5638.000000
5642.000000
5642.000000
5646.000000
5650.000000
5658.000000
5654.000000
5662.000000
5670.000000
5678.000000
5686.000000
5694.000000
5698.000000
5702.000000
5710.000000
5714.000000
5714.000000
5718.000000
5726.000000
5722.000000
5730.000000
5734.000000
5742.000000
5750.000000
5754.000000
5754.000000
5762.000000
5762.000000
5770.000000
5774.000000
5774.000000
5778.000000
5786.000000
5790.000000
5798.000000
5806.000000
5806.000000
5814.000000
5818.000000
5826.000000
5834.000000
5826.000000
5822.000000
5826.000000
5830.000000
5834.000000
5838.000000
5846.000000
5854.000000
5854.000000
5854.000000
5862.000000
5866.000000
5870.000000
5874.000000
5882.000000
5886.000000
5886.000000
5890.000000
5898.000000
5906.000000
5914.000000
5914.000000
5918.000000
5922.000000
5922.000000
5930.000000
5938.000000
5942.000000
5950.000000
5954.000000
5958.000000
5966.000000
5970.000000
5978.000000
5986.000000
5994.000000
5990.000000
5990.000000
5990.000000
5994.000000
6002.000000
6006.000000
6010.000000
6018.000000
6022.000000
6030.000000
6038.000000
6042.000000
6042.000000
6042.000000
6050.000000
6058.000000
6058.000000
6062.000000
6066.000000
6070.000000
6078.000000
6074.000000
6078.000000
6086.000000
6090.000000
6090.000000
6090.000000
6094.000000
6094.000000
6098.000000
6102.000000
6102.000000
6110.000000
6114.000000
6118.000000
6122.000000
6126.000000
6122.000000
6122.000000
6130.000000
6138.000000
6146.000000
6154.000000
6158.000000
6166.000000
6166.000000
6170.000000
6178.000000
6182.000000
6186.000000
6190.000000
6190.000000
6194.000000
6194.000000
6194.000000
6198.000000
6202.000000
6206.000000
6214.000000
6218.000000
6222.000000
6230.000000
6234.000000
6242.000000
6246.000000
6254.000000
6262.000000
6262.000000
6266.000000
6274.000000
6278.000000
6278.000000
6282.000000
6290.000000
6298.000000
6298.000000
6298.000000
6298.000000
6302.000000
6310.000000
6318.000000
6326.000000
6334.000000
6338.000000
6346.000000
6354.000000
6358.000000
6354.000000
6358.000000
6358.000000
6362.000000
6366.000000
6374.000000
6378.000000
6386.000000
6386.000000
6386.000000
6386.000000
6386.000000
6394.000000
6402.000000
6410.000000
6418.000000
6422.000000
6430.000000
6438.000000
6446.000000
6450.000000
6458.000000
6466.000000
6474.000000
6478.000000
6482.000000
6486.000000
6494.000000
6498.000000
6506.000000
6514.000000
6518.000000
6526.000000
6526.000000
6534.000000
6538.000000
6542.000000
6550.000000
6558.000000
6558.000000
6566.000000
6574.000000
6582.000000
6586.000000
6594.000000
6602.000000
6606.000000
6614.000000
6622.000000
6626.000000
6634.000000
6642.000000
6646.000000
6646.000000
6654.000000
6662.000000
6658.000000
6662.000000
6666.000000
6674.000000
6682.000000
6682.000000
6682.000000
6682.000000
6690.000000
6694.000000
6698.000000
6702.000000
6706.000000
6714.000000
6722.000000
6730.000000
6734.000000
6738.000000
6738.000000
6742.000000
6750.000000
6754.000000
6754.000000
6762.000000
6770.000000
6778.000000
6786.000000
6790.000000
6798.000000
6802.000000
6810.000000
6818.000000
6822.000000
6830.000000
6834.000000
6842.000000
6846.000000
6850.000000
6858.000000
6858.000000
6862.000000
6866.000000
6874.000000
6874.000000
6874.000000
6882.000000
6882.000000
6890.000000
6898.000000
6902.000000
6902.000000
6910.000000
6914.000000
6918.000000
6926.000000
6926.000000
6930.000000
6934.000000
6938.000000
6938.000000
6942.000000
6938.000000
6938.000000
6946.000000
6950.000000
6958.000000
6958.000000
6966.000000
6970.000000
6978.000000
6986.000000
6986.000000
6982.000000
6990.000000
6994.000000
6998.000000
7002.000000
7002.000000
7006.000000
7002.000000
7010.000000
7018.000000
7018.000000
7022.000000
7030.000000
7034.000000
7038.000000
7038.000000
7038.000000
7046.000000
7046.000000
7054.000000
7054.000000
7058.000000
7062.000000
7058.000000
7066.000000
7070.000000
7074.000000
7082.000000
7078.000000
7078.000000
7082.000000
7090.000000
7094.000000
7102.000000
7110.000000
7118.000000
7126.000000
7130.000000
7138.000000
7146.000000
7154.000000
7162.000000
7158.000000
7158.000000
7162.000000
7170.000000
7178.000000
7182.000000
7190.000000
7198.000000
7202.000000
7202.000000
7210.000000
7210.000000
7218.000000
7226.000000
7226.000000
7222.000000
7230.000000
7234.000000
7238.000000
7234.000000
7242.000000
7246.000000
7246.000000
7250.000000
7258.000000
7266.000000
7270.000000
7278.000000
7282.000000
7286.000000
7286.000000
7294.000000
7302.000000
7302.000000
7310.000000
7310.000000
7318.000000
7322.000000
7330.000000
7338.000000
7342.000000
7338.000000
7346.000000
7346.000000
7354.000000
7354.000000
7362.000000
7370.000000
7374.000000
7374.000000
7382.000000
7382.000000
7386.000000
7394.000000
7402.000000
7406.000000
7414.000000
7422.000000
7426.000000
7426.000000
7430.000000
7438.000000
7446.000000
7454.000000
7462.000000
7470.000000
7474.000000
7478.000000
7486.000000
7494.000000
7502.000000
7506.000000
7506.000000
7510.000000
7518.000000
7518.000000
7518.000000
7518.000000
7526.000000
7534.000000
7530.000000
7534.000000
7542.000000
7546.000000
7550.000000
7550.000000
7554.000000
7558.000000
7562.000000
7562.000000
7566.000000
7574.000000
7582.000000
7586.000000
7586.000000
7586.000000
7594.000000
7602.000000
7606.000000
7614.000000
7622.000000
7622.000000
7622.000000
7626.000000
7634.000000
7638.000000
7638.000000
7646.000000
7646.000000
7650.000000
7654.000000
7662.000000
7662.000000
7662.000000
7670.000000
7666.000000
7674.000000
7682.000000
7682.000000
7686.000000
7694.000000
7698.000000
7698.000000
7702.000000
7710.000000
7714.000000
7718.000000
7726.000000
7730.000000
7738.000000
7742.000000
7750.000000
7754.000000
7758.000000
7766.000000
7766.000000
7766.000000
7774.000000
7770.000000
7774.000000
7782.000000
7790.000000
7794.000000
7798.000000
7806.000000
7806.000000
7814.000000
7818.000000
7822.000000
7830.000000
7834.000000
7842.000000
7846.000000
7854.000000
7854.000000
7862.000000
7870.000000
7870.000000
7870.000000
7870.000000
7874.000000
7882.000000
7878.000000
7886.000000
7890.000000
7894.000000
7898.000000
7902.000000
7906.000000
7906.000000
7914.000000
7918.000000
7922.000000
7926.000000
7926.000000
7930.000000
7930.000000
7938.000000
7946.000000
7954.000000
7958.000000
7966.000000
7966.000000
7962.000000
7970.000000
7974.000000
7978.000000
7986.000000
7990.000000
7994.000000
7998.000000
8006.000000
8006.000000
8010.000000
8014.000000
8022.000000
8030.000000
8038.000000
8046.000000
8050.000000
8054.000000
8062.000000
8066.000000
8062.000000
8070.000000
8078.000000
8078.000000
8086.000000
8090.000000
8090.000000
8090.000000
8090.000000
8094.000000
8102.000000
8106.000000
8110.000000
8114.000000
8122.000000
8130.000000
8130.000000
8138.000000
8146.000000
8150.000000
8158.000000
8166.000000
8174.000000
8182.000000
8186.000000
8194.000000
8198.000000
8202.000000
8206.000000
8210.000000
8218.000000
8226.000000
8226.000000
8230.000000
8230.000000
8238.000000
8246.000000
8246.000000
8254.000000
8254.000000
8262.000000
8270.000000
8278.000000
8286.000000
8290.000000
8282.000000
8290.000000
8298.000000
8302.000000
8310.000000
8314.000000
8322.000000
8318.000000
8326.000000
8334.000000
8330.000000
8338.000000
8338.000000
8342.000000
8342.000000
8350.000000
8346.000000
8354.000000
8362.000000
8366.000000
8366.000000
8366.000000
8370.000000
8378.000000
8382.000000
8390.000000
8398.000000
8398.000000
8406.000000
8414.000000
8418.000000
8414.000000
8422.000000
8426.000000
8426.000000
8430.000000
8430.000000
8438.000000
8446.000000
8454.000000
8462.000000
8466.000000
8470.000000
8470.000000
8474.000000
8478.000000
8482.000000
8486.000000
8486.000000
8490.000000
8494.000000
8494.000000
8502.000000
8510.000000
8510.000000
8510.000000
8510.000000
8514.000000
8522.000000
8530.000000
8538.000000
8546.000000
8554.000000
8558.000000
8562.000000
8570.000000
8578.000000
8586.000000
8590.000000
8594.000000
8598.000000
8606.000000
8610.000000
8618.000000
8618.000000
