0.002605
0.003008
0.002336
0.003488
0.001137
-0.001117
0.004629
-0.000766
0.002473
0.001082
0.003555
-0.001016
0.000828
-0.003145
-0.003332
-0.003320
-0.000617
-0.000156
-0.002688
0.000582
0.002250
-0.000148
-0.000039
-0.001336
0.001613
-0.000254
0.002773
-0.004707
0.001023
0.003230
0.001996
-0.001461
-0.002457
-0.001414
-0.001309
-0.000203
0.000570
-0.002973
-0.003410
-0.005250
-0.000168
-0.001051
-0.000086
0.004422
0.001023
0.003883
-0.001199
0.000910
-0.001547
0.004574
-0.000855
-0.002141
-0.001770
0.004527
-0.002102
-0.000504
0.002793
-0.000387
-0.002906
0.001773
0.001633
0.002062
0.004871
0.004016
-0.005691
-0.001832
0.003645
-0.002637
-0.004496
0.000023
-0.009770
0.003578
0.000195
-0.005687
-0.008074
-0.003145
0.006305
-0.008238
0.006828
0.008520
-0.000332
-0.002641
0.008410
-0.001652
-0.011285
0.002984
-0.010996
-0.001059
0.018531
0.001980
-0.007504
0.005328
-0.012047
0.013063
0.011094
0.011250
-0.018359
-0.018051
0.029293
0.001484
0.006824
-0.024191
-0.010578
-0.005012
0.022355
-0.008953
-0.003000
0.027855
0.019391
0.012328
0.017168
-0.024320
-0.008449
0.005328
-0.028883
0.014961
0.007090
0.009848
0.027547
-0.037266
-0.011289
-0.032832
-0.031684
-0.030949
0.025023
-0.032156
0.030016
0.047215
0.028441
-0.031277
0.000078
-0.065086
0.049316
0.059480
0.060184
-0.094074
-0.096918
0.146859
-0.005574
-0.106148
0.039605
0.228527
0.114266
0.097723
-0.384953
-0.019312
0.161895
0.147668
-0.399227
0.201750
-0.098922
0.343441
-0.584633
0.309363
0.710602
0.731148
0.729656
0.765801
0.751316
0.772195
0.757082
0.797031
0.813547
0.810379
0.833703
0.841961
0.840316
0.851547
0.854883
0.864609
0.869500
0.879777
0.873957
0.881973
0.887852
0.894566
0.895121
0.902328
0.904215
0.910465
0.910496
0.918711
0.927504
0.932520
0.938516
0.942844
0.948191
0.952617
0.956711
0.959941
0.963965
0.967285
0.969832
0.973109
0.975082
0.977918
0.979926
0.982047
0.982684
0.984844
0.986504
0.988238
0.989305
0.990633
0.991512
0.992480
0.993203
0.994184
0.994758
0.995406
0.996219
0.996562
0.996785
0.997359
0.997934
0.998062
0.998465
0.998789
0.998941
0.999184
0.999301
0.999449
0.999516
0.999652
0.999695
0.999754
0.999867
0.999926
0.999910
0.999934
0.999961
0.999969
0.999961
0.999992
1.000000
0.999996
0.999992
1.000000
1.000000
1.000000
0.999996
1.000000
1.000000
1.000000
1.000000
1.000000
1.000000
1.000000
1.000000
1.000000
1.000000
1.000000
1.000000
1.000000
1.000000
1.000000
1.000000
1.000000
1.000000
1.000000
