0.048582
0.047987
0.048883
0.049143
0.049354
0.049136
0.050419
0.050983
0.049316
0.049895
0.050451
0.049943
0.048647
0.049423
0.048512
0.050393
0.047957
0.051277
0.049234
0.051762
0.050135
0.048546
0.050113
0.050786
0.051046
0.049470
0.050635
0.050141
0.050831
0.049594
0.050742
0.052174
0.050679
0.049984
0.052421
0.050927
0.049483
0.050842
0.051712
0.051396
0.051324
0.052385
0.052072
0.050450
0.052444
0.053162
0.051463
0.052294
0.053690
0.051270
0.052995
0.052524
0.053699
0.052632
0.053976
0.054168
0.053340
0.053411
0.054782
0.056369
0.054661
0.055555
0.055127
0.055821
0.054127
0.055009
0.055001
0.056617
0.057279
0.055094
0.056877
0.056214
0.056300
0.058244
0.057277
0.059827
0.059495
0.059625
0.058743
0.057476
0.059289
0.059191
0.059150
0.060022
0.061737
0.062078
0.058938
0.060274
0.062199
0.061411
0.062282
0.061073
0.061834
0.061626
0.063323
0.060503
0.061545
0.061477
0.061456
0.062978
0.060597
0.064214
0.063469
0.064774
0.064054
0.064502
0.063951
0.064955
0.065607
0.065494
0.064797
0.064419
0.066996
0.066906
0.065903
0.066369
0.065796
0.067147
0.068138
0.071360
0.071112
0.068833
0.069118
0.071834
0.072284
0.075017
0.070294
0.075372
0.071232
0.073691
0.074622
0.077766
0.081915
0.080478
0.082943
0.084336
0.081738
0.086507
0.090656
0.091100
0.089473
0.089265
0.091300
0.098302
0.099309
0.099297
0.104118
0.094516
0.101306
0.099274
0.090975
0.098407
0.093886
0.087997
0.081167
0.085358
0.086245
0.094254
0.084202
0.080973
0.080161
0.074945
0.071772
0.071974
0.072194
0.068257
0.066546
0.066667
0.066096
0.067531
0.063638
0.062755
0.062011
0.059355
0.058391
0.057518
0.057017
0.054114
0.054933
0.054469
0.052535
0.049930
0.048817
0.044819
0.045665
0.043348
0.039985
0.040052
0.037532
0.034755
0.033950
0.032389
0.031205
0.030575
0.028480
0.026447
0.025569
0.024280
0.022617
0.022411
0.020916
0.019027
0.018865
0.017716
0.016591
0.015883
0.014513
0.013945
0.013145
0.012304
0.011173
0.010689
0.009698
0.009250
0.008359
0.007573
0.006894
0.006591
0.005962
0.005511
0.004772
0.004517
0.004116
0.003538
0.003230
0.002877
0.002638
0.002383
0.002285
0.002025
0.001827
0.001624
0.001674
0.001445
0.001460
0.001445
0.001400
0.001385
0.001369
0.001369
0.001369
0.001369
0.001369
0.001369
0.001369
0.001369
0.001369
0.001369
0.001369
0.001369
0.001369
0.001369
0.001369
0.001369
0.001369
0.001369
0.001369
0.001369
0.001369
0.001369
