0.012937
0.012833
0.012213
0.011981
0.013613
0.013564
0.013424
0.013379
0.013843
0.013163
0.012047
0.012912
0.013963
0.013255
0.013431
0.013990
0.014802
0.014458
0.014555
0.013735
0.014949
0.015745
0.013157
0.014623
0.015653
0.014088
0.014912
0.014042
0.013527
0.016536
0.014658
0.017129
0.016517
0.015413
0.014787
0.016044
0.014755
0.015490
0.016307
0.016646
0.018043
0.016890
0.016314
0.016357
0.017358
0.016720
0.017134
0.015561
0.017841
0.017419
0.016648
0.017145
0.017266
0.018368
0.017858
0.020491
0.018267
0.018633
0.018286
0.016721
0.017686
0.019683
0.019661
0.021217
0.020988
0.018784
0.021906
0.023960
0.022614
0.020201
0.023540
0.021924
0.021112
0.021836
0.025678
0.019303
0.023489
0.023394
0.027787
0.026689
0.026790
0.029555
0.023848
0.024155
0.029732
0.030251
0.030052
0.035952
0.026461
0.027923
0.025343
0.030877
0.025894
0.031060
0.029593
0.036235
0.026196
0.038085
0.035303
0.023688
0.028423
0.033916
0.033261
0.042669
0.026115
0.031070
0.040456
0.027535
0.033333
0.029956
0.038459
0.035869
0.037919
0.026489
0.036466
0.043973
0.031230
0.035824
0.047096
0.035618
0.047827
0.049997
0.044697
0.043853
0.061300
0.042546
0.036321
0.041676
0.043417
0.064505
0.073341
0.042331
0.056359
0.071258
0.039924
0.067739
0.071228
0.056005
0.038545
0.071666
0.072197
0.092279
0.067036
0.060971
0.070163
0.076888
0.043648
0.155667
0.033251
0.061806
0.060190
0.082340
0.079889
0.043038
0.029982
0.030834
0.024740
0.029600
0.034786
0.051569
0.061087
0.042802
0.023616
0.014195
0.021368
0.015579
0.016387
0.011885
0.015532
0.013462
0.010962
0.009672
0.012056
0.008241
0.007682
0.008518
0.007567
0.007479
0.007632
0.006683
0.006432
0.006374
0.005758
0.005635
0.004844
0.004277
0.003638
0.003955
0.003259
0.003146
0.003005
0.002997
0.002657
0.002493
0.002215
0.002177
0.002078
0.002025
0.001813
0.001614
0.001593
0.001387
0.001391
0.001262
0.001175
0.001129
0.001040
0.000998
0.000921
0.000852
0.000767
0.000697
0.000667
0.000618
0.000562
0.000513
0.000492
0.000421
0.000354
0.000346
0.000304
0.000267
0.000253
0.000233
0.000195
0.000176
0.000154
0.000140
0.000103
0.000093
0.000082
0.000063
0.000051
0.000047
0.000032
0.000027
0.000021
0.000016
0.000010
0.000007
0.000009
0.000000
0.000000
0.000000
0.000000
0.000000
0.000000
0.000000
0.000000
0.000000
0.000000
0.000000
0.000000
0.000000
0.000000
0.000000
0.000000
0.000000
0.000000
0.000000
