0.056407
0.052148
0.050868
0.052682
0.051192
0.052464
0.052152
0.054373
0.053583
0.053763
0.054789
0.055656
0.055631
0.052138
0.057126
0.056024
0.058529
0.054373
0.057542
0.056564
0.056118
0.058859
0.057569
0.056262
0.054798
0.058814
0.060769
0.058334
0.058833
0.058013
0.054241
0.064740
0.062645
0.061309
0.063723
0.063487
0.066703
0.062199
0.064870
0.063323
0.064039
0.064144
0.067085
0.067291
0.067935
0.067545
0.068679
0.068187
0.069570
0.071632
0.072373
0.072594
0.072705
0.069696
0.068882
0.071257
0.075437
0.078541
0.076927
0.074419
0.078948
0.079197
0.079063
0.079021
0.080541
0.083309
0.081791
0.084414
0.083609
0.083857
0.088112
0.086270
0.088124
0.094151
0.091977
0.094169
0.099351
0.098615
0.105674
0.104173
0.104022
0.111259
0.103338
0.112735
0.109605
0.109594
0.110116
0.117990
0.112081
0.116539
0.115703
0.124232
0.116368
0.121132
0.123054
0.130485
0.118852
0.125777
0.130974
0.136184
0.135988
0.142922
0.129250
0.151337
0.150622
0.139391
0.146660
0.147472
0.150338
0.144199
0.148509
0.166432
0.165733
0.169189
0.167589
0.160426
0.186058
0.172694
0.186248
0.185675
0.180225
0.163837
0.188525
0.214992
0.234169
0.205899
0.206857
0.202980
0.222866
0.207180
0.266283
0.230348
0.271883
0.237694
0.231581
0.274438
0.343317
0.303853
0.365004
0.310084
0.348555
0.399672
0.400903
0.409055
0.398037
0.493000
0.473533
0.165578
0.210090
0.404399
0.421596
0.612669
0.154886
0.164487
0.636111
0.078663
0.089379
0.092063
0.585848
0.080203
0.065167
0.138687
0.059090
0.167200
0.066339
0.053753
0.049385
0.054327
0.051223
0.048852
0.043553
0.044106
0.051857
0.036686
0.043339
0.032056
0.030201
0.031279
0.030278
0.031706
0.027109
0.026214
0.020738
0.019744
0.018302
0.015899
0.015534
0.014971
0.014146
0.013181
0.012549
0.011417
0.010696
0.010531
0.009196
0.008641
0.008114
0.007787
0.007071
0.006708
0.006345
0.006086
0.005451
0.005151
0.004768
0.004776
0.004355
0.004152
0.003627
0.003228
0.002888
0.002814
0.002665
0.002377
0.002303
0.001991
0.001908
0.001642
0.001502
0.001443
0.001231
0.001103
0.001131
0.000866
0.000770
0.000688
0.000628
0.000451
0.000392
0.000401
0.000322
0.000273
0.000174
0.000213
0.000000
0.000151
0.000123
0.000000
0.000000
0.000000
0.000000
0.000000
0.000087
0.000000
0.000000
0.000000
0.000000
0.000000
0.000000
0.000000
0.000000
0.000000
0.000000
0.000000
0.000000
0.000000
0.000000
0.000000
0.000000
0.000000
