0.011719
0.011719
0.011719
0.007812
0.007812
0.003906
0.003906
0.003906
0.000000
0.000000
0.000000
0.000000
0.000000
0.000000
0.000000
0.000000
0.000000
0.000000
0.000000
0.000000
0.000000
0.000000
0.000000
0.000000
-0.003906
-0.003906
-0.011719
-0.011719
-0.011719
-0.019531
-0.019531
-0.023438
-0.023438
-0.023438
-0.023438
-0.027344
-0.027344
-0.031250
-0.035156
-0.035156
-0.039062
-0.039062
-0.042969
-0.042969
-0.042969
-0.050781
-0.050781
-0.050781
-0.050781
-0.054688
-0.062500
-0.062500
-0.066406
-0.066406
-0.066406
-0.070312
-0.078125
-0.078125
-0.082031
-0.082031
-0.085938
-0.085938
-0.085938
-0.089844
-0.093750
-0.097656
-0.097656
-0.097656
-0.097656
-0.097656
-0.097656
-0.097656
-0.097656
-0.105469
-0.105469
-0.105469
-0.109375
-0.109375
-0.113281
-0.113281
-0.117188
-0.117188
-0.117188
-0.117188
-0.117188
-0.117188
-0.117188
-0.121094
-0.121094
-0.125000
-0.125000
-0.125000
-0.128906
-0.128906
-0.128906
-0.132812
-0.132812
-0.132812
-0.132812
-0.132812
-0.132812
-0.136719
-0.136719
-0.136719
-0.136719
-0.140625
-0.140625
-0.140625
-0.140625
-0.140625
-0.140625
-0.140625
-0.144531
-0.144531
-0.144531
-0.144531
-0.144531
-0.144531
-0.148438
-0.148438
-0.148438
-0.148438
-0.148438
-0.152344
-0.152344
-0.156250
-0.156250
-0.156250
-0.156250
-0.156250
-0.156250
-0.156250
-0.160156
-0.160156
-0.160156
-0.160156
-0.160156
-0.164062
-0.167969
-0.167969
-0.167969
-0.171875
-0.175781
-0.175781
-0.175781
-0.175781
-0.175781
-0.175781
-0.175781
-0.183594
-0.187500
-0.187500
-0.187500
-0.187500
-0.191406
-0.191406
-0.191406
-0.199219
-0.199219
-0.199219
-0.199219
-0.199219
-0.199219
-0.199219
-0.199219
-0.199219
-0.207031
-0.207031
-0.207031
-0.207031
-0.207031
-0.207031
-0.207031
-0.210938
-0.210938
-0.210938
-0.210938
-0.210938
-0.210938
-0.218750
-0.218750
-0.218750
-0.218750
-0.218750
-0.218750
-0.222656
-0.226562
-0.226562
-0.230469
-0.230469
-0.234375
-0.234375
-0.238281
-0.238281
-0.242188
-0.246094
-0.246094
-0.246094
-0.246094
-0.246094
-0.246094
-0.246094
-0.246094
-0.246094
-0.246094
-0.246094
-0.246094
-0.246094
-0.246094
-0.246094
-0.246094
-0.246094
-0.246094
-0.246094
-0.246094
-0.246094
-0.246094
-0.246094
-0.246094
-0.246094
-0.250000
-0.250000
-0.250000
-0.250000
-0.250000
-0.250000
-0.250000
-0.250000
-0.250000
-0.250000
-0.250000
-0.250000
-0.250000
-0.250000
-0.250000
-0.250000
-0.250000
-0.250000
-0.250000
-0.250000
-0.250000
-0.250000
-0.250000
-0.250000
-0.250000
-0.250000
-0.250000
-0.250000
-0.250000
-0.250000
-0.253906
-0.253906
-0.253906
-0.253906
-0.253906
-0.253906
-0.257812
-0.265625
-0.265625
-0.269531
-0.269531
-0.273438
-0.273438
-0.273438
-0.273438
-0.273438
-0.277344
-0.277344
-0.277344
-0.277344
-0.277344
-0.277344
-0.277344
-0.277344
-0.277344
-0.277344
-0.277344
-0.277344
-0.277344
-0.277344
-0.277344
-0.277344
-0.277344
-0.277344
-0.277344
-0.277344
-0.277344
-0.277344
-0.281250
-0.281250
-0.281250
-0.281250
-0.281250
-0.281250
-0.281250
-0.285156
-0.285156
-0.285156
-0.289062
-0.292969
-0.292969
-0.296875
-0.296875
-0.296875
-0.300781
-0.300781
-0.300781
-0.304688
-0.304688
-0.304688
-0.308594
-0.308594
-0.312500
-0.320312
-0.320312
-0.320312
-0.320312
-0.324219
-0.324219
-0.324219
-0.328125
-0.328125
-0.328125
-0.328125
-0.328125
-0.328125
-0.328125
-0.328125
-0.328125
-0.328125
-0.328125
-0.328125
-0.328125
-0.328125
-0.332031
-0.335938
-0.335938
-0.335938
-0.335938
-0.343750
-0.343750
-0.343750
-0.343750
-0.343750
-0.343750
-0.347656
-0.347656
-0.347656
-0.347656
-0.347656
-0.347656
-0.347656
-0.355469
-0.355469
-0.355469
-0.355469
-0.359375
-0.359375
-0.359375
-0.359375
-0.363281
-0.363281
-0.371094
-0.371094
-0.371094
-0.371094
-0.371094
-0.371094
-0.371094
-0.375000
-0.375000
-0.375000
-0.375000
-0.375000
-0.375000
-0.375000
-0.378906
-0.378906
-0.378906
-0.378906
-0.382812
-0.382812
-0.382812
-0.382812
-0.382812
-0.382812
-0.382812
-0.382812
-0.386719
-0.386719
-0.386719
-0.386719
-0.386719
-0.386719
-0.386719
-0.386719
-0.386719
-0.394531
-0.394531
-0.394531
-0.394531
-0.398438
-0.398438
-0.398438
-0.398438
-0.398438
-0.402344
-0.406250
-0.406250
-0.406250
-0.406250
-0.406250
-0.410156
-0.410156
-0.417969
-0.421875
-0.421875
-0.421875
-0.421875
-0.421875
-0.425781
-0.425781
-0.425781
-0.429688
-0.433594
-0.433594
-0.437500
-0.437500
-0.437500
-0.437500
-0.437500
-0.437500
-0.437500
-0.437500
-0.437500
-0.437500
-0.437500
-0.437500
-0.441406
-0.445312
-0.449219
-0.449219
-0.449219
-0.449219
-0.449219
-0.449219
-0.453125
-0.453125
-0.453125
-0.453125
-0.453125
-0.453125
-0.457031
-0.457031
-0.457031
-0.457031
-0.460938
-0.468750
-0.468750
-0.472656
-0.472656
-0.472656
-0.472656
-0.472656
-0.472656
-0.472656
-0.472656
-0.472656
-0.472656
-0.472656
-0.472656
-0.472656
-0.472656
-0.472656
-0.472656
-0.472656
-0.472656
-0.472656
-0.472656
-0.476562
-0.480469
-0.480469
-0.488281
-0.488281
-0.488281
-0.488281
-0.488281
-0.488281
-0.492188
-0.492188
-0.492188
-0.496094
-0.496094
-0.496094
-0.496094
-0.496094
-0.496094
-0.500000
-0.500000
-0.500000
-0.500000
-0.500000
-0.507812
-0.507812
-0.507812
-0.507812
-0.511719
-0.515625
-0.515625
-0.515625
-0.515625
-0.515625
-0.515625
-0.515625
-0.515625
-0.515625
-0.515625
-0.515625
-0.519531
-0.519531
-0.519531
-0.519531
-0.519531
-0.519531
-0.519531
-0.519531
-0.519531
-0.519531
-0.519531
-0.519531
-0.523438
-0.523438
-0.523438
-0.523438
-0.523438
-0.523438
-0.523438
-0.523438
-0.527344
-0.527344
-0.527344
-0.527344
-0.527344
-0.527344
-0.527344
-0.527344
-0.527344
-0.527344
-0.527344
-0.527344
-0.527344
-0.527344
-0.531250
-0.535156
-0.535156
-0.535156
-0.535156
-0.535156
-0.535156
-0.535156
-0.535156
-0.535156
-0.535156
-0.535156
-0.535156
-0.535156
-0.535156
-0.539062
-0.539062
-0.539062
-0.539062
-0.546875
-0.546875
-0.546875
-0.546875
-0.546875
-0.546875
-0.546875
-0.546875
-0.546875
-0.546875
-0.546875
-0.546875
-0.546875
-0.550781
-0.550781
-0.550781
-0.550781
-0.550781
-0.550781
-0.558594
-0.558594
-0.558594
-0.558594
-0.562500
-0.566406
-0.566406
-0.566406
-0.566406
-0.566406
-0.566406
-0.566406
-0.566406
-0.566406
-0.566406
-0.566406
-0.570312
-0.574219
-0.578125
-0.578125
-0.582031
-0.582031
-0.582031
-0.582031
-0.582031
-0.582031
-0.582031
-0.582031
-0.585938
-0.585938
-0.585938
-0.593750
-0.593750
-0.593750
-0.593750
-0.593750
-0.593750
-0.593750
-0.593750
-0.593750
-0.593750
-0.597656
-0.601562
-0.601562
-0.601562
-0.601562
-0.601562
-0.601562
-0.601562
-0.601562
-0.605469
-0.605469
-0.605469
-0.605469
-0.605469
-0.609375
-0.609375
-0.609375
-0.613281
-0.613281
-0.621094
-0.621094
-0.621094
-0.621094
-0.621094
-0.621094
-0.621094
-0.621094
-0.621094
-0.621094
-0.621094
-0.621094
-0.621094
-0.621094
-0.621094
-0.621094
-0.628906
-0.628906
-0.628906
-0.628906
-0.628906
-0.628906
-0.628906
-0.628906
-0.628906
-0.632812
-0.632812
-0.632812
-0.632812
-0.636719
-0.636719
-0.636719
-0.640625
-0.640625
-0.640625
-0.640625
-0.648438
-0.648438
-0.648438
-0.648438
-0.648438
-0.648438
-0.648438
-0.648438
-0.648438
-0.648438
-0.648438
-0.648438
-0.648438
-0.648438
-0.648438
-0.652344
-0.652344
-0.656250
-0.656250
-0.656250
-0.656250
-0.656250
-0.656250
-0.656250
-0.656250
-0.664062
-0.664062
-0.664062
-0.664062
-0.664062
-0.664062
-0.664062
-0.664062
-0.664062
-0.664062
-0.667969
-0.667969
-0.667969
-0.667969
-0.667969
-0.671875
-0.671875
-0.671875
-0.675781
-0.675781
-0.675781
-0.679688
-0.679688
-0.683594
-0.683594
-0.683594
-0.683594
-0.683594
-0.683594
-0.683594
-0.683594
-0.683594
-0.683594
-0.683594
-0.683594
-0.687500
-0.687500
-0.687500
-0.687500
-0.687500
-0.691406
-0.691406
-0.691406
-0.691406
-0.691406
-0.691406
-0.691406
-0.691406
-0.691406
-0.691406
-0.691406
-0.691406
-0.691406
-0.695312
-0.695312
-0.695312
-0.699219
-0.699219
-0.699219
-0.703125
-0.703125
-0.703125
-0.703125
-0.703125
-0.703125
-0.703125
-0.703125
-0.703125
-0.703125
-0.703125
-0.707031
-0.707031
-0.710938
-0.710938
-0.710938
-0.710938
-0.710938
-0.710938
-0.710938
-0.710938
-0.710938
-0.710938
-0.710938
-0.710938
-0.710938
-0.710938
-0.710938
-0.710938
-0.710938
-0.710938
-0.710938
-0.710938
-0.710938
-0.710938
-0.710938
-0.710938
-0.710938
-0.710938
-0.710938
-0.710938
-0.710938
-0.710938
-0.710938
-0.710938
-0.710938
-0.710938
-0.710938
-0.710938
-0.710938
-0.710938
-0.710938
-0.710938
-0.710938
-0.710938
-0.710938
-0.710938
-0.710938
-0.710938
-0.710938
-0.710938
-0.710938
-0.710938
-0.710938
-0.710938
-0.714844
-0.714844
-0.714844
-0.718750
-0.718750
-0.718750
-0.718750
-0.722656
-0.722656
-0.722656
-0.722656
-0.722656
-0.722656
-0.722656
-0.722656
-0.722656
-0.722656
-0.722656
-0.722656
-0.722656
-0.722656
-0.722656
-0.722656
-0.722656
-0.722656
-0.722656
-0.722656
-0.722656
-0.722656
-0.722656
-0.722656
-0.722656
-0.722656
-0.722656
-0.722656
-0.726562
-0.726562
-0.726562
-0.726562
-0.726562
-0.726562
-0.726562
-0.726562
-0.726562
-0.726562
-0.726562
-0.726562
-0.726562
-0.730469
-0.730469
-0.734375
-0.734375
-0.734375
-0.734375
-0.734375
-0.734375
-0.734375
-0.738281
-0.738281
-0.738281
-0.738281
-0.738281
-0.738281
-0.738281
-0.738281
-0.738281
-0.738281
-0.738281
-0.738281
-0.738281
-0.738281
-0.738281
-0.738281
-0.738281
-0.738281
-0.742188
-0.742188
-0.742188
-0.746094
-0.746094
-0.746094
-0.746094
-0.746094
-0.746094
-0.746094
-0.746094
-0.746094
-0.750000
-0.750000
-0.750000
-0.750000
-0.750000
-0.750000
-0.750000
-0.750000
-0.750000
-0.750000
-0.750000
-0.750000
-0.750000
-0.750000
-0.750000
-0.750000
-0.750000
-0.750000
-0.750000
-0.750000
-0.750000
-0.750000
-0.750000
-0.750000
-0.757812
-0.757812
-0.757812
-0.757812
-0.761719
-0.761719
-0.761719
-0.761719
-0.761719
-0.761719
-0.761719
-0.761719
-0.761719
-0.761719
-0.761719
-0.761719
-0.761719
-0.761719
-0.761719
-0.765625
-0.765625
-0.773438
-0.773438
-0.773438
-0.773438
-0.773438
-0.773438
-0.773438
-0.773438
-0.773438
-0.773438
-0.773438
-0.773438
-0.773438
-0.773438
-0.773438
-0.773438
-0.773438
-0.773438
-0.773438
-0.773438
-0.773438
-0.773438
-0.773438
-0.773438
-0.773438
-0.773438
-0.773438
-0.773438
-0.777344
-0.777344
-0.777344
-0.777344
-0.777344
-0.777344
-0.777344
-0.777344
-0.777344
-0.777344
-0.777344
-0.777344
-0.777344
-0.781250
-0.781250
-0.781250
-0.781250
-0.781250
-0.781250
-0.781250
-0.781250
-0.781250
-0.781250
-0.781250
-0.781250
-0.781250
-0.781250
-0.781250
-0.781250
-0.781250
-0.781250
-0.781250
-0.781250
-0.781250
-0.781250
-0.781250
-0.781250
-0.781250
-0.781250
-0.781250
-0.781250
-0.781250
-0.785156
-0.785156
-0.785156
-0.785156
-0.785156
-0.785156
-0.785156
-0.785156
-0.785156
-0.785156
-0.785156
-0.785156
-0.785156
-0.789062
-0.789062
-0.789062
-0.792969
-0.792969
-0.792969
-0.792969
-0.792969
-0.792969
-0.792969
-0.792969
-0.796875
-0.796875
-0.796875
-0.796875
-0.796875
-0.796875
-0.796875
-0.796875
-0.796875
-0.796875
-0.796875
-0.796875
-0.796875
-0.796875
-0.796875
-0.796875
-0.796875
-0.796875
-0.796875
-0.796875
-0.796875
-0.796875
-0.796875
-0.800781
-0.800781
-0.800781
-0.800781
-0.800781
-0.800781
-0.800781
-0.800781
-0.800781
-0.800781
-0.800781
-0.800781
-0.800781
-0.800781
-0.800781
-0.800781
-0.800781
-0.800781
-0.800781
-0.800781
-0.800781
-0.800781
-0.800781
-0.800781
-0.800781
-0.800781
-0.800781
-0.800781
-0.800781
-0.800781
-0.800781
-0.800781
-0.800781
-0.800781
-0.800781
-0.800781
-0.800781
-0.800781
-0.800781
-0.800781
-0.800781
-0.800781
-0.800781
-0.800781
-0.800781
-0.800781
-0.800781
-0.800781
-0.800781
-0.800781
-0.800781
-0.800781
-0.800781
-0.800781
-0.800781
-0.800781
-0.800781
-0.800781
-0.800781
-0.800781
-0.800781
-0.800781
-0.800781
-0.800781
-0.800781
-0.800781
-0.800781
-0.800781
-0.800781
-0.800781
-0.804688
-0.804688
-0.804688
-0.804688
-0.804688
-0.804688
-0.804688
-0.804688
-0.804688
-0.804688
-0.804688
-0.804688
-0.804688
-0.804688
-0.804688
-0.804688
-0.804688
-0.804688
-0.804688
-0.804688
-0.812500
-0.812500
-0.812500
-0.812500
-0.812500
-0.812500
-0.812500
-0.812500
-0.812500
-0.812500
-0.812500
-0.812500
-0.812500
-0.812500
-0.812500
-0.812500
-0.812500
-0.812500
-0.812500
-0.812500
-0.812500
-0.812500
-0.812500
-0.812500
-0.812500
-0.812500
-0.812500
-0.812500
-0.812500
-0.812500
-0.812500
-0.812500
-0.812500
-0.812500
-0.812500
-0.812500
-0.812500
-0.812500
-0.812500
-0.812500
-0.812500
-0.812500
-0.812500
-0.812500
-0.812500
-0.812500
-0.812500
-0.812500
-0.812500
-0.812500
-0.812500
-0.812500
-0.816406
-0.816406
-0.816406
-0.816406
-0.816406
-0.816406
-0.816406
-0.816406
-0.820312
-0.820312
-0.820312
-0.820312
-0.820312
-0.824219
-0.824219
-0.824219
-0.824219
-0.824219
-0.824219
-0.824219
-0.824219
-0.824219
-0.824219
-0.824219
-0.832031
-0.832031
-0.832031
-0.832031
-0.832031
-0.832031
-0.832031
-0.832031
-0.832031
-0.835938
-0.835938
-0.835938
-0.843750
-0.843750
-0.843750
-0.843750
-0.843750
-0.843750
-0.843750
-0.851562
-0.851562
-0.855469
-0.855469
-0.855469
-0.855469
-0.855469
-0.855469
-0.855469
-0.855469
-0.855469
-0.855469
-0.855469
-0.855469
-0.855469
-0.855469
-0.855469
-0.855469
-0.855469
-0.859375
-0.859375
-0.859375
-0.859375
-0.859375
-0.859375
-0.859375
-0.859375
-0.859375
-0.859375
-0.859375
-0.859375
-0.859375
-0.859375
-0.859375
-0.859375
-0.859375
-0.859375
-0.859375
-0.859375
-0.859375
-0.859375
-0.859375
-0.859375
-0.859375
-0.859375
-0.859375
-0.859375
-0.859375
-0.859375
-0.859375
-0.859375
-0.859375
-0.867188
-0.867188
-0.867188
-0.867188
-0.867188
-0.867188
-0.867188
-0.867188
-0.867188
-0.867188
-0.867188
-0.867188
-0.867188
-0.867188
-0.867188
-0.867188
-0.867188
-0.867188
-0.867188
-0.867188
-0.867188
-0.867188
-0.867188
-0.867188
-0.867188
-0.867188
-0.867188
-0.867188
-0.867188
-0.867188
-0.867188
-0.867188
-0.871094
-0.871094
-0.871094
-0.878906
-0.878906
-0.878906
-0.878906
-0.878906
-0.878906
-0.878906
-0.878906
-0.878906
-0.878906
-0.878906
-0.878906
-0.878906
-0.878906
-0.878906
-0.878906
-0.882812
-0.882812
-0.882812
-0.882812
-0.882812
-0.882812
-0.882812
-0.882812
-0.882812
-0.882812
-0.882812
-0.882812
-0.882812
-0.886719
-0.886719
-0.886719
-0.886719
-0.886719
-0.886719
-0.886719
-0.890625
-0.890625
-0.890625
-0.890625
-0.890625
-0.890625
-0.890625
-0.890625
-0.890625
-0.890625
-0.890625
-0.890625
-0.890625
-0.894531
-0.894531
-0.894531
-0.894531
-0.894531
-0.894531
-0.894531
-0.894531
-0.894531
-0.898438
-0.898438
-0.898438
-0.902344
-0.902344
-0.902344
-0.902344
-0.902344
-0.902344
-0.902344
-0.902344
-0.902344
-0.902344
-0.902344
-0.902344
-0.902344
-0.902344
-0.902344
-0.902344
-0.902344
-0.902344
-0.902344
-0.902344
-0.902344
-0.902344
-0.902344
-0.902344
-0.902344
-0.902344
-0.902344
-0.902344
-0.902344
-0.902344
-0.902344
-0.902344
-0.902344
-0.902344
-0.902344
-0.902344
-0.902344
-0.902344
-0.902344
-0.902344
-0.902344
-0.902344
-0.902344
-0.902344
-0.902344
-0.902344
-0.902344
-0.902344
-0.902344
-0.902344
-0.902344
-0.902344
-0.902344
-0.902344
-0.902344
-0.902344
-0.902344
-0.902344
-0.902344
-0.902344
-0.902344
-0.902344
-0.902344
-0.902344
-0.902344
-0.902344
-0.902344
-0.902344
-0.902344
-0.902344
-0.902344
-0.902344
-0.902344
-0.902344
-0.898438
-0.898438
-0.898438
-0.898438
-0.898438
-0.898438
-0.898438
-0.898438
-0.898438
-0.898438
-0.898438
-0.898438
-0.898438
-0.898438
-0.898438
-0.898438
-0.898438
-0.898438
-0.898438
-0.898438
-0.898438
-0.898438
-0.898438
-0.898438
-0.898438
-0.898438
-0.898438
-0.898438
-0.898438
-0.898438
-0.898438
-0.898438
-0.898438
-0.898438
-0.898438
-0.898438
-0.898438
-0.898438
-0.898438
-0.898438
-0.898438
-0.898438
-0.898438
-0.898438
-0.898438
-0.898438
-0.898438
-0.898438
-0.898438
-0.898438
-0.898438
-0.898438
-0.898438
-0.898438
-0.898438
-0.898438
-0.898438
-0.898438
-0.898438
-0.902344
-0.902344
-0.902344
-0.902344
-0.902344
-0.902344
-0.902344
-0.902344
-0.902344
-0.902344
-0.902344
-0.902344
-0.902344
-0.902344
-0.902344
-0.902344
-0.902344
-0.902344
-0.902344
-0.902344
-0.902344
-0.902344
-0.902344
-0.902344
-0.902344
-0.902344
-0.902344
-0.902344
-0.902344
-0.902344
-0.902344
-0.902344
-0.902344
-0.902344
-0.906250
-0.906250
-0.906250
-0.906250
-0.906250
-0.906250
-0.906250
-0.906250
-0.906250
-0.906250
-0.906250
-0.906250
-0.906250
-0.906250
-0.906250
-0.906250
-0.906250
-0.906250
-0.906250
-0.906250
-0.910156
-0.910156
-0.910156
-0.910156
-0.910156
-0.910156
-0.910156
-0.910156
-0.910156
-0.910156
-0.910156
-0.910156
-0.910156
-0.910156
-0.910156
-0.910156
-0.910156
-0.910156
-0.910156
-0.910156
-0.910156
-0.910156
-0.910156
-0.910156
-0.910156
-0.910156
-0.910156
-0.910156
-0.910156
-0.910156
-0.910156
-0.910156
-0.910156
-0.910156
-0.910156
-0.910156
-0.910156
-0.910156
-0.910156
-0.910156
-0.910156
-0.910156
-0.910156
-0.910156
-0.910156
-0.910156
-0.910156
-0.910156
-0.910156
-0.910156
-0.910156
-0.910156
-0.910156
-0.910156
-0.910156
-0.910156
-0.910156
-0.910156
-0.910156
-0.910156
-0.910156
-0.910156
-0.910156
-0.914062
-0.914062
-0.914062
-0.914062
-0.914062
-0.914062
-0.914062
-0.914062
-0.914062
-0.914062
-0.914062
-0.914062
-0.914062
-0.914062
-0.914062
-0.914062
-0.914062
-0.914062
-0.914062
-0.914062
-0.914062
-0.914062
-0.914062
-0.914062
-0.914062
-0.914062
-0.914062
-0.914062
-0.914062
-0.914062
-0.914062
-0.914062
-0.914062
-0.914062
-0.914062
-0.914062
-0.914062
-0.914062
-0.914062
-0.914062
-0.914062
-0.914062
-0.917969
-0.917969
-0.925781
-0.925781
-0.925781
-0.925781
-0.925781
-0.925781
-0.925781
-0.925781
-0.925781
-0.925781
-0.933594
-0.933594
-0.933594
-0.933594
-0.933594
-0.933594
-0.933594
-0.933594
-0.933594
-0.933594
-0.933594
-0.933594
-0.933594
-0.933594
-0.933594
-0.933594
-0.933594
-0.933594
-0.933594
-0.937500
-0.937500
-0.937500
-0.937500
-0.937500
-0.937500
-0.937500
-0.937500
-0.937500
-0.937500
-0.937500
-0.937500
-0.941406
-0.941406
-0.941406
-0.941406
-0.941406
-0.941406
-0.941406
-0.941406
-0.941406
-0.941406
-0.941406
-0.941406
-0.941406
-0.945312
-0.945312
-0.945312
-0.945312
-0.945312
-0.949219
-0.953125
-0.953125
-0.953125
-0.953125
-0.953125
-0.953125
-0.953125
-0.953125
-0.957031
-0.957031
-0.957031
-0.957031
-0.957031
-0.957031
-0.957031
-0.957031
-0.957031
-0.957031
-0.957031
-0.957031
-0.957031
-0.957031
-0.957031
-0.957031
-0.957031
-0.964844
-0.964844
-0.964844
-0.964844
-0.964844
-0.964844
-0.964844
-0.964844
-0.964844
-0.964844
-0.964844
-0.964844
-0.964844
-0.964844
-0.964844
-0.964844
-0.964844
-0.964844
-0.964844
-0.964844
-0.964844
-0.964844
-0.964844
-0.964844
-0.964844
-0.964844
-0.964844
-0.964844
-0.964844
-0.964844
-0.964844
-0.964844
-0.964844
-0.964844
-0.964844
-0.964844
-0.964844
-0.964844
-0.964844
-0.964844
-0.964844
-0.964844
-0.964844
-0.964844
-0.964844
-0.964844
-0.964844
-0.964844
-0.964844
-0.964844
-0.964844
-0.964844
-0.964844
-0.964844
-0.964844
-0.964844
-0.964844
-0.964844
-0.964844
-0.964844
-0.964844
-0.964844
-0.964844
-0.964844
-0.964844
-0.964844
-0.964844
-0.964844
-0.964844
-0.964844
-0.964844
-0.964844
-0.964844
-0.964844
-0.964844
-0.964844
-0.968750
-0.968750
-0.968750
-0.968750
-0.968750
-0.968750
-0.968750
-0.968750
-0.968750
-0.968750
-0.968750
-0.968750
-0.968750
-0.968750
-0.968750
-0.968750
-0.968750
-0.968750
-0.968750
-0.968750
-0.968750
-0.972656
-0.972656
-0.976562
-0.976562
-0.976562
-0.976562
-0.976562
-0.976562
-0.976562
-0.976562
-0.976562
-0.976562
-0.976562
-0.976562
-0.980469
-0.980469
-0.980469
-0.980469
-0.980469
-0.980469
-0.980469
-0.980469
-0.980469
-0.980469
-0.980469
-0.980469
-0.984375
-0.984375
-0.988281
-0.988281
-0.988281
-0.988281
-0.988281
-0.988281
-0.988281
-0.988281
-0.988281
-0.988281
-0.988281
-0.988281
-0.992188
-0.992188
-0.992188
-0.992188
-0.992188
-0.996094
-0.996094
-0.996094
-0.996094
-0.996094
-0.996094
-0.996094
-0.996094
-0.996094
-0.996094
-0.996094
-0.996094
-0.996094
-0.996094
-0.996094
-0.996094
-0.996094
-0.996094
-0.996094
-0.996094
-0.996094
-0.996094
-0.996094
-0.996094
-0.996094
-0.996094
-0.996094
-0.996094
-1.000000
-1.000000
-1.000000
-1.000000
-1.000000
-1.000000
-1.000000
-1.000000
-1.000000
-1.000000
-1.000000
-1.000000
-1.000000
-1.000000
-1.000000
-1.000000
-1.000000
-1.000000
-1.000000
-1.000000
-1.000000
-1.000000
-1.000000
-1.000000
-1.000000
-1.000000
-1.000000
-1.000000
-1.000000
-1.000000
-1.000000
-1.000000
-1.000000
-1.000000
-1.000000
-1.000000
-1.000000
-1.000000
-1.000000
-1.000000
-1.000000
-1.000000
-1.000000
-1.000000
-1.000000
-1.000000
-1.000000
-1.000000
-1.000000
-1.000000
-1.000000
-1.000000
-1.000000
-1.000000
-1.003906
-1.003906
-1.003906
-1.003906
-1.003906
-1.003906
-1.003906
-1.003906
-1.003906
-1.003906
-1.003906
-1.003906
-1.003906
-1.003906
-1.003906
-1.003906
-1.003906
-1.003906
-1.003906
-1.003906
-1.003906
-1.003906
-1.003906
-1.003906
-1.007812
-1.007812
-1.007812
-1.007812
-1.007812
-1.007812
-1.007812
-1.007812
-1.007812
-1.007812
-1.007812
-1.007812
-1.007812
-1.007812
-1.007812
-1.007812
-1.007812
-1.007812
-1.007812
-1.007812
-1.007812
-1.007812
-1.007812
-1.007812
-1.007812
-1.007812
-1.007812
-1.007812
-1.007812
-1.007812
-1.007812
-1.011719
-1.011719
-1.011719
-1.011719
-1.011719
-1.011719
-1.011719
-1.011719
-1.011719
-1.011719
-1.011719
-1.011719
-1.011719
-1.011719
-1.011719
-1.011719
-1.011719
-1.011719
-1.011719
-1.011719
-1.011719
-1.011719
-1.011719
-1.011719
-1.011719
-1.011719
-1.011719
-1.011719
-1.011719
-1.011719
-1.011719
-1.011719
-1.015625
-1.015625
-1.015625
-1.015625
-1.015625
-1.015625
-1.015625
-1.015625
-1.015625
-1.019531
-1.023438
-1.023438
-1.023438
-1.023438
-1.023438
-1.023438
-1.023438
-1.023438
-1.023438
-1.023438
-1.023438
-1.023438
-1.023438
-1.023438
-1.023438
-1.023438
-1.023438
-1.023438
-1.023438
-1.023438
-1.023438
-1.023438
-1.023438
-1.023438
-1.023438
-1.023438
-1.023438
-1.023438
-1.023438
-1.023438
-1.023438
-1.023438
-1.023438
-1.023438
-1.023438
-1.027344
-1.027344
-1.027344
-1.031250
-1.031250
-1.031250
-1.031250
-1.035156
-1.035156
-1.035156
-1.035156
-1.035156
-1.035156
-1.035156
-1.035156
-1.035156
-1.035156
-1.035156
-1.035156
-1.035156
-1.035156
-1.035156
-1.035156
-1.035156
-1.035156
-1.035156
-1.035156
-1.035156
-1.035156
-1.035156
-1.035156
-1.035156
-1.035156
-1.035156
-1.035156
-1.035156
-1.035156
-1.035156
-1.035156
-1.035156
-1.035156
-1.035156
-1.035156
-1.035156
-1.035156
-1.035156
-1.035156
-1.035156
-1.035156
-1.035156
-1.035156
-1.039062
-1.039062
-1.039062
-1.039062
-1.039062
-1.039062
-1.039062
-1.039062
-1.039062
-1.039062
-1.039062
-1.039062
-1.039062
-1.042969
-1.042969
-1.042969
-1.042969
-1.046875
-1.046875
-1.046875
-1.046875
-1.046875
-1.046875
-1.046875
-1.046875
-1.046875
-1.046875
-1.046875
-1.046875
-1.046875
-1.046875
-1.046875
-1.046875
-1.046875
-1.046875
-1.046875
-1.046875
-1.046875
-1.046875
-1.046875
-1.046875
-1.046875
-1.046875
-1.046875
-1.046875
-1.046875
-1.046875
-1.046875
-1.046875
-1.046875
-1.046875
-1.046875
-1.046875
-1.046875
-1.046875
-1.046875
-1.046875
-1.046875
-1.046875
-1.046875
-1.046875
-1.046875
-1.046875
-1.046875
-1.046875
-1.046875
-1.046875
-1.046875
-1.046875
-1.046875
-1.046875
-1.046875
-1.046875
-1.046875
-1.046875
-1.046875
-1.046875
-1.046875
-1.046875
-1.046875
-1.046875
-1.046875
-1.046875
-1.046875
-1.046875
-1.046875
-1.046875
-1.046875
-1.046875
-1.046875
-1.050781
-1.050781
-1.050781
-1.050781
-1.050781
-1.050781
-1.050781
-1.050781
-1.050781
-1.050781
-1.050781
-1.050781
-1.050781
-1.050781
-1.050781
-1.050781
-1.050781
-1.050781
-1.050781
-1.054688
-1.054688
-1.054688
-1.054688
-1.054688
-1.054688
-1.058594
-1.058594
-1.058594
-1.058594
-1.058594
-1.062500
-1.062500
-1.062500
-1.062500
-1.062500
-1.062500
-1.062500
-1.062500
-1.062500
-1.062500
-1.062500
-1.062500
-1.062500
-1.062500
-1.062500
-1.066406
-1.066406
-1.066406
-1.066406
-1.066406
-1.066406
-1.066406
-1.066406
-1.066406
-1.066406
-1.066406
-1.070312
-1.070312
-1.070312
-1.070312
-1.070312
-1.074219
-1.074219
-1.074219
-1.074219
-1.074219
-1.074219
-1.074219
-1.074219
-1.074219
-1.074219
-1.074219
-1.074219
-1.074219
-1.074219
-1.074219
-1.074219
-1.074219
-1.074219
-1.074219
-1.074219
-1.074219
-1.074219
-1.074219
-1.074219
-1.074219
-1.074219
-1.074219
-1.074219
-1.074219
-1.074219
-1.074219
-1.078125
-1.078125
-1.078125
-1.078125
-1.078125
-1.078125
-1.078125
-1.078125
-1.078125
-1.078125
-1.078125
-1.078125
-1.078125
-1.078125
-1.078125
-1.078125
-1.078125
-1.078125
-1.078125
-1.078125
-1.078125
-1.078125
-1.078125
-1.078125
-1.078125
-1.078125
-1.078125
-1.078125
-1.082031
-1.082031
-1.082031
-1.082031
-1.082031
-1.082031
-1.082031
-1.082031
-1.082031
-1.082031
-1.082031
-1.082031
-1.085938
-1.085938
-1.085938
-1.085938
-1.085938
-1.085938
-1.093750
-1.093750
-1.093750
-1.093750
-1.093750
-1.093750
-1.093750
-1.093750
-1.093750
-1.093750
-1.093750
-1.093750
-1.093750
-1.093750
-1.093750
-1.093750
-1.093750
-1.093750
-1.093750
-1.093750
-1.093750
-1.093750
-1.093750
-1.093750
-1.093750
-1.093750
-1.093750
-1.093750
-1.097656
-1.097656
-1.097656
-1.097656
-1.097656
-1.097656
-1.097656
-1.097656
-1.097656
-1.097656
-1.097656
-1.097656
-1.097656
-1.097656
-1.097656
-1.097656
-1.097656
-1.097656
-1.097656
-1.097656
-1.097656
-1.097656
-1.097656
-1.097656
-1.097656
-1.097656
-1.097656
-1.097656
-1.097656
-1.097656
-1.097656
-1.097656
-1.097656
-1.097656
-1.097656
-1.097656
-1.097656
-1.097656
-1.097656
-1.097656
-1.097656
-1.097656
-1.097656
-1.097656
-1.097656
-1.097656
-1.097656
-1.097656
-1.097656
-1.097656
-1.097656
-1.097656
-1.097656
-1.097656
-1.097656
-1.097656
-1.097656
-1.097656
-1.101562
-1.101562
-1.101562
-1.101562
-1.101562
-1.101562
-1.101562
-1.101562
-1.101562
-1.101562
-1.101562
-1.101562
-1.101562
-1.101562
-1.101562
-1.101562
-1.101562
-1.101562
-1.101562
-1.101562
-1.101562
-1.101562
-1.101562
-1.101562
-1.101562
-1.101562
-1.101562
-1.101562
-1.101562
-1.101562
-1.101562
-1.101562
-1.101562
-1.101562
-1.101562
-1.101562
-1.101562
-1.101562
-1.101562
-1.101562
-1.101562
-1.101562
-1.101562
-1.109375
-1.109375
-1.109375
-1.109375
-1.109375
-1.109375
-1.109375
-1.109375
-1.109375
-1.109375
-1.109375
-1.109375
-1.109375
-1.109375
-1.109375
-1.117188
-1.117188
-1.117188
-1.117188
-1.117188
-1.117188
-1.117188
-1.121094
-1.121094
-1.121094
-1.121094
-1.121094
-1.121094
-1.121094
-1.121094
-1.121094
-1.121094
-1.121094
-1.121094
-1.121094
-1.121094
-1.121094
-1.121094
-1.121094
-1.121094
-1.121094
-1.121094
-1.121094
-1.121094
-1.121094
-1.125000
-1.125000
-1.125000
-1.125000
-1.125000
-1.125000
-1.125000
-1.125000
-1.125000
-1.125000
-1.125000
-1.125000
-1.125000
-1.125000
-1.125000
-1.125000
-1.125000
-1.125000
-1.125000
-1.125000
-1.125000
-1.125000
-1.125000
-1.125000
-1.125000
-1.125000
-1.125000
-1.125000
-1.125000
-1.125000
-1.125000
-1.125000
-1.125000
-1.125000
-1.125000
-1.125000
-1.125000
-1.125000
-1.128906
-1.132812
-1.132812
-1.132812
-1.132812
-1.132812
-1.132812
-1.132812
-1.132812
-1.132812
-1.132812
-1.132812
-1.132812
-1.132812
-1.132812
-1.132812
-1.132812
-1.132812
-1.132812
-1.132812
-1.132812
-1.132812
-1.132812
-1.132812
-1.132812
-1.132812
-1.132812
-1.132812
-1.132812
-1.132812
-1.132812
-1.132812
-1.132812
-1.132812
-1.132812
-1.132812
-1.132812
-1.132812
-1.132812
-1.132812
-1.132812
-1.132812
-1.132812
-1.132812
-1.132812
-1.132812
-1.132812
-1.132812
-1.132812
-1.132812
-1.132812
-1.132812
-1.132812
-1.132812
-1.132812
-1.132812
-1.132812
-1.132812
-1.132812
-1.132812
-1.132812
-1.132812
-1.132812
-1.132812
-1.132812
-1.132812
-1.132812
-1.132812
-1.132812
-1.132812
-1.132812
-1.132812
-1.132812
-1.132812
-1.132812
-1.132812
-1.132812
-1.132812
-1.132812
-1.132812
-1.132812
-1.132812
-1.132812
-1.132812
-1.132812
-1.132812
-1.132812
-1.132812
-1.132812
-1.132812
-1.132812
-1.132812
-1.132812
-1.132812
-1.132812
-1.132812
-1.132812
-1.132812
-1.132812
-1.132812
-1.132812
-1.132812
-1.132812
-1.132812
-1.132812
-1.132812
-1.132812
-1.132812
-1.132812
-1.132812
-1.132812
-1.132812
-1.132812
-1.132812
-1.132812
-1.132812
-1.132812
-1.132812
-1.132812
-1.132812
-1.132812
-1.132812
-1.132812
-1.132812
-1.132812
-1.132812
-1.132812
-1.136719
-1.136719
-1.136719
-1.136719
-1.136719
-1.136719
-1.136719
-1.136719
-1.136719
-1.136719
-1.136719
-1.136719
-1.136719
-1.136719
-1.136719
-1.136719
-1.136719
-1.136719
-1.136719
-1.136719
-1.136719
-1.136719
-1.136719
-1.136719
-1.136719
-1.136719
-1.136719
-1.136719
-1.136719
-1.136719
-1.136719
-1.136719
-1.136719
-1.140625
-1.140625
-1.140625
-1.140625
-1.140625
-1.140625
-1.140625
-1.140625
-1.140625
-1.140625
-1.144531
-1.144531
-1.144531
-1.144531
-1.144531
-1.144531
-1.144531
-1.144531
-1.152344
-1.152344
-1.152344
-1.152344
-1.152344
-1.152344
-1.152344
-1.152344
-1.152344
-1.152344
-1.152344
-1.152344
-1.152344
-1.152344
-1.152344
-1.152344
-1.152344
-1.152344
-1.152344
-1.152344
-1.152344
-1.152344
-1.152344
-1.152344
-1.152344
-1.152344
-1.152344
-1.152344
-1.152344
-1.152344
-1.152344
-1.152344
-1.152344
-1.152344
-1.152344
-1.152344
-1.152344
-1.152344
-1.152344
-1.152344
-1.152344
-1.152344
-1.152344
-1.152344
-1.152344
-1.152344
-1.152344
-1.156250
-1.156250
-1.156250
-1.156250
-1.156250
-1.156250
-1.156250
-1.156250
-1.156250
-1.156250
-1.156250
-1.156250
-1.156250
-1.156250
-1.156250
-1.156250
-1.156250
-1.156250
-1.156250
-1.160156
-1.160156
-1.160156
-1.160156
-1.160156
-1.160156
-1.160156
-1.160156
-1.160156
-1.160156
-1.164062
-1.164062
-1.164062
-1.164062
-1.164062
-1.164062
-1.164062
-1.164062
-1.164062
-1.164062
-1.164062
-1.164062
-1.164062
-1.164062
-1.164062
-1.167969
-1.167969
-1.167969
-1.167969
-1.167969
-1.167969
-1.167969
-1.167969
-1.167969
-1.167969
-1.167969
-1.167969
-1.167969
-1.167969
-1.167969
-1.167969
-1.167969
-1.167969
-1.167969
-1.167969
-1.167969
-1.167969
-1.167969
-1.167969
-1.167969
-1.167969
-1.167969
-1.167969
-1.171875
-1.171875
-1.171875
-1.171875
-1.171875
-1.171875
-1.171875
-1.171875
-1.171875
-1.171875
-1.171875
-1.171875
-1.171875
-1.171875
-1.171875
-1.171875
-1.171875
-1.171875
-1.171875
-1.171875
-1.171875
-1.171875
-1.171875
-1.171875
-1.171875
-1.171875
-1.171875
-1.171875
-1.171875
-1.171875
-1.171875
-1.171875
-1.171875
-1.171875
-1.171875
-1.171875
-1.171875
-1.171875
-1.171875
-1.171875
-1.171875
-1.171875
-1.171875
-1.171875
-1.171875
-1.171875
-1.171875
-1.171875
-1.171875
-1.171875
-1.171875
-1.171875
-1.171875
-1.171875
-1.171875
-1.171875
-1.171875
-1.171875
-1.171875
-1.171875
-1.179688
-1.179688
-1.179688
-1.179688
-1.179688
-1.179688
-1.179688
-1.179688
-1.179688
-1.183594
-1.183594
-1.183594
-1.183594
-1.183594
-1.183594
-1.183594
-1.183594
-1.183594
-1.183594
-1.183594
-1.183594
-1.183594
-1.183594
-1.183594
-1.183594
-1.183594
-1.183594
-1.183594
-1.183594
-1.187500
-1.187500
-1.187500
-1.191406
-1.191406
-1.191406
-1.191406
-1.191406
-1.191406
-1.191406
-1.191406
-1.191406
-1.191406
-1.191406
-1.191406
-1.191406
-1.191406
-1.191406
-1.191406
-1.191406
-1.191406
-1.191406
-1.191406
-1.191406
-1.191406
-1.191406
-1.191406
-1.191406
-1.191406
-1.191406
-1.191406
-1.191406
-1.191406
-1.191406
-1.191406
-1.191406
-1.191406
-1.191406
-1.191406
-1.191406
-1.191406
-1.191406
-1.191406
-1.191406
-1.191406
-1.191406
-1.191406
-1.191406
-1.191406
-1.191406
-1.191406
-1.191406
-1.195312
-1.195312
-1.195312
-1.195312
-1.195312
-1.195312
-1.195312
-1.195312
-1.195312
-1.195312
-1.195312
-1.195312
-1.195312
-1.195312
-1.195312
-1.195312
-1.195312
-1.195312
-1.195312
-1.195312
-1.195312
-1.195312
-1.195312
-1.195312
-1.195312
-1.195312
-1.195312
-1.195312
-1.195312
-1.195312
-1.195312
-1.195312
-1.195312
-1.195312
-1.195312
-1.195312
-1.195312
-1.195312
-1.195312
-1.195312
-1.195312
-1.195312
-1.195312
-1.195312
-1.195312
-1.195312
-1.195312
-1.195312
-1.195312
-1.195312
-1.195312
-1.195312
-1.195312
-1.199219
-1.199219
-1.199219
-1.199219
-1.199219
-1.199219
-1.199219
-1.199219
-1.199219
-1.199219
-1.199219
-1.199219
-1.203125
-1.203125
-1.203125
-1.203125
-1.203125
-1.203125
-1.203125
-1.203125
-1.203125
-1.203125
-1.203125
-1.203125
-1.203125
-1.203125
-1.203125
-1.203125
-1.203125
-1.203125
-1.203125
-1.203125
-1.203125
-1.207031
-1.207031
-1.207031
-1.207031
-1.207031
-1.207031
-1.207031
-1.207031
-1.207031
-1.207031
-1.207031
-1.207031
-1.207031
-1.207031
-1.207031
-1.207031
-1.207031
-1.207031
-1.207031
-1.207031
-1.207031
-1.207031
-1.210938
-1.210938
-1.210938
-1.210938
-1.210938
-1.210938
-1.210938
-1.210938
-1.210938
-1.210938
-1.210938
-1.210938
-1.210938
-1.210938
-1.210938
-1.210938
-1.210938
-1.210938
-1.210938
-1.210938
-1.210938
-1.210938
-1.210938
-1.210938
-1.210938
-1.210938
-1.210938
-1.210938
-1.210938
-1.210938
-1.210938
-1.210938
-1.210938
-1.210938
-1.210938
-1.210938
-1.210938
-1.210938
-1.210938
-1.214844
-1.214844
-1.214844
-1.214844
-1.214844
-1.214844
-1.214844
-1.214844
-1.214844
-1.214844
-1.214844
-1.214844
-1.214844
-1.214844
-1.214844
-1.214844
-1.214844
-1.214844
-1.214844
-1.214844
-1.214844
-1.214844
-1.214844
-1.214844
-1.214844
-1.214844
-1.214844
-1.214844
-1.214844
-1.214844
-1.214844
-1.214844
-1.214844
-1.214844
-1.214844
-1.214844
-1.214844
-1.214844
-1.214844
-1.214844
-1.214844
-1.214844
-1.214844
-1.214844
-1.214844
-1.214844
-1.214844
-1.214844
-1.214844
-1.214844
-1.214844
-1.214844
-1.214844
-1.214844
-1.214844
-1.214844
-1.214844
-1.214844
-1.214844
-1.214844
-1.214844
-1.214844
-1.214844
-1.214844
-1.214844
-1.214844
-1.214844
-1.214844
-1.214844
-1.214844
-1.214844
-1.214844
-1.214844
-1.214844
-1.214844
-1.214844
-1.218750
-1.218750
-1.218750
-1.218750
-1.218750
-1.218750
-1.218750
-1.218750
-1.218750
-1.218750
-1.218750
-1.218750
-1.218750
-1.218750
-1.218750
-1.218750
-1.218750
-1.218750
-1.218750
-1.218750
-1.218750
-1.218750
-1.218750
-1.222656
-1.222656
-1.222656
-1.222656
-1.222656
-1.222656
-1.222656
-1.226562
-1.226562
-1.226562
-1.226562
-1.226562
-1.226562
-1.226562
-1.226562
-1.226562
-1.226562
-1.226562
-1.226562
-1.226562
-1.226562
-1.226562
-1.226562
-1.226562
-1.226562
-1.226562
-1.226562
-1.226562
-1.226562
-1.226562
-1.226562
-1.226562
-1.226562
-1.226562
-1.226562
-1.226562
-1.226562
-1.226562
-1.226562
-1.226562
-1.226562
-1.226562
-1.226562
-1.226562
-1.226562
-1.226562
-1.226562
-1.226562
-1.226562
-1.226562
-1.226562
-1.226562
-1.226562
-1.226562
-1.226562
-1.226562
-1.226562
-1.230469
-1.230469
-1.230469
-1.230469
-1.230469
-1.230469
-1.230469
-1.230469
-1.230469
-1.234375
-1.234375
-1.234375
-1.234375
-1.234375
-1.234375
-1.234375
-1.234375
-1.234375
-1.234375
-1.234375
-1.234375
-1.234375
-1.234375
-1.234375
-1.234375
-1.234375
-1.234375
-1.234375
-1.234375
-1.238281
-1.238281
-1.238281
-1.238281
-1.238281
-1.238281
-1.238281
-1.238281
-1.238281
-1.238281
-1.238281
-1.238281
-1.238281
-1.238281
-1.238281
-1.238281
-1.238281
-1.238281
-1.238281
-1.238281
-1.238281
-1.238281
-1.238281
-1.238281
-1.238281
-1.238281
-1.238281
-1.238281
-1.238281
-1.238281
-1.238281
-1.238281
-1.238281
-1.238281
-1.238281
-1.238281
-1.238281
-1.238281
-1.238281
-1.238281
-1.238281
-1.238281
-1.238281
-1.238281
-1.238281
-1.238281
-1.238281
-1.238281
-1.238281
-1.238281
-1.238281
-1.238281
-1.238281
-1.242188
-1.242188
-1.242188
-1.242188
-1.242188
-1.242188
-1.242188
-1.242188
-1.242188
-1.242188
-1.242188
-1.242188
-1.242188
-1.242188
-1.242188
-1.242188
-1.242188
-1.242188
-1.242188
-1.242188
-1.242188
-1.242188
-1.242188
-1.242188
-1.242188
-1.242188
-1.242188
-1.242188
-1.242188
-1.242188
-1.242188
-1.242188
-1.242188
-1.242188
-1.242188
-1.242188
-1.242188
-1.242188
-1.242188
-1.242188
-1.242188
-1.242188
-1.242188
-1.242188
-1.242188
-1.242188
-1.242188
-1.242188
-1.242188
-1.242188
-1.242188
-1.242188
-1.242188
-1.242188
-1.242188
-1.242188
-1.242188
-1.242188
-1.242188
-1.242188
-1.242188
-1.242188
-1.242188
-1.242188
-1.242188
-1.242188
-1.242188
-1.242188
-1.242188
-1.242188
-1.242188
-1.242188
-1.242188
-1.242188
-1.242188
-1.242188
-1.242188
-1.242188
-1.242188
-1.242188
-1.242188
-1.242188
-1.242188
-1.246094
-1.246094
-1.246094
-1.246094
-1.246094
-1.246094
-1.246094
-1.246094
-1.246094
-1.246094
-1.246094
-1.246094
-1.246094
-1.246094
-1.246094
-1.250000
-1.250000
-1.250000
-1.250000
-1.250000
-1.250000
-1.250000
-1.250000
-1.253906
-1.253906
-1.253906
-1.253906
-1.253906
-1.253906
-1.253906
-1.253906
-1.253906
-1.253906
-1.253906
-1.253906
-1.253906
-1.253906
-1.253906
-1.253906
-1.253906
-1.253906
-1.253906
-1.253906
-1.253906
-1.253906
-1.253906
-1.253906
-1.253906
-1.257812
-1.257812
-1.257812
-1.257812
-1.257812
-1.257812
-1.257812
-1.257812
-1.257812
-1.257812
-1.257812
-1.257812
-1.257812
-1.257812
-1.261719
-1.261719
-1.261719
-1.261719
-1.261719
-1.261719
-1.261719
-1.261719
-1.261719
-1.261719
-1.261719
-1.261719
-1.261719
-1.261719
-1.261719
-1.261719
-1.261719
-1.261719
-1.261719
-1.261719
-1.261719
-1.261719
-1.261719
-1.261719
-1.261719
-1.269531
-1.269531
-1.269531
-1.269531
-1.269531
-1.269531
-1.269531
-1.269531
-1.269531
-1.269531
-1.269531
-1.269531
-1.269531
-1.269531
-1.269531
-1.269531
-1.269531
-1.269531
-1.269531
-1.269531
-1.269531
-1.269531
-1.269531
-1.269531
-1.269531
-1.269531
-1.269531
-1.269531
-1.269531
-1.269531
-1.269531
-1.269531
-1.269531
-1.273438
-1.273438
-1.273438
-1.273438
-1.273438
-1.273438
-1.273438
-1.273438
-1.273438
-1.273438
-1.273438
-1.273438
-1.273438
-1.273438
-1.273438
-1.273438
-1.273438
-1.273438
-1.273438
-1.273438
-1.273438
-1.273438
-1.273438
-1.273438
-1.273438
-1.273438
-1.273438
-1.273438
-1.273438
-1.273438
-1.273438
-1.273438
-1.273438
-1.273438
-1.273438
-1.273438
-1.273438
-1.273438
-1.273438
-1.277344
-1.277344
-1.277344
-1.277344
-1.277344
-1.277344
-1.277344
-1.277344
-1.277344
-1.277344
-1.277344
-1.277344
-1.277344
-1.277344
-1.277344
-1.277344
-1.277344
-1.277344
-1.277344
-1.277344
-1.277344
-1.277344
-1.277344
-1.277344
-1.277344
-1.277344
-1.277344
-1.277344
-1.277344
-1.277344
-1.281250
-1.281250
-1.281250
-1.281250
-1.281250
-1.281250
-1.281250
-1.281250
-1.281250
-1.281250
-1.281250
-1.281250
-1.281250
-1.281250
-1.281250
-1.281250
-1.281250
-1.281250
-1.281250
-1.281250
-1.281250
-1.281250
-1.281250
-1.281250
-1.281250
-1.281250
-1.281250
-1.281250
-1.281250
-1.281250
-1.281250
-1.281250
-1.281250
-1.281250
-1.281250
-1.281250
-1.281250
-1.281250
-1.281250
-1.281250
-1.281250
-1.281250
-1.281250
-1.281250
-1.281250
-1.281250
-1.281250
-1.281250
-1.281250
-1.281250
-1.281250
-1.281250
-1.281250
-1.281250
-1.281250
-1.281250
-1.281250
-1.281250
-1.281250
-1.281250
-1.281250
-1.281250
-1.281250
-1.281250
-1.281250
-1.281250
-1.281250
-1.281250
-1.281250
-1.281250
-1.281250
-1.285156
-1.285156
-1.285156
-1.285156
-1.285156
-1.285156
-1.285156
-1.285156
-1.285156
-1.285156
-1.285156
-1.285156
-1.285156
-1.285156
-1.285156
-1.285156
-1.285156
-1.285156
-1.285156
-1.285156
-1.285156
-1.285156
-1.285156
-1.285156
-1.285156
-1.285156
-1.285156
-1.285156
-1.285156
-1.285156
-1.285156
-1.285156
-1.285156
-1.285156
-1.285156
-1.285156
-1.285156
-1.285156
-1.285156
-1.285156
-1.285156
-1.285156
-1.285156
-1.285156
-1.285156
-1.285156
-1.285156
-1.285156
-1.285156
-1.285156
-1.285156
-1.285156
-1.285156
-1.285156
-1.285156
-1.285156
-1.285156
-1.285156
-1.285156
-1.285156
-1.285156
-1.285156
-1.285156
-1.285156
-1.285156
-1.285156
-1.285156
-1.285156
-1.285156
-1.285156
-1.285156
-1.289062
-1.289062
-1.289062
-1.289062
-1.289062
-1.289062
-1.289062
-1.289062
-1.289062
-1.289062
-1.289062
-1.289062
-1.289062
-1.289062
-1.289062
-1.289062
-1.289062
-1.289062
-1.289062
-1.289062
-1.289062
-1.289062
-1.289062
-1.289062
-1.289062
-1.289062
-1.289062
-1.289062
-1.289062
-1.289062
-1.289062
-1.289062
-1.289062
-1.289062
-1.289062
-1.289062
-1.289062
-1.289062
-1.289062
-1.289062
-1.289062
-1.289062
-1.289062
-1.289062
-1.289062
-1.289062
-1.289062
-1.289062
-1.289062
-1.289062
-1.289062
-1.289062
-1.289062
-1.289062
-1.289062
-1.289062
-1.289062
-1.289062
-1.289062
-1.289062
-1.289062
-1.289062
-1.289062
-1.289062
-1.289062
-1.289062
-1.289062
-1.289062
-1.289062
-1.289062
-1.289062
-1.289062
-1.289062
-1.289062
-1.289062
-1.289062
-1.289062
-1.289062
-1.289062
-1.289062
-1.289062
-1.292969
-1.292969
-1.292969
-1.292969
-1.292969
-1.292969
-1.292969
-1.292969
-1.292969
-1.292969
-1.292969
-1.292969
-1.292969
-1.292969
-1.292969
-1.292969
-1.292969
-1.292969
-1.292969
-1.300781
-1.300781
-1.300781
-1.300781
-1.300781
-1.300781
-1.300781
-1.300781
-1.300781
-1.300781
-1.300781
-1.300781
-1.300781
-1.300781
-1.300781
-1.300781
-1.300781
-1.300781
-1.300781
-1.300781
