0.006182
0.002938
0.002191
0.001772
0.005367
0.004782
0.006740
0.002094
0.006068
0.003615
0.001769
0.002876
0.000426
0.005011
0.003592
0.002535
0.002252
0.002863
0.006067
0.004247
0.003430
0.003777
0.003784
0.007238
-0.002594
0.004431
0.009023
0.004688
0.003805
0.005369
0.004194
0.002858
0.004274
0.003154
0.001994
0.002913
0.000324
0.007823
0.002554
0.004773
0.002987
0.000851
0.006069
0.007765
0.008914
0.011527
0.010476
0.009196
0.005490
0.001750
0.004589
0.009271
0.007750
0.004878
0.008889
0.009952
0.010421
0.009263
0.008818
0.013122
0.001998
0.013286
0.005824
0.009826
0.009410
0.019468
0.016686
0.004350
0.006789
0.020510
0.009797
0.012684
0.022404
0.006081
0.024901
0.011205
0.004950
0.030999
0.017145
0.025150
0.019839
0.006615
0.007375
0.025435
0.024083
0.022526
0.031845
0.033018
0.028322
0.030626
0.011961
0.031845
0.031956
0.028726
0.015225
0.026083
0.045298
0.031154
0.024326
0.043976
0.026579
0.035730
0.038369
0.035765
0.029662
0.055528
0.020224
0.052855
0.044629
0.027623
0.014684
0.054722
0.032911
0.030928
0.057048
0.037435
0.051157
0.081995
0.082327
0.009723
0.090348
0.081844
0.119656
0.071316
0.099518
0.075216
0.060479
0.089949
0.089544
0.091414
0.124009
0.108373
0.219760
0.159868
0.172187
0.063045
0.308652
0.161725
0.194556
0.208479
0.234655
0.303808
0.163055
0.408075
0.496697
0.376636
0.276600
0.464697
0.616758
0.664698
0.648497
0.675563
0.669872
0.679154
0.722939
0.745676
0.754896
0.763749
0.783977
0.795602
0.804668
0.815776
0.828695
0.837383
0.837507
0.843520
0.851543
0.852572
0.867828
0.868197
0.875292
0.877948
0.882437
0.883835
0.889809
0.893079
0.900625
0.906164
0.906801
0.909680
0.915204
0.920967
0.928520
0.933783
0.940370
0.944146
0.949803
0.953280
0.958083
0.961315
0.964387
0.967704
0.970355
0.972575
0.975845
0.977947
0.979779
0.981770
0.983404
0.984997
0.986622
0.988261
0.989072
0.990490
0.991172
0.992360
0.993322
0.994089
0.994812
0.995499
0.996107
0.996653
0.997035
0.997331
0.997854
0.998096
0.998508
0.998655
0.998904
0.999161
0.999279
0.999466
0.999530
0.999632
0.999728
0.999759
0.999829
0.999892
0.999920
0.999933
0.999957
0.999975
0.999986
0.999983
0.999990
0.999995
0.999999
0.999999
1.000000
1.000000
1.000000
1.000000
1.000000
1.000000
1.000000
1.000000
1.000000
1.000000
1.000000
1.000000
1.000000
1.000000
1.000000
1.000000
1.000000
1.000000
1.000000
1.000000
1.000000
1.000000
