0.001556
0.001603
0.001883
0.001352
0.001719
0.001782
0.001573
0.001481
0.001603
0.001674
0.001749
0.001764
0.001657
0.001889
0.001774
0.001717
0.001626
0.001933
0.001749
0.001961
0.001774
0.001812
0.001495
0.001446
0.001988
0.001786
0.002096
0.001833
0.001649
0.001866
0.001738
0.001670
0.001825
0.002147
0.001727
0.001904
0.002262
0.001984
0.001920
0.002289
0.001922
0.002004
0.001815
0.001936
0.001820
0.002293
0.002264
0.002122
0.002450
0.002512
0.001815
0.001694
0.002419
0.002346
0.002142
0.002117
0.002309
0.002606
0.002245
0.002287
0.002492
0.002596
0.002966
0.002163
0.003079
0.002585
0.002598
0.002187
0.002386
0.001974
0.002897
0.003100
0.002627
0.002928
0.002795
0.002890
0.002567
0.002622
0.002484
0.003858
0.002312
0.003619
0.003475
0.003417
0.002907
0.002542
0.002537
0.003294
0.002204
0.003518
0.003553
0.002183
0.002866
0.003000
0.002667
0.003020
0.003642
0.003691
0.003783
0.002855
0.003849
0.003968
0.002983
0.002709
0.004235
0.002468
0.004374
0.003030
0.005262
0.002749
0.002759
0.004250
0.005283
0.004173
0.003605
0.002814
0.004149
0.005519
0.004453
0.003904
0.003494
0.002822
0.005406
0.004287
0.003563
0.005265
0.004554
0.004917
0.002803
0.002949
0.005696
0.005151
0.005848
0.006700
0.004316
0.003254
0.003897
0.009862
0.003556
0.003922
0.007237
0.004410
0.007068
0.011074
0.008030
0.010726
0.010997
0.008542
0.011862
0.012260
0.012141
0.012744
0.007297
0.007887
0.010340
0.005999
0.008849
0.007468
0.006914
0.005805
0.006522
0.006468
0.006292
0.005921
0.006550
0.006270
0.006133
0.006288
0.006191
0.006218
0.006371
0.006200
0.006363
0.006323
0.006307
0.006326
0.006395
0.006361
0.006427
0.006438
0.006457
0.006574
0.006593
0.006577
0.006645
0.006633
0.006692
0.006701
0.006724
0.006743
0.006763
0.006785
0.006796
0.006818
0.006834
0.006845
0.006864
0.006873
0.006881
0.006896
0.006902
0.006912
0.006919
0.006929
0.006936
0.006940
0.006948
0.006952
0.006958
0.006963
0.006966
0.006970
0.006972
0.006976
0.006979
0.006981
0.006982
0.006985
0.006987
0.006987
0.006988
0.006989
0.006990
0.006990
0.006990
0.006992
0.006992
0.006992
0.006992
0.006993
0.006993
0.006993
0.006993
0.006992
0.006993
0.006993
0.006994
0.006993
0.006993
0.006993
0.006993
0.006993
0.006993
0.006993
0.006993
0.006993
0.006993
0.006993
0.006993
0.006993
0.006993
0.006993
0.006993
0.006993
0.006993
0.006993
0.006993
0.006993
0.006993
0.006993
