0.099447
0.099721
0.099508
0.099650
0.099352
0.100939
0.101154
0.101748
0.101438
0.102051
0.101508
0.101697
0.102193
0.102803
0.102182
0.102350
0.103035
0.103301
0.102088
0.102660
0.104031
0.101578
0.103918
0.103863
0.104432
0.104125
0.104881
0.104537
0.106930
0.105525
0.105498
0.105318
0.104463
0.103990
0.105367
0.105705
0.105320
0.107078
0.106535
0.105764
0.106611
0.107162
0.106459
0.107354
0.106117
0.107334
0.107020
0.106963
0.107023
0.107777
0.107197
0.106701
0.108100
0.107262
0.108549
0.107428
0.107068
0.108168
0.107658
0.107646
0.106980
0.108588
0.108426
0.107830
0.108313
0.107811
0.109146
0.108752
0.107420
0.108867
0.108623
0.107516
0.106947
0.106982
0.107307
0.106865
0.107191
0.106771
0.107637
0.105947
0.107168
0.106246
0.106816
0.107150
0.106174
0.106391
0.106162
0.106496
0.106475
0.105191
0.106430
0.104975
0.106518
0.104625
0.104602
0.105682
0.105498
0.104752
0.103791
0.104385
0.104043
0.103875
0.104285
0.102906
0.103336
0.103742
0.102939
0.102578
0.102391
0.102430
0.101736
0.102701
0.101680
0.101828
0.100734
0.101387
0.100885
0.100760
0.100656
0.099572
0.099289
0.098844
0.099605
0.097723
0.099541
0.098564
0.097566
0.097023
0.096686
0.097604
0.097014
0.096432
0.095518
0.095084
0.094730
0.094529
0.093398
0.093650
0.093137
0.092799
0.091176
0.090975
0.090639
0.090354
0.089721
0.088408
0.087172
0.087287
0.086266
0.087244
0.084799
0.084777
0.084393
0.080668
0.083520
0.081512
0.077695
0.075588
0.074883
0.072279
0.069900
0.072471
0.067141
0.066586
0.068115
0.065117
0.067039
0.061572
0.060521
0.059568
0.057340
0.058299
0.056848
0.054957
0.054553
0.054705
0.053799
0.052393
0.050840
0.050553
0.049039
0.047324
0.045207
0.042381
0.040449
0.038602
0.037605
0.035281
0.034061
0.032016
0.031051
0.029578
0.028053
0.026566
0.024508
0.023566
0.022254
0.021063
0.019437
0.018619
0.017398
0.016424
0.014982
0.014275
0.013107
0.012076
0.011186
0.009973
0.009689
0.008654
0.007945
0.007209
0.006555
0.005795
0.005309
0.004633
0.004172
0.003748
0.003137
0.002766
0.002443
0.002150
0.001770
0.001547
0.001268
0.001029
0.000822
0.000648
0.000553
0.000461
0.000367
0.000238
0.000176
0.000156
0.000092
0.000055
0.000039
0.000023
0.000031
0.000006
0.000008
0.000000
0.000000
0.000002
0.000000
0.000000
0.000000
0.000000
0.000000
0.000000
0.000000
0.000000
0.000000
0.000000
0.000000
0.000000
0.000000
0.000000
0.000000
0.000000
