-0.427648
-0.430766
-0.435367
-0.430406
-0.438445
-0.441109
-0.443180
-0.443141
-0.448742
-0.452125
-0.450508
-0.456648
-0.457563
-0.465531
-0.461695
-0.471203
-0.470664
-0.473703
-0.479055
-0.475961
-0.485930
-0.492258
-0.488727
-0.491211
-0.493000
-0.499719
-0.503555
-0.508336
-0.508047
-0.514070
-0.520102
-0.519227
-0.525617
-0.528328
-0.533141
-0.537687
-0.541445
-0.548203
-0.549109
-0.553305
-0.559258
-0.560344
-0.563797
-0.574031
-0.576102
-0.580688
-0.586711
-0.585086
-0.598719
-0.596844
-0.604250
-0.609523
-0.612516
-0.621070
-0.626133
-0.635188
-0.634156
-0.644117
-0.647148
-0.655117
-0.663766
-0.665164
-0.671617
-0.678984
-0.686977
-0.694687
-0.700570
-0.710328
-0.713594
-0.714398
-0.728969
-0.741625
-0.749695
-0.754180
-0.764656
-0.769188
-0.782422
-0.790922
-0.795297
-0.804805
-0.817797
-0.822469
-0.823664
-0.833781
-0.837531
-0.833945
-0.843203
-0.846219
-0.848539
-0.856531
-0.862031
-0.861477
-0.871648
-0.876234
-0.877594
-0.887758
-0.890484
-0.892234
-0.893961
-0.899594
-0.906977
-0.914898
-0.917367
-0.926109
-0.928664
-0.939680
-0.942398
-0.946578
-0.953086
-0.959492
-0.961719
-0.967594
-0.979859
-0.979688
-0.985687
-0.991477
-0.999672
-1.007852
-1.007086
-1.020211
-1.030328
-1.036523
-1.040102
-1.053664
-1.057664
-1.064016
-1.076500
-1.080367
-1.086492
-1.096063
-1.105336
-1.110031
-1.114398
-1.141234
-1.135461
-1.151773
-1.168633
-1.178305
-1.174461
-1.192937
-1.199266
-1.229805
-1.237961
-1.244727
-1.292664
-1.267039
-1.301766
-1.330398
-1.337797
-1.312555
-1.362469
-1.366414
-1.404742
-1.425781
-1.462539
-1.484164
-1.485859
-1.513156
-1.511906
-1.538953
-1.527594
-1.562453
-1.579188
-1.579062
-1.603703
-1.615695
-1.616234
-1.629500
-1.637898
-1.653047
-1.659898
-1.677750
-1.673000
-1.687773
-1.695883
-1.709734
-1.712531
-1.724375
-1.731570
-1.741969
-1.745164
-1.761070
-1.784883
-1.795211
-1.808289
-1.819539
-1.835195
-1.847797
-1.858930
-1.868070
-1.879516
-1.889570
-1.897203
-1.906492
-1.913844
-1.922258
-1.929055
-1.935961
-1.938555
-1.945820
-1.950789
-1.956961
-1.960922
-1.965219
-1.968453
-1.971938
-1.974898
-1.978008
-1.979961
-1.982539
-1.985516
-1.986828
-1.987703
-1.989742
-1.992047
-1.992500
-1.994047
-1.995297
-1.995859
-1.996773
-1.997266
-1.997828
-1.998078
-1.998617
-1.998797
-1.999031
-1.999469
-1.999703
-1.999641
-1.999734
-1.999844
-1.999883
-1.999844
-1.999969
-2.000000
-1.999984
-1.999969
-2.000000
-2.000000
-2.000000
-1.999984
-2.000000
-2.000000
-2.000000
-2.000000
-2.000000
-2.000000
-2.000000
-2.000000
-2.000000
-2.000000
-2.000000
-2.000000
-2.000000
-2.000000
-2.000000
-2.000000
-2.000000
-2.000000
-2.000000
