1790.000000
1782.000000
1778.000000
1774.000000
1766.000000
1758.000000
1750.000000
1742.000000
1734.000000
1726.000000
1718.000000
1710.000000
1702.000000
1694.000000
1686.000000
1678.000000
1674.000000
1666.000000
1658.000000
1658.000000
1650.000000
1646.000000
1638.000000
1630.000000
1622.000000
1614.000000
1606.000000
1598.000000
1594.000000
1586.000000
1578.000000
1570.000000
1566.000000
1562.000000
1558.000000
1550.000000
1542.000000
1534.000000
1526.000000
1518.000000
1510.000000
1502.000000
1494.000000
1490.000000
1482.000000
1474.000000
1466.000000
1458.000000
1458.000000
1454.000000
1454.000000
1450.000000
1446.000000
1446.000000
1442.000000
1442.000000
1434.000000
1434.000000
1426.000000
1418.000000
1410.000000
1406.000000
1398.000000
1390.000000
1390.000000
1382.000000
1378.000000
1370.000000
1362.000000
1354.000000
1346.000000
1338.000000
1338.000000
1330.000000
1322.000000
1318.000000
1310.000000
1306.000000
1298.000000
1290.000000
1282.000000
1278.000000
1270.000000
1262.000000
1254.000000
1246.000000
1242.000000
1238.000000
1230.000000
1226.000000
1222.000000
1214.000000
1206.000000
1198.000000
1190.000000
1182.000000
1174.000000
1166.000000
1158.000000
1158.000000
1158.000000
1150.000000
1142.000000
1134.000000
1126.000000
1118.000000
1110.000000
1102.000000
1094.000000
1094.000000
1094.000000
1094.000000
1094.000000
1086.000000
1078.000000
1074.000000
1066.000000
1066.000000
1062.000000
1054.000000
1054.000000
1050.000000
1050.000000
1046.000000
1042.000000
1038.000000
1030.000000
1022.000000
1014.000000
1014.000000
1006.000000
1006.000000
1002.000000
994.000000
986.000000
982.000000
978.000000
974.000000
970.000000
966.000000
966.000000
958.000000
950.000000
946.000000
942.000000
938.000000
938.000000
934.000000
930.000000
926.000000
922.000000
914.000000
914.000000
906.000000
902.000000
902.000000
894.000000
886.000000
882.000000
882.000000
874.000000
874.000000
874.000000
866.000000
866.000000
866.000000
862.000000
858.000000
858.000000
854.000000
854.000000
854.000000
846.000000
846.000000
846.000000
842.000000
834.000000
834.000000
830.000000
830.000000
822.000000
822.000000
814.000000
814.000000
810.000000
810.000000
802.000000
798.000000
798.000000
790.000000
790.000000
790.000000
782.000000
782.000000
774.000000
770.000000
766.000000
762.000000
758.000000
754.000000
746.000000
738.000000
734.000000
730.000000
722.000000
714.000000
706.000000
702.000000
694.000000
690.000000
690.000000
686.000000
686.000000
678.000000
674.000000
674.000000
674.000000
666.000000
666.000000
658.000000
650.000000
646.000000
646.000000
642.000000
638.000000
638.000000
630.000000
626.000000
622.000000
618.000000
610.000000
602.000000
602.000000
594.000000
594.000000
586.000000
586.000000
582.000000
574.000000
570.000000
566.000000
562.000000
554.000000
546.000000
546.000000
546.000000
542.000000
542.000000
542.000000
534.000000
530.000000
522.000000
518.000000
514.000000
506.000000
502.000000
498.000000
498.000000
494.000000
490.000000
490.000000
482.000000
474.000000
470.000000
470.000000
470.000000
462.000000
462.000000
454.000000
446.000000
438.000000
430.000000
430.000000
426.000000
422.000000
422.000000
422.000000
422.000000
414.000000
410.000000
406.000000
402.000000
394.000000
386.000000
386.000000
386.000000
382.000000
382.000000
382.000000
378.000000
370.000000
366.000000
362.000000
358.000000
354.000000
354.000000
350.000000
350.000000
350.000000
342.000000
334.000000
334.000000
334.000000
334.000000
334.000000
326.000000
326.000000
322.000000
318.000000
318.000000
314.000000
314.000000
314.000000
310.000000
306.000000
306.000000
306.000000
298.000000
294.000000
294.000000
294.000000
294.000000
294.000000
294.000000
290.000000
282.000000
282.000000
278.000000
274.000000
270.000000
270.000000
266.000000
258.000000
254.000000
254.000000
254.000000
250.000000
246.000000
246.000000
246.000000
246.000000
246.000000
242.000000
242.000000
242.000000
238.000000
238.000000
234.000000
234.000000
234.000000
226.000000
226.000000
226.000000
222.000000
222.000000
222.000000
222.000000
222.000000
218.000000
214.000000
206.000000
202.000000
198.000000
198.000000
198.000000
190.000000
190.000000
182.000000
174.000000
170.000000
166.000000
158.000000
158.000000
158.000000
158.000000
158.000000
150.000000
150.000000
150.000000
150.000000
146.000000
146.000000
146.000000
146.000000
146.000000
146.000000
146.000000
146.000000
138.000000
138.000000
138.000000
138.000000
138.000000
138.000000
138.000000
138.000000
130.000000
130.000000
130.000000
130.000000
126.000000
122.000000
122.000000
118.000000
118.000000
118.000000
118.000000
118.000000
118.000000
118.000000
114.000000
114.000000
110.000000
102.000000
98.000000
98.000000
94.000000
94.000000
90.000000
86.000000
78.000000
78.000000
78.000000
78.000000
78.000000
78.000000
78.000000
78.000000
78.000000
78.000000
78.000000
74.000000
74.000000
74.000000
74.000000
74.000000
74.000000
74.000000
74.000000
74.000000
70.000000
70.000000
70.000000
62.000000
58.000000
58.000000
50.000000
46.000000
38.000000
34.000000
34.000000
34.000000
26.000000
22.000000
22.000000
22.000000
14.000000
14.000000
6.000000
2.000000
2.000000
-6.000000
-6.000000
-6.000000
-10.000000
-10.000000
-10.000000
-10.000000
-14.000000
-14.000000
-14.000000
-14.000000
-14.000000
-22.000000
-22.000000
-22.000000
-22.000000
-22.000000
-22.000000
-22.000000
-22.000000
-26.000000
-26.000000
-26.000000
-26.000000
-26.000000
-30.000000
-38.000000
-38.000000
-38.000000
-38.000000
-38.000000
-42.000000
-42.000000
-50.000000
-54.000000
-58.000000
-66.000000
-74.000000
-74.000000
-74.000000
-74.000000
-78.000000
-78.000000
-78.000000
-82.000000
-82.000000
-82.000000
-82.000000
-82.000000
-82.000000
-82.000000
-82.000000
-86.000000
-86.000000
-86.000000
-86.000000
-86.000000
-90.000000
-94.000000
-94.000000
-102.000000
-106.000000
-106.000000
-106.000000
-106.000000
-106.000000
-106.000000
-110.000000
-110.000000
-114.000000
-118.000000
-118.000000
-118.000000
-118.000000
-118.000000
-118.000000
-118.000000
-118.000000
-122.000000
-122.000000
-122.000000
-122.000000
-122.000000
-122.000000
-122.000000
-122.000000
-122.000000
-126.000000
-130.000000
-130.000000
-130.000000
-126.000000
-130.000000
-130.000000
-130.000000
-134.000000
-142.000000
-142.000000
-142.000000
-142.000000
-146.000000
-146.000000
-146.000000
-150.000000
-150.000000
-150.000000
-158.000000
-158.000000
-158.000000
-158.000000
-158.000000
-158.000000
-162.000000
-166.000000
-170.000000
-170.000000
-170.000000
-170.000000
-170.000000
-174.000000
-178.000000
-178.000000
-178.000000
-178.000000
-178.000000
-182.000000
-182.000000
-182.000000
-182.000000
-182.000000
-182.000000
-182.000000
-182.000000
-182.000000
-182.000000
-182.000000
-182.000000
-182.000000
-182.000000
-186.000000
-186.000000
-186.000000
-186.000000
-194.000000
-198.000000
-206.000000
-210.000000
-210.000000
-214.000000
-222.000000
-222.000000
-222.000000
-222.000000
-222.000000
-222.000000
-222.000000
-226.000000
-226.000000
-226.000000
-226.000000
-226.000000
-230.000000
-230.000000
-234.000000
-234.000000
-238.000000
-238.000000
-238.000000
-246.000000
-246.000000
-246.000000
-246.000000
-254.000000
-254.000000
-254.000000
-254.000000
-254.000000
-254.000000
-250.000000
-258.000000
-266.000000
-270.000000
-270.000000
-278.000000
-282.000000
-282.000000
-282.000000
-282.000000
-282.000000
-282.000000
-282.000000
-282.000000
-282.000000
-286.000000
-286.000000
-290.000000
-298.000000
-298.000000
-298.000000
-302.000000
-306.000000
-306.000000
-306.000000
-306.000000
-306.000000
-306.000000
-310.000000
-310.000000
-310.000000
-310.000000
-310.000000
-310.000000
-310.000000
-310.000000
-318.000000
-322.000000
-322.000000
-322.000000
-322.000000
-330.000000
-330.000000
-330.000000
-334.000000
-334.000000
-334.000000
-334.000000
-338.000000
-342.000000
-350.000000
-350.000000
-350.000000
-350.000000
-354.000000
-362.000000
-362.000000
-362.000000
-362.000000
-362.000000
-362.000000
-362.000000
-362.000000
-370.000000
-370.000000
-370.000000
-370.000000
-370.000000
-370.000000
-370.000000
-370.000000
-370.000000
-370.000000
-370.000000
-370.000000
-374.000000
-378.000000
-386.000000
-386.000000
-386.000000
-386.000000
-386.000000
-386.000000
-390.000000
-390.000000
-394.000000
-394.000000
-394.000000
-394.000000
-394.000000
-394.000000
-394.000000
-394.000000
-394.000000
-394.000000
-398.000000
-398.000000
-398.000000
-398.000000
-398.000000
-398.000000
-398.000000
-398.000000
-406.000000
-406.000000
-414.000000
-414.000000
-414.000000
-414.000000
-414.000000
-414.000000
-414.000000
-414.000000
-418.000000
-418.000000
-418.000000
-418.000000
-418.000000
-418.000000
-418.000000
-418.000000
-418.000000
-418.000000
-418.000000
-422.000000
-422.000000
-426.000000
-426.000000
-426.000000
-426.000000
-426.000000
-426.000000
-426.000000
-426.000000
-426.000000
-426.000000
-430.000000
-430.000000
-430.000000
-430.000000
-430.000000
-430.000000
-434.000000
-434.000000
-434.000000
-434.000000
-434.000000
-434.000000
-434.000000
-434.000000
-438.000000
-438.000000
-438.000000
-438.000000
-438.000000
-438.000000
-438.000000
-438.000000
-438.000000
-438.000000
-438.000000
-438.000000
-438.000000
-438.000000
-438.000000
-438.000000
-438.000000
-442.000000
-446.000000
-446.000000
-446.000000
-446.000000
-446.000000
-442.000000
-438.000000
-438.000000
-438.000000
-438.000000
-438.000000
-438.000000
-438.000000
-438.000000
-438.000000
-438.000000
-438.000000
-438.000000
-438.000000
-442.000000
-446.000000
-446.000000
-446.000000
-446.000000
-446.000000
-450.000000
-450.000000
-450.000000
-450.000000
-450.000000
-450.000000
-450.000000
-450.000000
-454.000000
-454.000000
-454.000000
-454.000000
-454.000000
-454.000000
-454.000000
-454.000000
-454.000000
-454.000000
-454.000000
-454.000000
-458.000000
-458.000000
-458.000000
-458.000000
-458.000000
-458.000000
-458.000000
-458.000000
-458.000000
-458.000000
-458.000000
-458.000000
-458.000000
-458.000000
-458.000000
-458.000000
-458.000000
-458.000000
-458.000000
-458.000000
-458.000000
-458.000000
-458.000000
-458.000000
-458.000000
-458.000000
-458.000000
-462.000000
-462.000000
-462.000000
-462.000000
-462.000000
-462.000000
-462.000000
-466.000000
-466.000000
-466.000000
-466.000000
-466.000000
-466.000000
-466.000000
-470.000000
-474.000000
-474.000000
-474.000000
-474.000000
-474.000000
-474.000000
-474.000000
-474.000000
-474.000000
-474.000000
-474.000000
-474.000000
-474.000000
-474.000000
-478.000000
-478.000000
-478.000000
-482.000000
-482.000000
-482.000000
-482.000000
-482.000000
-482.000000
-482.000000
-482.000000
-482.000000
-482.000000
-486.000000
-486.000000
-486.000000
-486.000000
-486.000000
-486.000000
-486.000000
-486.000000
-486.000000
-486.000000
-486.000000
-490.000000
-490.000000
-490.000000
-490.000000
-494.000000
-494.000000
-494.000000
-494.000000
-494.000000
-498.000000
-498.000000
-498.000000
-498.000000
-498.000000
-498.000000
-502.000000
-502.000000
-502.000000
-502.000000
-502.000000
-502.000000
-502.000000
-502.000000
-502.000000
-502.000000
-502.000000
-502.000000
-506.000000
-506.000000
-506.000000
-506.000000
-506.000000
-506.000000
-506.000000
-506.000000
-506.000000
-506.000000
-506.000000
-506.000000
-506.000000
-506.000000
-510.000000
-510.000000
-510.000000
-510.000000
-510.000000
-510.000000
-510.000000
-510.000000
-510.000000
-510.000000
-510.000000
-510.000000
-510.000000
-510.000000
-510.000000
-510.000000
-510.000000
-510.000000
-510.000000
-510.000000
-514.000000
-514.000000
-514.000000
-514.000000
-514.000000
-514.000000
-518.000000
-522.000000
-522.000000
-522.000000
-522.000000
-522.000000
-522.000000
-522.000000
-522.000000
-522.000000
-522.000000
-522.000000
-522.000000
-522.000000
-522.000000
-522.000000
-522.000000
-522.000000
-522.000000
-526.000000
-526.000000
-530.000000
-534.000000
-534.000000
-538.000000
-538.000000
-538.000000
-538.000000
-538.000000
-542.000000
-542.000000
-542.000000
-542.000000
-542.000000
-542.000000
-542.000000
-542.000000
-542.000000
-546.000000
-546.000000
-546.000000
-546.000000
-546.000000
-546.000000
-546.000000
-546.000000
-550.000000
-550.000000
-550.000000
-550.000000
-554.000000
-554.000000
-554.000000
-554.000000
-558.000000
-558.000000
-562.000000
-562.000000
-562.000000
-562.000000
-562.000000
-562.000000
-562.000000
-562.000000
-562.000000
-562.000000
-570.000000
-570.000000
-570.000000
-570.000000
-570.000000
-570.000000
-570.000000
-570.000000
-570.000000
-570.000000
-570.000000
-570.000000
-574.000000
-574.000000
-574.000000
-574.000000
-574.000000
-582.000000
-582.000000
-582.000000
-590.000000
-590.000000
-590.000000
-590.000000
-598.000000
-598.000000
-598.000000
-598.000000
-598.000000
-598.000000
-598.000000
-598.000000
-598.000000
-598.000000
-598.000000
-598.000000
-598.000000
-606.000000
-606.000000
-606.000000
-606.000000
-606.000000
-606.000000
-606.000000
-606.000000
-614.000000
-614.000000
-614.000000
-614.000000
-614.000000
-614.000000
-614.000000
-614.000000
-614.000000
-618.000000
-618.000000
-618.000000
-618.000000
-618.000000
-618.000000
-618.000000
-618.000000
-618.000000
-622.000000
-626.000000
-626.000000
-626.000000
-626.000000
-630.000000
-630.000000
-630.000000
-630.000000
-638.000000
-642.000000
-642.000000
-642.000000
-642.000000
-642.000000
-642.000000
-642.000000
-642.000000
-642.000000
-642.000000
-642.000000
-642.000000
-642.000000
-642.000000
-642.000000
-638.000000
-638.000000
-638.000000
-638.000000
-638.000000
-638.000000
-638.000000
-638.000000
-638.000000
-638.000000
-638.000000
-638.000000
-638.000000
-642.000000
-642.000000
-642.000000
-642.000000
-642.000000
-642.000000
-642.000000
-642.000000
-642.000000
-642.000000
-642.000000
-642.000000
-642.000000
-642.000000
-642.000000
-646.000000
-646.000000
-646.000000
-646.000000
-646.000000
-646.000000
-646.000000
-646.000000
-646.000000
-646.000000
-646.000000
-646.000000
-646.000000
-646.000000
-646.000000
-650.000000
-654.000000
-654.000000
-654.000000
-654.000000
-654.000000
-654.000000
-654.000000
-654.000000
-654.000000
-654.000000
-654.000000
-654.000000
-654.000000
-654.000000
-654.000000
-654.000000
-654.000000
-654.000000
-654.000000
-654.000000
-654.000000
-654.000000
-654.000000
-654.000000
-654.000000
-654.000000
-654.000000
-654.000000
-654.000000
-654.000000
-654.000000
-654.000000
-654.000000
-654.000000
-654.000000
-662.000000
-662.000000
-662.000000
-666.000000
-666.000000
-666.000000
-666.000000
-666.000000
-666.000000
-666.000000
-666.000000
-670.000000
-670.000000
-670.000000
-670.000000
-670.000000
-670.000000
-670.000000
-670.000000
-670.000000
-670.000000
-674.000000
-674.000000
-674.000000
-674.000000
-674.000000
-674.000000
-674.000000
-674.000000
-674.000000
-674.000000
-674.000000
-674.000000
-674.000000
-674.000000
-674.000000
-674.000000
-674.000000
-674.000000
-674.000000
-674.000000
-674.000000
-674.000000
-674.000000
-674.000000
-674.000000
-674.000000
-674.000000
-674.000000
-674.000000
-674.000000
-674.000000
-674.000000
-678.000000
-678.000000
-678.000000
-678.000000
-678.000000
-678.000000
-678.000000
-678.000000
-678.000000
-678.000000
-678.000000
-682.000000
-682.000000
-682.000000
-682.000000
-682.000000
-682.000000
-682.000000
-682.000000
-682.000000
-682.000000
-682.000000
-682.000000
-682.000000
-682.000000
-682.000000
-682.000000
-682.000000
-686.000000
-686.000000
-686.000000
-686.000000
-686.000000
-686.000000
-686.000000
-686.000000
-686.000000
-690.000000
-690.000000
-694.000000
-698.000000
-698.000000
-702.000000
-702.000000
-702.000000
-702.000000
-706.000000
-706.000000
-706.000000
-706.000000
-706.000000
-706.000000
-706.000000
-706.000000
-710.000000
-710.000000
-710.000000
-710.000000
-710.000000
-710.000000
-710.000000
-710.000000
-710.000000
-710.000000
-710.000000
-714.000000
-714.000000
-714.000000
-714.000000
-714.000000
-710.000000
-710.000000
-710.000000
-710.000000
-710.000000
-710.000000
-710.000000
-710.000000
-710.000000
-710.000000
-710.000000
-710.000000
-710.000000
-710.000000
-710.000000
-710.000000
-710.000000
-710.000000
-710.000000
-710.000000
-710.000000
-710.000000
-710.000000
-710.000000
-710.000000
-710.000000
-710.000000
-710.000000
-710.000000
-710.000000
-710.000000
-710.000000
-710.000000
-710.000000
-710.000000
-710.000000
-710.000000
-710.000000
-710.000000
-710.000000
-710.000000
-710.000000
-710.000000
-710.000000
-710.000000
-710.000000
-706.000000
-706.000000
-710.000000
-710.000000
-710.000000
-710.000000
-710.000000
-710.000000
-714.000000
-714.000000
-714.000000
-714.000000
-714.000000
-714.000000
-714.000000
-718.000000
-718.000000
-722.000000
-722.000000
-722.000000
-722.000000
-722.000000
-722.000000
-722.000000
-722.000000
-722.000000
-722.000000
-722.000000
-722.000000
-722.000000
-722.000000
-722.000000
-722.000000
-722.000000
-718.000000
-718.000000
-718.000000
-718.000000
-718.000000
-718.000000
-718.000000
-718.000000
-718.000000
-718.000000
-726.000000
-726.000000
-726.000000
-726.000000
-726.000000
-726.000000
-726.000000
-726.000000
-726.000000
-730.000000
-730.000000
-730.000000
-730.000000
-730.000000
-730.000000
-730.000000
-730.000000
-730.000000
-730.000000
-730.000000
-730.000000
-730.000000
-726.000000
-726.000000
-726.000000
-726.000000
-726.000000
-726.000000
-726.000000
-726.000000
-726.000000
-726.000000
-730.000000
-734.000000
-734.000000
-734.000000
-734.000000
-734.000000
-734.000000
-734.000000
-734.000000
-734.000000
-734.000000
-734.000000
-734.000000
-734.000000
-734.000000
-734.000000
-734.000000
-734.000000
-738.000000
-738.000000
-738.000000
-738.000000
-738.000000
-738.000000
-738.000000
-738.000000
-738.000000
-738.000000
-738.000000
-738.000000
-738.000000
-738.000000
-738.000000
-738.000000
-738.000000
-738.000000
-738.000000
-738.000000
-742.000000
-742.000000
-742.000000
-742.000000
-742.000000
-742.000000
-742.000000
-742.000000
-742.000000
-742.000000
-742.000000
-742.000000
-742.000000
-742.000000
-746.000000
-746.000000
-746.000000
-750.000000
-750.000000
-750.000000
-750.000000
-750.000000
-750.000000
-750.000000
-754.000000
-754.000000
-754.000000
-754.000000
-754.000000
-758.000000
-758.000000
-758.000000
-758.000000
-758.000000
-758.000000
-758.000000
-758.000000
-758.000000
-758.000000
-766.000000
-766.000000
-766.000000
-766.000000
-766.000000
-766.000000
-766.000000
-766.000000
-766.000000
-766.000000
-766.000000
-766.000000
-766.000000
-766.000000
-770.000000
-770.000000
-770.000000
-770.000000
-770.000000
-770.000000
-770.000000
-770.000000
-770.000000
-770.000000
-770.000000
-770.000000
-774.000000
-774.000000
-774.000000
-774.000000
-774.000000
-774.000000
-774.000000
-774.000000
-778.000000
-782.000000
-782.000000
-782.000000
-782.000000
-782.000000
-782.000000
-790.000000
-790.000000
-790.000000
-790.000000
-790.000000
-790.000000
-790.000000
-790.000000
-790.000000
-790.000000
-790.000000
-790.000000
-790.000000
-794.000000
-794.000000
-794.000000
-794.000000
-794.000000
-794.000000
-794.000000
-798.000000
-798.000000
-798.000000
-798.000000
-798.000000
-798.000000
-798.000000
-798.000000
-798.000000
-798.000000
-798.000000
-798.000000
-802.000000
-802.000000
-802.000000
-802.000000
-802.000000
-802.000000
-802.000000
-802.000000
-802.000000
-802.000000
-802.000000
-802.000000
-802.000000
-802.000000
-802.000000
-802.000000
-798.000000
-798.000000
-798.000000
-798.000000
-798.000000
-798.000000
-798.000000
-798.000000
-798.000000
-798.000000
-798.000000
-798.000000
-798.000000
-802.000000
-802.000000
-802.000000
-802.000000
-802.000000
-802.000000
-802.000000
-802.000000
-802.000000
-802.000000
-802.000000
-802.000000
-802.000000
-806.000000
-806.000000
-806.000000
-806.000000
-806.000000
-810.000000
-810.000000
-810.000000
-810.000000
-810.000000
-810.000000
-810.000000
-810.000000
-818.000000
-818.000000
-818.000000
-822.000000
-822.000000
-822.000000
-818.000000
-818.000000
-818.000000
-818.000000
-818.000000
-818.000000
-818.000000
-818.000000
-818.000000
-818.000000
-818.000000
-818.000000
-818.000000
-818.000000
-818.000000
-818.000000
-822.000000
-822.000000
-822.000000
-822.000000
-822.000000
-826.000000
-826.000000
-826.000000
-826.000000
-826.000000
-826.000000
-826.000000
-826.000000
-826.000000
-826.000000
-826.000000
-826.000000
-826.000000
-826.000000
-826.000000
-826.000000
-826.000000
-826.000000
-826.000000
-826.000000
-826.000000
-826.000000
-826.000000
-826.000000
-826.000000
-826.000000
-826.000000
-826.000000
-826.000000
-830.000000
-834.000000
-834.000000
-834.000000
-834.000000
-834.000000
-834.000000
-834.000000
-834.000000
-834.000000
-834.000000
-834.000000
-834.000000
-838.000000
-838.000000
-842.000000
-842.000000
-846.000000
-846.000000
-846.000000
-846.000000
-842.000000
-846.000000
-850.000000
-850.000000
-854.000000
-854.000000
-854.000000
-854.000000
-854.000000
-854.000000
-854.000000
-854.000000
-854.000000
-854.000000
-854.000000
-854.000000
-854.000000
-854.000000
-854.000000
-854.000000
-854.000000
-854.000000
-854.000000
-854.000000
-854.000000
-854.000000
-858.000000
-854.000000
-854.000000
-854.000000
-858.000000
-858.000000
-862.000000
-862.000000
-862.000000
-862.000000
-862.000000
-862.000000
-862.000000
-862.000000
-862.000000
-862.000000
-862.000000
-862.000000
-862.000000
-862.000000
-862.000000
-862.000000
-862.000000
-862.000000
-862.000000
-862.000000
-862.000000
-862.000000
-862.000000
-862.000000
-862.000000
-862.000000
-862.000000
-862.000000
-862.000000
-862.000000
-862.000000
-862.000000
-862.000000
-862.000000
-862.000000
-862.000000
-862.000000
-862.000000
-862.000000
-862.000000
-862.000000
-862.000000
-862.000000
-862.000000
-862.000000
-862.000000
-862.000000
-862.000000
-862.000000
-862.000000
-862.000000
-862.000000
-862.000000
-862.000000
-862.000000
-862.000000
-862.000000
-862.000000
-862.000000
-862.000000
-862.000000
-862.000000
-862.000000
-862.000000
-862.000000
-862.000000
-862.000000
-862.000000
-862.000000
-862.000000
-862.000000
-862.000000
-862.000000
-862.000000
-862.000000
-862.000000
-862.000000
-862.000000
-862.000000
-870.000000
-870.000000
-870.000000
-870.000000
-870.000000
-870.000000
-870.000000
-870.000000
-870.000000
-870.000000
-870.000000
-870.000000
-870.000000
-870.000000
-870.000000
-874.000000
-874.000000
-874.000000
-874.000000
-882.000000
-882.000000
-882.000000
-882.000000
-882.000000
-882.000000
-882.000000
-882.000000
-882.000000
-886.000000
-890.000000
-890.000000
-890.000000
-890.000000
-890.000000
-890.000000
-890.000000
-890.000000
-890.000000
-890.000000
-890.000000
-890.000000
-890.000000
-890.000000
-890.000000
-890.000000
-890.000000
-890.000000
-890.000000
-890.000000
-890.000000
-890.000000
-890.000000
-890.000000
-890.000000
-890.000000
-890.000000
-890.000000
-894.000000
-894.000000
-894.000000
-894.000000
-894.000000
-894.000000
-894.000000
-894.000000
-894.000000
-894.000000
-894.000000
-894.000000
-894.000000
-894.000000
-894.000000
-894.000000
-894.000000
-894.000000
-894.000000
-894.000000
-894.000000
-894.000000
-894.000000
-898.000000
-898.000000
-898.000000
-898.000000
-898.000000
-898.000000
-898.000000
-898.000000
-898.000000
-898.000000
-898.000000
-898.000000
-898.000000
-898.000000
-898.000000
-898.000000
-898.000000
-898.000000
-898.000000
-898.000000
-898.000000
-898.000000
-898.000000
-898.000000
-898.000000
-898.000000
-898.000000
-898.000000
-898.000000
-898.000000
-898.000000
-898.000000
-898.000000
-898.000000
-898.000000
-898.000000
-898.000000
-902.000000
-906.000000
-906.000000
-906.000000
-914.000000
-914.000000
-914.000000
-914.000000
-914.000000
-914.000000
-914.000000
-914.000000
-914.000000
-914.000000
-914.000000
-914.000000
-914.000000
-914.000000
-914.000000
-914.000000
-914.000000
-914.000000
-922.000000
-922.000000
-922.000000
-922.000000
-922.000000
-922.000000
-922.000000
-922.000000
-922.000000
-922.000000
-922.000000
-922.000000
-922.000000
-922.000000
-922.000000
-922.000000
-922.000000
-922.000000
-922.000000
-922.000000
-922.000000
-922.000000
-922.000000
-922.000000
-922.000000
-922.000000
-922.000000
-922.000000
-922.000000
-922.000000
-922.000000
-922.000000
-922.000000
-922.000000
-922.000000
-922.000000
-922.000000
-922.000000
-922.000000
-922.000000
-922.000000
-922.000000
-922.000000
-922.000000
-922.000000
-922.000000
-922.000000
-922.000000
-922.000000
-930.000000
-930.000000
-930.000000
-930.000000
-930.000000
-930.000000
-930.000000
-930.000000
-930.000000
-930.000000
-930.000000
-930.000000
-930.000000
-930.000000
-930.000000
-930.000000
-930.000000
-930.000000
-930.000000
-930.000000
-930.000000
-930.000000
-930.000000
-930.000000
-930.000000
-930.000000
-930.000000
-930.000000
-934.000000
-934.000000
-934.000000
-934.000000
-934.000000
-934.000000
-934.000000
-942.000000
-942.000000
-942.000000
-942.000000
-942.000000
-942.000000
-946.000000
-946.000000
-946.000000
-946.000000
-946.000000
-946.000000
-946.000000
-946.000000
-946.000000
-950.000000
-950.000000
-950.000000
-950.000000
-950.000000
-950.000000
-950.000000
-950.000000
-950.000000
-950.000000
-950.000000
-950.000000
-950.000000
-950.000000
-950.000000
-954.000000
-954.000000
-954.000000
-954.000000
-954.000000
-954.000000
-954.000000
-954.000000
-954.000000
-954.000000
-954.000000
-958.000000
-958.000000
-958.000000
-958.000000
-958.000000
-958.000000
-958.000000
-958.000000
-966.000000
-966.000000
-966.000000
-966.000000
-966.000000
-966.000000
-966.000000
-966.000000
-966.000000
-966.000000
-970.000000
-970.000000
-970.000000
-970.000000
-970.000000
-970.000000
-970.000000
-970.000000
-970.000000
-970.000000
-970.000000
-970.000000
-974.000000
-974.000000
-974.000000
-974.000000
-974.000000
-974.000000
-974.000000
-974.000000
-974.000000
-974.000000
-974.000000
-974.000000
-974.000000
-974.000000
-974.000000
-974.000000
-974.000000
-974.000000
-974.000000
-974.000000
-974.000000
-978.000000
-978.000000
-978.000000
-978.000000
-978.000000
-978.000000
-978.000000
-978.000000
-978.000000
-978.000000
-978.000000
-978.000000
-978.000000
-978.000000
-978.000000
-978.000000
-978.000000
-978.000000
-978.000000
-978.000000
-978.000000
-978.000000
-982.000000
-982.000000
-982.000000
-982.000000
-982.000000
-982.000000
-978.000000
-978.000000
-978.000000
-978.000000
-978.000000
-978.000000
-978.000000
-982.000000
-982.000000
-982.000000
-982.000000
-982.000000
-990.000000
-990.000000
-990.000000
-990.000000
-990.000000
-990.000000
-998.000000
-998.000000
-998.000000
-998.000000
-998.000000
-998.000000
-998.000000
-998.000000
-998.000000
-998.000000
-998.000000
-998.000000
-998.000000
-998.000000
-994.000000
-994.000000
-994.000000
-994.000000
-994.000000
-994.000000
-994.000000
-994.000000
-994.000000
-994.000000
-994.000000
-994.000000
-994.000000
-994.000000
-994.000000
-994.000000
-994.000000
-994.000000
-998.000000
-998.000000
-998.000000
-998.000000
-998.000000
-1002.000000
-1002.000000
-1002.000000
-1002.000000
-1002.000000
-1002.000000
-1002.000000
-1006.000000
-1006.000000
-1006.000000
-1006.000000
-1006.000000
-1006.000000
-1006.000000
-1006.000000
-1006.000000
-1006.000000
-1006.000000
-1006.000000
-1006.000000
-1006.000000
-1006.000000
-1006.000000
-1006.000000
-1006.000000
-1006.000000
-1006.000000
-1006.000000
-1006.000000
-1006.000000
-1006.000000
-1006.000000
-1006.000000
-1006.000000
-1006.000000
-1006.000000
-1006.000000
-1002.000000
-1002.000000
-1002.000000
-1002.000000
-1002.000000
-1002.000000
-1002.000000
-1002.000000
-1002.000000
-1002.000000
-1002.000000
-1002.000000
-1002.000000
-1002.000000
-1002.000000
-1006.000000
-1006.000000
-1006.000000
-1006.000000
-1006.000000
-1006.000000
-1006.000000
-1006.000000
-1006.000000
-1006.000000
-1006.000000
-1006.000000
-1006.000000
-1006.000000
-1006.000000
-1006.000000
-1006.000000
-1006.000000
-1006.000000
-1006.000000
-1006.000000
-1006.000000
-1006.000000
-1006.000000
-1006.000000
-1006.000000
-1006.000000
-1006.000000
-1006.000000
-1010.000000
-1010.000000
-1010.000000
-1010.000000
-1010.000000
-1010.000000
-1010.000000
-1010.000000
-1010.000000
-1010.000000
-1010.000000
-1006.000000
-1006.000000
-1010.000000
-1010.000000
-1010.000000
-1010.000000
-1010.000000
-1010.000000
-1010.000000
-1010.000000
-1010.000000
-1010.000000
-1010.000000
-1010.000000
-1010.000000
-1010.000000
-1010.000000
-1010.000000
-1010.000000
-1010.000000
-1010.000000
-1010.000000
-1010.000000
-1010.000000
-1018.000000
-1022.000000
-1022.000000
-1022.000000
-1022.000000
-1022.000000
-1022.000000
-1022.000000
-1022.000000
-1022.000000
-1022.000000
-1022.000000
-1022.000000
-1018.000000
-1018.000000
-1018.000000
-1018.000000
-1018.000000
-1018.000000
-1018.000000
-1018.000000
-1018.000000
-1018.000000
-1018.000000
-1018.000000
-1018.000000
-1018.000000
-1014.000000
-1014.000000
-1014.000000
-1014.000000
-1014.000000
-1014.000000
-1014.000000
-1014.000000
-1014.000000
-1018.000000
-1018.000000
-1018.000000
-1018.000000
-1018.000000
-1018.000000
-1018.000000
-1018.000000
-1018.000000
-1018.000000
-1018.000000
-1018.000000
-1018.000000
-1018.000000
-1018.000000
-1018.000000
-1018.000000
-1018.000000
-1018.000000
-1018.000000
-1018.000000
-1022.000000
-1022.000000
-1022.000000
-1022.000000
-1022.000000
-1022.000000
-1022.000000
-1022.000000
-1022.000000
-1022.000000
-1022.000000
-1022.000000
-1022.000000
-1022.000000
-1022.000000
-1022.000000
-1026.000000
-1026.000000
-1026.000000
-1026.000000
-1026.000000
-1026.000000
-1022.000000
-1022.000000
-1022.000000
-1022.000000
-1022.000000
-1022.000000
-1022.000000
-1022.000000
-1022.000000
-1022.000000
-1022.000000
-1022.000000
-1022.000000
-1022.000000
-1022.000000
-1022.000000
-1022.000000
-1022.000000
-1022.000000
-1022.000000
-1022.000000
-1022.000000
-1022.000000
-1022.000000
-1022.000000
-1022.000000
-1022.000000
-1022.000000
-1022.000000
-1022.000000
-1022.000000
-1022.000000
-1022.000000
-1022.000000
-1022.000000
-1018.000000
-1018.000000
-1018.000000
-1018.000000
-1018.000000
-1018.000000
-1018.000000
-1018.000000
-1018.000000
-1022.000000
-1022.000000
-1022.000000
-1022.000000
-1018.000000
-1018.000000
-1018.000000
-1018.000000
-1018.000000
-1018.000000
-1018.000000
-1018.000000
-1018.000000
-1018.000000
-1018.000000
-1018.000000
-1018.000000
-1018.000000
-1018.000000
-1018.000000
-1018.000000
-1018.000000
-1018.000000
-1018.000000
-1018.000000
-1018.000000
-1018.000000
-1018.000000
-1018.000000
-1018.000000
-1018.000000
-1018.000000
-1018.000000
-1018.000000
-1018.000000
-1018.000000
-1018.000000
-1018.000000
-1018.000000
-1018.000000
-1018.000000
-1018.000000
-1018.000000
-1018.000000
-1018.000000
-1018.000000
-1018.000000
-1018.000000
-1018.000000
-1018.000000
-1018.000000
-1018.000000
-1018.000000
-1018.000000
-1018.000000
-1018.000000
-1022.000000
-1022.000000
-1022.000000
-1022.000000
-1022.000000
-1022.000000
-1022.000000
-1022.000000
-1022.000000
-1022.000000
-1022.000000
-1022.000000
-1022.000000
-1022.000000
-1022.000000
-1022.000000
-1022.000000
-1022.000000
-1022.000000
-1022.000000
-1022.000000
-1022.000000
-1022.000000
-1022.000000
-1022.000000
-1022.000000
-1022.000000
-1022.000000
-1022.000000
-1022.000000
-1022.000000
-1022.000000
-1022.000000
-1022.000000
-1022.000000
-1022.000000
-1022.000000
-1022.000000
-1022.000000
-1022.000000
-1022.000000
-1022.000000
-1022.000000
-1022.000000
-1022.000000
-1022.000000
-1022.000000
-1022.000000
-1022.000000
-1022.000000
-1022.000000
-1022.000000
-1022.000000
-1022.000000
-1022.000000
-1022.000000
-1022.000000
-1022.000000
-1022.000000
-1022.000000
-1022.000000
-1026.000000
-1026.000000
-1026.000000
-1026.000000
-1026.000000
-1026.000000
-1026.000000
-1026.000000
-1026.000000
-1026.000000
-1026.000000
-1030.000000
-1030.000000
-1030.000000
-1030.000000
-1030.000000
-1030.000000
-1030.000000
-1034.000000
-1034.000000
-1034.000000
-1034.000000
-1034.000000
-1034.000000
-1034.000000
-1034.000000
-1034.000000
-1034.000000
-1034.000000
-1034.000000
-1034.000000
-1034.000000
-1034.000000
-1034.000000
-1038.000000
-1038.000000
-1038.000000
-1038.000000
-1038.000000
-1042.000000
-1042.000000
-1042.000000
-1042.000000
-1042.000000
-1042.000000
-1042.000000
-1042.000000
-1042.000000
-1042.000000
-1042.000000
-1042.000000
-1042.000000
-1042.000000
-1046.000000
-1046.000000
-1046.000000
-1046.000000
-1046.000000
-1046.000000
-1046.000000
-1046.000000
-1046.000000
-1046.000000
-1046.000000
-1046.000000
-1046.000000
-1046.000000
-1046.000000
-1050.000000
-1050.000000
-1050.000000
-1050.000000
-1054.000000
-1054.000000
-1054.000000
-1054.000000
-1054.000000
-1054.000000
-1054.000000
-1054.000000
-1054.000000
-1054.000000
-1054.000000
-1054.000000
-1054.000000
-1054.000000
-1054.000000
-1054.000000
-1054.000000
-1054.000000
-1054.000000
-1054.000000
-1054.000000
-1054.000000
-1058.000000
-1058.000000
-1058.000000
-1058.000000
-1058.000000
-1058.000000
-1058.000000
-1058.000000
-1058.000000
-1058.000000
-1058.000000
-1058.000000
-1058.000000
-1058.000000
-1058.000000
-1058.000000
-1058.000000
-1058.000000
-1058.000000
-1058.000000
-1058.000000
-1058.000000
-1058.000000
-1058.000000
-1058.000000
-1058.000000
-1058.000000
-1058.000000
-1058.000000
-1058.000000
-1058.000000
-1058.000000
-1058.000000
-1058.000000
-1058.000000
-1058.000000
-1058.000000
-1058.000000
-1058.000000
-1062.000000
-1062.000000
-1062.000000
-1062.000000
-1062.000000
-1062.000000
-1062.000000
-1062.000000
-1062.000000
-1062.000000
-1062.000000
-1062.000000
-1062.000000
-1062.000000
-1062.000000
-1062.000000
-1062.000000
-1062.000000
-1062.000000
-1062.000000
-1062.000000
-1062.000000
-1062.000000
-1062.000000
-1062.000000
-1062.000000
-1062.000000
-1062.000000
-1062.000000
-1062.000000
-1062.000000
-1062.000000
-1062.000000
-1062.000000
-1062.000000
-1066.000000
-1066.000000
-1066.000000
-1066.000000
-1066.000000
-1066.000000
-1066.000000
-1066.000000
-1066.000000
-1066.000000
-1066.000000
-1066.000000
-1066.000000
-1062.000000
-1062.000000
-1062.000000
-1062.000000
-1062.000000
-1058.000000
-1058.000000
-1058.000000
-1058.000000
-1058.000000
-1062.000000
-1062.000000
-1062.000000
-1062.000000
-1062.000000
-1062.000000
-1062.000000
-1062.000000
-1062.000000
-1062.000000
-1062.000000
-1062.000000
-1062.000000
-1062.000000
-1062.000000
-1062.000000
-1062.000000
-1062.000000
-1062.000000
-1062.000000
-1062.000000
-1062.000000
-1062.000000
-1062.000000
-1066.000000
-1066.000000
-1066.000000
-1066.000000
-1066.000000
-1066.000000
-1066.000000
-1066.000000
-1066.000000
-1066.000000
-1066.000000
-1066.000000
-1066.000000
-1066.000000
-1066.000000
-1066.000000
-1066.000000
-1066.000000
-1066.000000
-1066.000000
-1066.000000
-1070.000000
-1070.000000
-1070.000000
-1070.000000
-1070.000000
-1070.000000
-1070.000000
-1070.000000
-1070.000000
-1070.000000
-1070.000000
-1070.000000
-1070.000000
-1070.000000
-1070.000000
-1070.000000
-1070.000000
-1070.000000
-1070.000000
-1070.000000
-1074.000000
-1074.000000
-1074.000000
-1074.000000
-1074.000000
-1074.000000
-1074.000000
-1074.000000
-1074.000000
-1074.000000
-1074.000000
-1074.000000
-1074.000000
-1074.000000
-1074.000000
-1074.000000
-1074.000000
-1074.000000
-1074.000000
-1074.000000
-1074.000000
-1074.000000
-1074.000000
-1074.000000
-1074.000000
-1074.000000
-1074.000000
-1074.000000
-1074.000000
-1074.000000
-1074.000000
-1074.000000
-1074.000000
-1074.000000
-1074.000000
-1074.000000
-1074.000000
-1074.000000
-1074.000000
-1074.000000
-1074.000000
-1074.000000
-1074.000000
-1074.000000
-1074.000000
-1082.000000
-1082.000000
-1082.000000
-1082.000000
-1082.000000
-1082.000000
-1082.000000
-1086.000000
-1086.000000
-1086.000000
-1090.000000
-1090.000000
-1090.000000
-1090.000000
-1090.000000
-1090.000000
-1094.000000
-1094.000000
-1094.000000
-1094.000000
-1094.000000
-1094.000000
-1094.000000
-1094.000000
-1094.000000
-1094.000000
-1094.000000
-1094.000000
-1094.000000
-1094.000000
-1094.000000
-1098.000000
-1098.000000
-1098.000000
-1098.000000
-1098.000000
-1098.000000
-1098.000000
-1098.000000
-1098.000000
-1098.000000
-1098.000000
-1098.000000
-1098.000000
-1098.000000
-1098.000000
-1098.000000
-1098.000000
-1098.000000
-1098.000000
-1098.000000
-1098.000000
-1098.000000
-1098.000000
-1098.000000
-1098.000000
-1098.000000
-1098.000000
-1098.000000
-1098.000000
-1098.000000
-1098.000000
-1098.000000
-1098.000000
-1098.000000
-1098.000000
-1098.000000
-1098.000000
-1098.000000
-1098.000000
-1098.000000
-1098.000000
-1098.000000
-1098.000000
-1098.000000
