1.000000
0.997199
0.994409
0.991642
0.988863
0.986101
0.983354
0.980643
0.977925
0.975211
0.972490
0.969789
0.967114
0.964451
0.961822
0.959194
0.956601
0.954021
0.951452
0.948885
0.946334
0.943808
0.941277
0.938776
0.936288
0.933795
0.931300
0.928804
0.926335
0.923881
0.921436
0.918986
0.916534
0.914086
0.911637
0.909210
0.906784
0.904351
0.901921
0.899511
0.897126
0.894733
0.892376
0.890015
0.887674
0.885352
0.883047
0.880741
0.878493
0.876225
0.873970
0.871678
0.869428
0.867160
0.864874
0.862618
0.860378
0.858157
0.855982
0.853797
0.851636
0.849504
0.847336
0.845159
0.843027
0.840919
0.838836
0.836748
0.834665
0.832567
0.830505
0.828421
0.826354
0.824304
0.822279
0.820249
0.818197
0.816145
0.814104
0.812051
0.809993
0.807960
0.805878
0.803809
0.801721
0.799646
0.797540
0.795502
0.793436
0.791402
0.789416
0.787395
0.785412
0.783442
0.781492
0.779542
0.777592
0.775663
0.773792
0.771898
0.770030
0.768165
0.766259
0.764380
0.762471
0.760627
0.758800
0.756984
0.755153
0.753363
0.751564
0.749796
0.748024
0.746218
0.744409
0.742562
0.740760
0.738944
0.737155
0.735339
0.733575
0.731824
0.730089
0.728338
0.726587
0.724871
0.723150
0.721454
0.719773
0.718111
0.716449
0.714794
0.713100
0.711394
0.709695
0.708025
0.706347
0.704693
0.703059
0.701451
0.699847
0.698249
0.696689
0.695135
0.693560
0.692004
0.690432
0.688861
0.687330
0.685767
0.684210
0.682683
0.681103
0.679617
0.678084
0.676590
0.675120
0.673678
0.672296
0.670898
0.669430
0.668036
0.666619
0.665216
0.663836
0.662461
0.661088
0.659688
0.658282
0.656888
0.655523
0.654172
0.652821
0.651495
0.650167
0.648859
0.647573
0.646279
0.644981
0.643724
0.642409
0.641149
0.639838
0.638557
0.637201
0.635899
0.634560
0.633272
0.631960
0.630703
0.629419
0.628151
0.626874
0.625604
0.624341
0.623069
0.621782
0.620503
0.619263
0.617943
0.616617
0.615333
0.613981
0.612704
0.611372
0.610074
0.608794
0.607494
0.606130
0.604804
0.603439
0.602138
0.600848
0.599535
0.598221
0.596884
0.595588
0.594270
0.592977
0.591654
0.590367
0.589103
0.587834
0.586608
0.585351
0.584128
0.582920
0.581704
0.580479
0.579273
0.578048
0.576921
0.575728
0.574551
0.573431
0.572326
0.571250
0.570176
0.569086
0.568017
0.566908
0.565841
0.564792
0.563784
0.562712
0.561683
0.560600
0.559529
0.558521
0.557475
0.556412
0.555415
0.554324
0.553298
0.552200
0.551124
0.550059
0.549008
0.547974
0.546973
0.545862
0.544852
0.543791
0.542705
0.541644
0.540598
0.539506
0.538477
0.537379
0.536297
0.535253
0.534190
0.533138
0.532101
0.531083
0.530019
0.529011
0.527969
0.526925
0.525892
0.524792
0.523794
0.522694
0.521653
0.520600
0.519567
0.518513
0.517502
0.516442
0.515433
0.514364
0.513273
0.512231
0.511170
0.510064
0.509057
0.507972
0.506895
0.505841
0.504767
0.503647
0.502694
0.501620
0.500612
0.499557
0.498518
0.497554
0.496558
0.495572
0.494634
0.493615
0.492725
0.491807
0.490887
0.489957
0.489024
0.488096
0.487168
0.486260
0.485281
0.484313
0.483415
0.482443
0.481496
0.480513
0.479525
0.478575
0.477631
0.476636
0.475656
0.474663
0.473723
0.472700
0.471741
0.470802
0.469837
0.468860
0.467879
0.466908
0.465945
0.464921
0.463927
0.462937
0.462009
0.460984
0.460033
0.459043
0.458101
0.457162
0.456186
0.455229
0.454304
0.453316
0.452418
0.451468
0.450509
0.449539
0.448567
0.447658
0.446724
0.445675
0.444792
0.443857
0.442916
0.441961
0.441038
0.440092
0.439178
0.438206
0.437206
0.436257
0.435252
0.434255
0.433278
0.432312
0.431306
0.430329
0.429383
0.428369
0.427360
0.426295
0.425340
0.424244
0.423273
0.422215
0.421205
0.420154
0.419091
0.418033
0.416953
0.415888
0.414772
0.413686
0.412621
0.411511
0.410539
0.409502
0.408447
0.407435
0.406410
0.405375
0.404401
0.403348
0.402367
0.401344
0.400350
0.399405
0.398414
0.397432
0.396477
0.395437
0.394497
0.393492
0.392534
0.391560
0.390631
0.389702
0.388759
0.387924
0.387000
0.386146
0.385280
0.384382
0.383496
0.382606
0.381665
0.380754
0.379869
0.378982
0.378127
0.377198
0.376347
0.375412
0.374542
0.373631
0.372705
0.371792
0.370863
0.369854
0.368880
0.367896
0.366904
0.365957
0.365053
0.364076
0.363128
0.362159
0.361219
0.360305
0.359385
0.358435
0.357562
0.356641
0.355816
0.354902
0.354028
0.353189
0.352345
0.351550
0.350766
0.349892
0.349097
0.348263
0.347459
0.346640
0.345901
0.345111
0.344409
0.343731
0.342992
0.342326
0.341634
0.340948
0.340245
0.339554
0.338876
0.338266
0.337684
0.336995
0.336357
0.335706
0.335104
0.334376
0.333806
0.333180
0.332569
0.331976
0.331362
0.330749
0.330124
0.329574
0.328975
0.328442
0.327933
0.327330
0.326822
0.326285
0.325739
0.325256
0.324733
0.324205
0.323688
0.323120
0.322625
0.322034
0.321486
0.320961
0.320387
0.319855
0.319385
0.318805
0.318298
0.317728
0.317193
0.316571
0.316009
0.315414
0.314862
0.314336
0.313719
0.313138
0.312568
0.311979
0.311429
0.310886
0.310301
0.309774
0.309249
0.308700
0.308208
0.307650
0.307148
0.306585
0.306091
0.305544
0.304976
0.304427
0.303867
0.303311
0.302793
0.302266
0.301740
0.301252
0.300783
0.300265
0.299794
0.299333
0.298899
0.298453
0.297967
0.297430
0.296934
0.296427
0.295988
0.295500
0.295029
0.294552
0.294095
0.293603
0.293173
0.292643
0.292142
0.291627
0.291151
0.290655
0.290210
0.289717
0.289253
0.288752
0.288215
0.287715
0.287211
0.286685
0.286153
0.285630
0.285104
0.284631
0.284177
0.283678
0.283225
0.282720
0.282274
0.281756
0.281308
0.280827
0.280333
0.279858
0.279362
0.278918
0.278445
0.277984
0.277508
0.277090
0.276659
0.276146
0.275738
0.275305
0.274856
0.274412
0.273982
0.273544
0.273129
0.272672
0.272243
0.271775
0.271351
0.270974
0.270518
0.270106
0.269746
0.269284
0.268891
0.268406
0.268023
0.267537
0.267147
0.266706
0.266303
0.265876
0.265364
0.264891
0.264438
0.263993
0.263518
0.263035
0.262539
0.262078
0.261607
0.261085
0.260647
0.260170
0.259700
0.259138
0.258647
0.258161
0.257624
0.257169
0.256673
0.256245
0.255778
0.255314
0.254859
0.254453
0.254015
0.253524
0.253043
0.252589
0.252138
0.251683
0.251227
0.250741
0.250265
0.249790
0.249356
0.248924
0.248493
0.247997
0.247554
0.247130
0.246729
0.246223
0.245806
0.245339
0.244939
0.244465
0.244103
0.243645
0.243255
0.242831
0.242407
0.241972
0.241568
0.241136
0.240672
0.240251
0.239805
0.239375
0.238952
0.238475
0.237996
0.237516
0.237077
0.236591
0.236142
0.235719
0.235291
0.234836
0.234392
0.234033
0.233651
0.233297
0.232944
0.232641
0.232321
0.231972
0.231672
0.231393
0.231089
0.230785
0.230504
0.230235
0.230015
0.229734
0.229445
0.229163
0.228897
0.228635
0.228338
0.228061
0.227791
0.227487
0.227120
0.226773
0.226451
0.226113
0.225791
0.225436
0.225127
0.224801
0.224453
0.224163
0.223894
0.223577
0.223270
0.222939
0.222598
0.222260
0.221913
0.221488
0.221122
0.220734
0.220326
0.219897
0.219533
0.219206
0.218787
0.218433
0.217999
0.217636
0.217253
0.216887
0.216478
0.216122
0.215738
0.215380
0.214950
0.214637
0.214301
0.213987
0.213650
0.213371
0.213038
0.212698
0.212347
0.211998
0.211678
0.211217
0.210846
0.210444
0.210030
0.209556
0.209098
0.208617
0.208163
0.207643
0.207226
0.206660
0.206218
0.205768
0.205231
0.204741
0.204278
0.203878
0.203412
0.202943
0.202472
0.201989
0.201555
0.201070
0.200595
0.200132
0.199674
0.199167
0.198654
0.198214
0.197739
0.197254
0.196716
0.196258
0.195764
0.195254
0.194787
0.194341
0.193930
0.193451
0.193073
0.192651
0.192226
0.191797
0.191389
0.190999
0.190584
0.190189
0.189786
0.189386
0.189033
0.188677
0.188251
0.187961
0.187631
0.187270
0.186828
0.186472
0.186134
0.185691
0.185316
0.184921
0.184595
0.184216
0.183862
0.183566
0.183202
0.182876
0.182570
0.182318
0.181978
0.181757
0.181469
0.181171
0.180957
0.180689
0.180453
0.180112
0.179878
0.179686
0.179348
0.179138
0.178807
0.178507
0.178182
0.177915
0.177560
0.177268
0.176953
0.176658
0.176275
0.175991
0.175736
0.175443
0.175151
0.174875
0.174616
0.174319
0.173993
0.173718
0.173445
0.173059
0.172778
0.172502
0.172245
0.171957
0.171666
0.171377
0.171150
0.170812
0.170616
0.170263
0.170075
0.169853
0.169529
0.169238
0.168944
0.168717
0.168392
0.168128
0.167864
0.167625
0.167414
0.167124
0.166867
0.166622
0.166382
0.166095
0.165826
0.165639
0.165353
0.165070
0.164763
0.164520
0.164235
0.163916
0.163635
0.163378
0.163117
0.162807
0.162547
0.162285
0.162003
0.161708
0.161433
0.161166
0.160798
0.160563
0.160291
0.160042
0.159792
0.159546
0.159261
0.159033
0.158781
0.158552
0.158258
0.158022
0.157791
0.157511
0.157233
0.156937
0.156725
0.156456
0.156150
0.155912
0.155586
0.155323
0.155023
0.154790
0.154458
0.154226
0.153966
0.153692
0.153447
0.153185
0.152948
0.152650
0.152392
0.152205
0.151909
0.151711
0.151427
0.151247
0.150989
0.150768
0.150483
0.150312
0.150089
0.149838
0.149558
0.149318
0.149108
0.148860
0.148630
0.148372
0.148192
0.147981
0.147735
0.147542
0.147339
0.147105
0.146853
0.146634
0.146469
0.146218
0.145995
0.145737
0.145580
0.145311
0.145079
0.144818
0.144693
0.144508
0.144345
0.144188
0.144056
0.143925
0.143764
0.143609
0.143487
0.143395
0.143337
0.143181
0.143037
0.142923
0.142808
0.142650
0.142508
0.142396
0.142264
0.142122
0.142010
0.141895
0.141788
0.141627
0.141532
0.141441
0.141366
0.141251
0.141122
0.140998
0.140867
0.140715
0.140591
0.140494
0.140353
0.140222
0.140086
0.139949
0.139823
0.139669
0.139543
0.139421
0.139306
0.139156
0.138981
0.138823
0.138657
0.138458
0.138220
0.137996
0.137800
0.137545
0.137279
0.137060
0.136813
0.136554
0.136289
0.136049
0.135739
0.135601
0.135371
0.135169
0.134979
0.134785
0.134577
0.134334
0.134106
0.133912
0.133653
0.133443
0.133159
0.132919
0.132613
0.132346
0.132039
0.131796
0.131530
0.131220
0.130929
0.130708
0.130429
0.130134
0.129874
0.129548
0.129324
0.129049
0.128735
0.128456
0.128188
0.127903
0.127632
0.127393
0.127199
0.126945
0.126741
0.126503
0.126274
0.125990
0.125765
0.125488
0.125287
0.125007
0.124762
0.124447
0.124245
0.123981
0.123739
0.123460
0.123205
0.122946
0.122702
0.122405
0.122130
0.121842
0.121615
0.121354
0.121099
0.120872
0.120586
0.120365
0.120075
0.119860
0.119646
0.119357
0.119117
0.118849
0.118607
0.118392
0.118136
0.117875
0.117662
0.117450
0.117220
0.116942
0.116757
0.116534
0.116311
0.116036
0.115773
0.115527
0.115271
0.115030
0.114815
0.114532
0.114272
0.113992
0.113751
0.113483
0.113234
0.112923
0.112704
0.112415
0.112108
0.111793
0.111535
0.111262
0.110995
0.110765
0.110471
0.110330
0.110084
0.109792
0.109550
0.109290
0.109017
0.108734
0.108478
0.108263
0.107942
0.107688
0.107379
0.107128
0.106810
0.106484
0.106208
0.105952
0.105702
0.105358
0.105041
0.104777
0.104516
0.104164
0.103901
0.103581
0.103416
0.103104
0.102830
0.102605
0.102386
0.102110
0.101906
0.101729
0.101574
0.101328
0.101202
0.101011
0.100886
0.100655
0.100533
0.100297
0.100165
0.099942
0.099747
0.099484
0.099353
0.099201
0.099052
0.098912
0.098784
0.098636
0.098527
0.098362
0.098252
0.098090
0.098019
0.097889
0.097781
0.097670
0.097556
0.097466
0.097345
0.097200
0.097115
0.096926
0.096831
0.096702
0.096625
0.096508
0.096420
0.096290
0.096208
0.096101
0.095995
0.095822
0.095747
0.095616
0.095498
0.095348
0.095206
0.095063
0.094908
0.094772
0.094639
0.094498
0.094358
0.094210
0.094082
0.093927
0.093793
0.093617
0.093459
0.093295
0.093146
0.093016
0.092881
0.092760
0.092605
0.092469
0.092292
0.092183
0.092038
0.091872
0.091736
0.091575
0.091367
0.091168
0.091003
0.090850
0.090684
0.090532
0.090397
0.090244
0.090107
0.089958
0.089851
0.089744
0.089687
0.089534
0.089417
0.089306
0.089236
0.089129
0.089061
0.088966
0.088907
0.088819
0.088757
0.088725
0.088687
0.088566
0.088518
0.088523
0.088477
0.088412
0.088443
0.088388
0.088356
0.088280
0.088283
0.088224
0.088198
0.088137
0.088132
0.088022
0.087952
0.087883
0.087850
0.087804
0.087809
0.087717
0.087738
0.087663
0.087658
0.087604
0.087593
0.087521
0.087507
0.087435
0.087425
0.087400
0.087393
0.087349
0.087345
0.087354
0.087346
0.087294
0.087285
0.087245
0.087232
0.087163
0.087049
0.086985
0.086869
0.086861
0.086667
0.086529
0.086502
0.086380
0.086343
0.086249
0.086197
0.086114
0.086040
0.086010
0.085938
0.085827
0.085772
0.085696
0.085681
0.085558
0.085477
0.085419
0.085301
0.085207
0.085094
0.085002
0.084826
0.084632
0.084409
0.084202
0.083964
0.083707
0.083456
0.083253
0.082977
0.082761
0.082560
0.082329
0.082136
0.081911
0.081718
0.081486
0.081251
0.081007
0.080825
0.080577
0.080429
0.080180
0.079960
0.079722
0.079517
0.079269
0.079058
0.078808
0.078504
0.078250
0.078047
0.077859
0.077656
0.077405
0.077199
0.077031
0.076790
0.076556
0.076363
0.076116
0.075898
0.075658
0.075452
0.075226
0.075019
0.074786
0.074589
0.074373
0.074196
0.074011
0.073868
0.073693
0.073546
0.073362
0.073226
0.073060
0.072920
0.072725
0.072522
0.072300
0.072095
0.071889
0.071721
0.071529
0.071359
0.071148
0.070960
0.070774
0.070612
0.070404
0.070219
0.070054
0.069888
0.069683
0.069473
0.069315
0.069102
0.068942
0.068769
0.068564
0.068434
0.068253
0.068132
0.068012
0.067843
0.067693
0.067585
0.067472
0.067381
0.067253
0.067165
0.067101
0.067081
0.066999
0.066968
0.066940
0.066874
0.066793
0.066730
0.066706
0.066677
0.066629
0.066574
0.066572
0.066518
0.066445
0.066433
0.066382
0.066294
0.066226
0.066183
0.066052
0.065950
0.065851
0.065787
0.065725
0.065665
0.065552
0.065450
0.065318
0.065266
0.065077
0.064970
0.064836
0.064734
0.064596
0.064476
0.064257
0.064152
0.064014
0.063908
0.063800
0.063671
0.063529
0.063388
0.063326
0.063228
0.063072
0.062956
0.062824
0.062665
0.062495
0.062351
0.062166
0.061995
0.061812
0.061670
0.061471
0.061332
0.061147
0.060993
0.060827
0.060646
0.060496
0.060343
0.060176
0.060047
0.059855
0.059773
0.059637
0.059526
0.059355
0.059242
0.059104
0.058981
0.058822
0.058696
0.058606
0.058524
0.058338
0.058223
0.058040
0.057947
0.057828
0.057727
0.057636
0.057561
0.057383
0.057376
0.057334
0.057291
0.057178
0.057171
0.057108
0.057025
0.056959
0.056909
0.056864
0.056819
0.056715
0.056711
0.056673
0.056688
0.056665
0.056634
0.056637
0.056624
0.056607
0.056591
0.056567
0.056537
0.056486
0.056454
0.056457
0.056460
0.056477
0.056535
0.056562
0.056572
0.056577
0.056602
0.056583
0.056576
0.056570
0.056562
0.056507
0.056457
0.056379
0.056352
0.056328
0.056326
0.056223
0.056185
0.056083
0.056015
0.055941
0.055882
0.055719
0.055669
0.055614
0.055616
0.055603
0.055586
0.055566
0.055546
0.055606
0.055626
0.055594
0.055620
0.055577
0.055572
0.055507
0.055517
0.055472
0.055395
0.055345
0.055318
0.055250
0.055202
0.055151
0.055106
0.055011
0.054973
0.054916
0.054894
0.054825
0.054796
0.054707
0.054657
0.054591
0.054538
0.054430
0.054431
0.054339
0.054249
0.054176
0.054128
0.054119
0.054128
0.054053
0.054041
0.053977
0.053992
0.053925
0.053895
0.053869
0.053864
0.053812
0.053784
0.053746
0.053703
0.053600
0.053599
0.053583
0.053551
0.053557
0.053551
0.053573
0.053591
0.053561
0.053577
0.053564
0.053592
0.053594
0.053564
0.053581
0.053605
0.053587
0.053555
0.053538
0.053483
0.053448
0.053417
0.053409
0.053372
0.053342
0.053339
0.053309
0.053221
0.053150
0.053106
0.052992
0.052973
0.052899
0.052844
0.052785
0.052733
0.052723
0.052655
0.052657
0.052715
0.052661
0.052729
0.052674
0.052676
0.052708
0.052677
0.052626
0.052650
0.052580
0.052624
0.052555
0.052496
0.052428
0.052345
0.052350
0.052321
0.052256
0.052247
0.052189
0.052177
0.052134
0.052163
0.052131
0.052101
0.052102
0.052106
0.052073
0.052045
0.052031
0.052050
0.052013
0.051995
0.052004
0.052037
0.052035
0.052077
0.052110
0.052102
0.052098
0.052106
0.052055
0.052068
0.051952
0.051914
0.051873
0.051860
0.051862
0.051866
0.051805
0.051829
0.051774
0.051833
0.051803
0.051799
0.051817
0.051857
0.051806
0.051820
0.051821
0.051832
0.051805
0.051797
0.051776
0.051707
0.051661
0.051622
0.051609
0.051546
0.051451
0.051433
0.051365
0.051308
0.051254
0.051212
0.051169
0.051120
0.051069
0.050979
0.050909
0.050840
0.050736
0.050684
0.050581
0.050500
0.050395
0.050309
0.050175
0.050040
0.049917
0.049902
0.049773
0.049698
0.049588
0.049503
0.049423
0.049309
0.049315
0.049192
0.049098
0.049070
0.048925
0.048880
0.048715
0.048586
0.048499
0.048317
0.048138
0.048065
0.047900
0.047854
0.047736
0.047624
0.047497
0.047365
0.047317
0.047196
0.047069
0.046938
0.046746
0.046605
0.046451
0.046373
0.046177
0.045977
0.045880
0.045709
0.045564
0.045392
0.045204
0.045079
0.044905
0.044777
0.044637
0.044467
0.044313
0.044170
0.044100
0.043931
0.043825
0.043730
0.043554
0.043506
0.043284
0.043112
0.042973
0.042789
0.042739
0.042623
0.042448
0.042362
0.042225
0.042178
0.041992
0.041897
0.041767
0.041671
0.041539
0.041435
0.041380
0.041297
0.041207
0.041104
0.041003
0.040875
0.040777
0.040654
0.040578
0.040479
0.040356
0.040275
0.040196
0.040072
0.039965
0.039823
0.039706
0.039591
0.039466
0.039304
0.039156
0.039016
0.038851
0.038761
0.038559
0.038432
0.038284
0.038137
0.038050
0.037897
0.037777
0.037758
0.037597
0.037496
0.037360
0.037245
0.037095
0.036917
0.036859
0.036691
0.036582
0.036504
0.036362
0.036285
0.036108
0.036008
0.035914
0.035795
0.035699
0.035616
0.035508
0.035467
0.035361
0.035274
0.035198
0.035112
0.035043
0.034946
0.034844
0.034781
0.034640
0.034561
0.034483
0.034446
0.034351
0.034225
0.034157
0.034057
0.033945
0.033842
0.033702
0.033601
0.033456
0.033367
0.033246
0.033142
0.033052
0.032965
0.032855
0.032736
0.032631
0.032559
0.032464
0.032499
0.032424
0.032392
0.032402
0.032349
0.032390
0.032416
0.032433
0.032516
0.032558
0.032631
0.032622
0.032660
0.032686
0.032754
0.032765
0.032832
0.032933
0.033027
0.033126
0.033228
0.033269
0.033351
0.033439
0.033523
0.033627
0.033686
0.033699
0.033813
0.033870
0.033966
0.034007
0.034064
0.034139
0.034198
0.034245
0.034297
0.034342
0.034372
0.034362
0.034436
0.034432
0.034429
0.034420
0.034411
0.034456
0.034453
0.034474
0.034581
0.034625
0.034741
0.034783
0.034896
0.034928
0.034987
0.035069
0.035133
0.035202
0.035285
0.035296
0.035367
0.035330
0.035359
0.035367
0.035376
0.035339
0.035347
0.035319
0.035350
0.035370
0.035356
0.035339
0.035307
0.035290
0.035318
0.035325
0.035368
0.035360
0.035376
0.035400
0.035467
0.035497
0.035575
0.035671
0.035758
0.035850
0.035953
0.036032
0.036086
0.036113
0.036149
0.036175
0.036199
0.036209
0.036265
0.036279
0.036291
0.036297
0.036360
0.036335
0.036369
0.036404
0.036443
0.036487
0.036531
0.036549
0.036596
0.036576
0.036577
0.036565
0.036547
0.036536
0.036512
0.036485
0.036515
0.036496
0.036455
0.036442
0.036420
0.036402
0.036430
0.036383
0.036382
0.036371
0.036377
0.036383
0.036326
0.036264
0.036248
0.036188
0.036189
0.036156
0.036088
0.036058
0.036019
0.036010
0.035999
0.035990
0.035918
0.035821
0.035792
0.035683
0.035614
0.035509
0.035496
0.035456
0.035436
0.035380
0.035377
0.035351
0.035359
0.035344
0.035356
0.035348
0.035368
0.035461
0.035488
0.035544
0.035582
0.035598
0.035635
0.035664
0.035711
0.035783
0.035842
0.035930
0.036023
0.036082
0.036195
0.036282
0.036344
0.036453
0.036564
0.036676
0.036828
0.036879
0.037051
0.037115
0.037191
0.037287
0.037351
0.037430
0.037506
0.037559
0.037566
0.037585
0.037626
0.037668
0.037650
0.037646
0.037641
0.037672
0.037648
0.037639
0.037665
0.037699
0.037754
0.037780
0.037795
0.037728
0.037720
0.037684
0.037645
0.037589
0.037523
0.037421
0.037404
0.037280
0.037186
0.037044
0.036910
0.036800
0.036666
0.036487
0.036351
0.036196
0.036063
0.035936
0.035745
0.035573
0.035435
0.035278
0.035074
0.034909
0.034683
0.034532
0.034367
0.034185
0.034036
0.033902
0.033774
0.033635
0.033431
0.033248
0.033037
0.032843
0.032630
0.032403
0.032134
0.031890
0.031737
0.031476
0.031272
0.031025
0.030825
0.030585
0.030401
0.030188
0.030009
0.029817
0.029673
0.029478
0.029309
0.029115
0.028942
0.028793
0.028649
0.028522
0.028442
0.028333
0.028256
0.028169
0.028108
0.028015
0.027892
0.027787
0.027724
0.027600
0.027507
0.027390
0.027251
0.027119
0.027006
0.026923
0.026793
0.026692
0.026608
0.026476
0.026343
0.026280
0.026153
0.026054
0.025946
0.025817
0.025730
0.025611
0.025518
0.025452
0.025356
0.025294
0.025152
0.025054
0.024979
0.024865
0.024791
0.024644
0.024555
0.024454
0.024324
0.024173
0.024078
0.023934
0.023795
0.023598
0.023439
0.023253
0.023125
0.022893
0.022745
0.022560
0.022383
0.022232
0.022052
0.021858
0.021686
0.021439
0.021277
0.021113
0.020897
0.020705
0.020508
0.020296
0.020065
0.019902
0.019674
0.019503
0.019316
0.019144
0.018934
0.018751
0.018566
0.018408
0.018179
0.017942
0.017761
0.017524
0.017362
0.017141
0.016900
0.016700
0.016492
0.016236
0.016074
0.015833
0.015656
0.015418
0.015196
0.014967
0.014726
0.014516
0.014305
0.014077
0.013858
0.013613
0.013410
0.013199
0.012992
0.012752
0.012556
0.012329
0.012091
0.011849
0.011613
0.011439
0.011144
0.010915
0.010729
0.010448
0.010247
0.009981
0.009732
0.009500
0.009273
0.009040
0.008767
0.008505
0.008299
0.008067
0.007832
0.007574
0.007367
0.007116
0.006865
0.006608
0.006339
0.006067
0.005799
0.005607
0.005308
0.005049
0.004696
0.004484
0.004215
0.003930
0.003675
0.003469
0.003265
0.003084
0.002836
0.002637
0.002472
0.002239
0.002071
0.001831
0.001695
0.001494
0.001396
0.001209
0.001099
0.000906
0.000801
0.000651
0.000557
0.000427
0.000424
0.000231
0.000271
0.000273
0.000164
0.000117
0.000059
0.000043
-0.000089
-0.000137
-0.000252
-0.000271
-0.000397
-0.000439
-0.000549
-0.000538
-0.000600
-0.000600
-0.000592
-0.000640
-0.000607
-0.000697
-0.000689
-0.000737
-0.000785
-0.000848
-0.000826
-0.000964
-0.000980
-0.001107
-0.001142
-0.001293
-0.001385
-0.001539
-0.001614
-0.001711
-0.001833
-0.001894
-0.001967
-0.002045
-0.002139
-0.002181
-0.002266
-0.002306
-0.002377
-0.002410
-0.002490
-0.002522
-0.002629
-0.002639
-0.002758
-0.002812
-0.002900
-0.003106
-0.003193
-0.003395
-0.003524
-0.003691
-0.003782
-0.003934
-0.004041
-0.004198
-0.004319
-0.004508
-0.004682
-0.004881
-0.005007
-0.005191
-0.005255
-0.005393
-0.005593
-0.005747
-0.005973
-0.006076
-0.006313
-0.006476
-0.006751
-0.006982
-0.007209
-0.007454
-0.007735
-0.007957
-0.008208
-0.008421
-0.008720
-0.008997
-0.009231
-0.009488
-0.009759
-0.010088
-0.010339
-0.010641
-0.010833
-0.011139
-0.011410
-0.011726
-0.011960
-0.012201
-0.012458
-0.012738
-0.012973
-0.013280
-0.013453
-0.013744
-0.014076
-0.014416
-0.014739
-0.015044
-0.015386
-0.015671
-0.015984
-0.016207
-0.016477
-0.016718
-0.016984
-0.017216
-0.017430
-0.017671
-0.017929
-0.018211
-0.018451
-0.018684
-0.018919
-0.019185
-0.019433
-0.019662
-0.019843
-0.020118
-0.020298
-0.020544
-0.020701
-0.020939
-0.021192
-0.021471
-0.021712
-0.021888
-0.022137
-0.022355
-0.022565
-0.022775
-0.022974
-0.023177
-0.023397
-0.023589
-0.023770
-0.023933
-0.024113
-0.024298
-0.024493
-0.024636
-0.024916
-0.025139
-0.025379
-0.025692
-0.025899
-0.026190
-0.026443
-0.026722
-0.026985
-0.027263
-0.027543
-0.027838
-0.028116
-0.028390
-0.028667
-0.028909
-0.029148
-0.029360
-0.029531
-0.029735
-0.029933
-0.030112
-0.030312
-0.030422
-0.030620
-0.030757
-0.030931
-0.031137
-0.031284
-0.031460
-0.031606
-0.031710
-0.031847
-0.032004
-0.032160
-0.032359
-0.032502
-0.032665
-0.032820
-0.033013
-0.033166
-0.033362
-0.033503
-0.033679
-0.033849
-0.034010
-0.034140
-0.034283
-0.034453
-0.034621
-0.034772
-0.034935
-0.035078
-0.035246
-0.035430
-0.035620
-0.035790
-0.035989
-0.036189
-0.036368
-0.036578
-0.036728
-0.036934
-0.037101
-0.037248
-0.037373
-0.037484
-0.037580
-0.037712
-0.037845
-0.037943
-0.038023
-0.038105
-0.038194
-0.038295
-0.038407
-0.038477
-0.038652
-0.038779
-0.038950
-0.039077
-0.039194
-0.039339
-0.039480
-0.039619
-0.039735
-0.039832
-0.039936
-0.040040
-0.040114
-0.040178
-0.040255
-0.040310
-0.040362
-0.040472
-0.040520
-0.040587
-0.040616
-0.040680
-0.040676
-0.040740
-0.040768
-0.040758
-0.040822
-0.040839
-0.040917
-0.040965
-0.041006
-0.040982
-0.040974
-0.040962
-0.040931
-0.040925
-0.040865
-0.040906
-0.040881
-0.040906
-0.040877
-0.040853
-0.040841
-0.040843
-0.040837
-0.040829
-0.040744
-0.040718
-0.040652
-0.040569
-0.040550
-0.040453
-0.040388
-0.040273
-0.040224
-0.040173
-0.040107
-0.040063
-0.040028
-0.039967
-0.039954
-0.039903
-0.039892
-0.039845
-0.039813
-0.039754
-0.039733
-0.039702
-0.039645
-0.039630
-0.039593
-0.039548
-0.039522
-0.039533
-0.039517
-0.039483
-0.039477
-0.039452
-0.039436
-0.039375
-0.039362
-0.039288
-0.039237
-0.039167
-0.039088
-0.039008
-0.038914
-0.038836
-0.038723
-0.038647
-0.038538
-0.038472
-0.038397
-0.038315
-0.038275
-0.038152
-0.038037
-0.037923
-0.037814
-0.037679
-0.037629
-0.037509
-0.037414
-0.037268
-0.037160
-0.037029
-0.036893
-0.036751
-0.036657
-0.036489
-0.036365
-0.036221
-0.036093
-0.035939
-0.035869
-0.035733
-0.035644
-0.035480
-0.035314
-0.035129
-0.034956
-0.034769
-0.034620
-0.034465
-0.034362
-0.034219
-0.034089
-0.033948
-0.033795
-0.033642
-0.033463
-0.033301
-0.033138
-0.033027
-0.032871
-0.032774
-0.032640
-0.032577
-0.032496
-0.032422
-0.032321
-0.032257
-0.032172
-0.032110
-0.032058
-0.031979
-0.031862
-0.031793
-0.031724
-0.031648
-0.031650
-0.031634
-0.031604
-0.031547
-0.031503
-0.031474
-0.031451
-0.031439
-0.031436
-0.031443
-0.031482
-0.031519
-0.031579
-0.031648
-0.031731
-0.031765
-0.031811
-0.031814
-0.031842
-0.031907
-0.031940
-0.031985
-0.032047
-0.032120
-0.032179
-0.032174
-0.032203
-0.032230
-0.032282
-0.032306
-0.032387
-0.032439
-0.032490
-0.032592
-0.032641
-0.032772
-0.032875
-0.032966
-0.033061
-0.033149
-0.033239
-0.033300
-0.033406
-0.033462
-0.033497
-0.033545
-0.033555
-0.033588
-0.033628
-0.033616
-0.033694
-0.033689
-0.033731
-0.033720
-0.033766
-0.033784
-0.033810
-0.033819
-0.033807
-0.033782
-0.033760
-0.033718
-0.033712
-0.033631
-0.033542
-0.033443
-0.033339
-0.033269
-0.033231
-0.033250
-0.033208
-0.033227
-0.033238
-0.033276
-0.033346
-0.033420
-0.033492
-0.033521
-0.033584
-0.033608
-0.033695
-0.033759
-0.033828
-0.033902
-0.033940
-0.034014
-0.034064
-0.034142
-0.034202
-0.034266
-0.034369
-0.034420
-0.034510
-0.034584
-0.034632
-0.034687
-0.034681
-0.034715
-0.034710
-0.034717
-0.034784
-0.034791
-0.034826
-0.034854
-0.034849
-0.034922
-0.034930
-0.034973
-0.035012
-0.035023
-0.035083
-0.035107
-0.035157
-0.035182
-0.035233
-0.035245
-0.035305
-0.035318
-0.035380
-0.035436
-0.035502
-0.035579
-0.035640
-0.035721
-0.035727
-0.035831
-0.035895
-0.035911
-0.035962
-0.035961
-0.035986
-0.035979
-0.035983
-0.035973
-0.035906
-0.035865
-0.035834
-0.035778
-0.035732
-0.035637
-0.035556
-0.035467
-0.035389
-0.035228
-0.035137
-0.035016
-0.034894
-0.034817
-0.034757
-0.034637
-0.034627
-0.034511
-0.034434
-0.034340
-0.034281
-0.034230
-0.034228
-0.034223
-0.034231
-0.034218
-0.034224
-0.034201
-0.034194
-0.034177
-0.034174
-0.034098
-0.034025
-0.033980
-0.033934
-0.033905
-0.033854
-0.033819
-0.033830
-0.033801
-0.033781
-0.033805
-0.033777
-0.033736
-0.033723
-0.033626
-0.033640
-0.033597
-0.033612
-0.033569
-0.033530
-0.033504
-0.033430
-0.033348
-0.033290
-0.033187
-0.033164
-0.033078
-0.033041
-0.032957
-0.032858
-0.032797
-0.032728
-0.032650
-0.032576
-0.032430
-0.032446
-0.032376
-0.032375
-0.032345
-0.032339
-0.032339
-0.032333
-0.032292
-0.032267
-0.032201
-0.032211
-0.032198
-0.032213
-0.032209
-0.032217
-0.032213
-0.032245
-0.032240
-0.032250
-0.032258
-0.032261
-0.032225
-0.032203
-0.032168
-0.032040
-0.032045
-0.032015
-0.031929
-0.031868
-0.031768
-0.031735
-0.031633
-0.031562
-0.031482
-0.031415
-0.031343
-0.031314
-0.031249
-0.031202
-0.031121
-0.031044
-0.030954
-0.030903
-0.030785
-0.030709
-0.030571
-0.030514
-0.030467
-0.030442
-0.030299
-0.030343
-0.030275
-0.030247
-0.030189
-0.030180
-0.030140
-0.030159
-0.030117
-0.030086
-0.030077
-0.030033
-0.030014
-0.029991
-0.029947
-0.029919
-0.029901
-0.029909
-0.029865
-0.029839
-0.029816
-0.029762
-0.029716
-0.029680
-0.029656
-0.029614
-0.029610
-0.029602
-0.029580
-0.029594
-0.029554
-0.029593
-0.029581
-0.029589
-0.029556
-0.029615
-0.029622
-0.029664
-0.029663
-0.029664
-0.029608
-0.029619
-0.029563
-0.029553
-0.029551
-0.029538
-0.029531
-0.029504
-0.029528
-0.029528
-0.029469
-0.029516
-0.029505
-0.029556
-0.029599
-0.029611
-0.029624
-0.029654
-0.029666
-0.029666
-0.029630
-0.029634
-0.029641
-0.029653
-0.029687
-0.029706
-0.029753
-0.029773
-0.029780
-0.029784
-0.029822
-0.029826
-0.029834
-0.029786
-0.029772
-0.029722
-0.029725
-0.029768
-0.029769
-0.029822
-0.029847
-0.029913
-0.029939
-0.029994
-0.030025
-0.030089
-0.030144
-0.030221
-0.030261
-0.030305
-0.030336
-0.030359
-0.030370
-0.030401
-0.030406
-0.030429
-0.030419
-0.030445
-0.030465
-0.030504
-0.030486
-0.030561
-0.030529
-0.030608
-0.030614
-0.030692
-0.030719
-0.030803
-0.030869
-0.030942
-0.030999
-0.031059
-0.031128
-0.031200
-0.031232
-0.031299
-0.031334
-0.031418
-0.031491
-0.031578
-0.031677
-0.031755
-0.031787
-0.031881
-0.031944
-0.032028
-0.032160
-0.032279
-0.032392
-0.032507
-0.032665
-0.032832
-0.032995
-0.033169
-0.033321
-0.033433
-0.033583
-0.033735
-0.033868
-0.034012
-0.034156
-0.034240
-0.034315
-0.034396
-0.034473
-0.034506
-0.034566
-0.034597
-0.034672
-0.034670
-0.034670
-0.034730
-0.034748
-0.034779
-0.034776
-0.034789
-0.034783
-0.034772
-0.034762
-0.034736
-0.034720
-0.034747
-0.034734
-0.034711
-0.034738
-0.034758
-0.034766
-0.034777
-0.034775
-0.034767
-0.034763
-0.034700
-0.034661
-0.034629
-0.034621
-0.034593
-0.034552
-0.034563
-0.034510
-0.034535
-0.034496
-0.034494
-0.034444
-0.034393
-0.034333
-0.034320
-0.034274
-0.034251
-0.034190
-0.034150
-0.034094
-0.034024
-0.033949
-0.033880
-0.033786
-0.033717
-0.033598
-0.033511
-0.033434
-0.033351
-0.033203
-0.033192
-0.033069
-0.032998
-0.032880
-0.032827
-0.032721
-0.032645
-0.032554
-0.032488
-0.032416
-0.032345
-0.032243
-0.032146
-0.032082
-0.031991
-0.031828
-0.031721
-0.031581
-0.031399
-0.031292
-0.031115
-0.030890
-0.030710
-0.030516
-0.030316
-0.030167
-0.030026
-0.029836
-0.029664
-0.029480
-0.029361
-0.029178
-0.029038
-0.028909
-0.028777
-0.028578
-0.028485
-0.028314
-0.028116
-0.027930
-0.027710
-0.027511
-0.027335
-0.027131
-0.026926
-0.026719
-0.026511
-0.026346
-0.026117
-0.025917
-0.025788
-0.025652
-0.025535
-0.025374
-0.025255
-0.025122
-0.024969
-0.024815
-0.024662
-0.024448
-0.024301
-0.024088
-0.023927
-0.023748
-0.023587
-0.023422
-0.023256
-0.023063
-0.022866
-0.022696
-0.022436
-0.022249
-0.022017
-0.021832
-0.021655
-0.021417
-0.021234
-0.021007
-0.020846
-0.020630
-0.020478
-0.020293
-0.020137
-0.019966
-0.019826
-0.019658
-0.019536
-0.019410
-0.019197
-0.019084
-0.018924
-0.018813
-0.018671
-0.018551
-0.018449
-0.018333
-0.018171
-0.018098
-0.018036
-0.017904
-0.017892
-0.017685
-0.017596
-0.017418
-0.017355
-0.017206
-0.017119
-0.016991
-0.016896
-0.016802
-0.016664
-0.016546
-0.016501
-0.016447
-0.016376
-0.016266
-0.016189
-0.016103
-0.015984
-0.015967
-0.015864
-0.015809
-0.015711
-0.015678
-0.015637
-0.015557
-0.015557
-0.015471
-0.015468
-0.015442
-0.015441
-0.015415
-0.015403
-0.015432
-0.015474
-0.015454
-0.015493
-0.015479
-0.015437
-0.015407
-0.015419
-0.015444
-0.015480
-0.015524
-0.015598
-0.015729
-0.015768
-0.015916
-0.015926
-0.016035
-0.016136
-0.016236
-0.016336
-0.016418
-0.016569
-0.016662
-0.016826
-0.016929
-0.017080
-0.017169
-0.017295
-0.017393
-0.017521
-0.017609
-0.017703
-0.017750
-0.017814
-0.017868
-0.017947
-0.018062
-0.018110
-0.018139
-0.018176
-0.018255
-0.018363
-0.018382
-0.018434
-0.018422
-0.018432
-0.018406
-0.018454
-0.018459
-0.018499
-0.018442
-0.018469
-0.018425
-0.018429
-0.018396
-0.018360
-0.018325
-0.018261
-0.018240
-0.018181
-0.018160
-0.018157
-0.018082
-0.018034
-0.017977
-0.017964
-0.017847
-0.017937
-0.017820
-0.017832
-0.017721
-0.017661
-0.017524
-0.017443
-0.017350
-0.017272
-0.017195
-0.017071
-0.016971
-0.016860
-0.016773
-0.016694
-0.016601
-0.016518
-0.016441
-0.016322
-0.016245
-0.016125
-0.016050
-0.015909
-0.015823
-0.015692
-0.015635
-0.015577
-0.015460
-0.015422
-0.015331
-0.015308
-0.015215
-0.015176
-0.015100
-0.015097
-0.015005
-0.014968
-0.014886
-0.014836
-0.014712
-0.014619
-0.014522
-0.014455
-0.014355
-0.014294
-0.014165
-0.014069
-0.014040
-0.013909
-0.013808
-0.013786
-0.013729
-0.013628
-0.013586
-0.013562
-0.013484
-0.013460
-0.013368
-0.013347
-0.013280
-0.013226
-0.013226
-0.013232
-0.013234
-0.013223
-0.013298
-0.013274
-0.013311
-0.013361
-0.013435
-0.013456
-0.013526
-0.013592
-0.013687
-0.013775
-0.013831
-0.013963
-0.014061
-0.014170
-0.014257
-0.014378
-0.014494
-0.014594
-0.014648
-0.014808
-0.014887
-0.015003
-0.015128
-0.015233
-0.015297
-0.015396
-0.015523
-0.015565
-0.015695
-0.015769
-0.015851
-0.015942
-0.016005
-0.016117
-0.016142
-0.016270
-0.016204
-0.016307
-0.016309
-0.016308
-0.016343
-0.016362
-0.016366
-0.016396
-0.016418
-0.016366
-0.016397
-0.016438
-0.016469
-0.016564
-0.016611
-0.016648
-0.016677
-0.016695
-0.016761
-0.016765
-0.016805
-0.016770
-0.016838
-0.016765
-0.016798
-0.016934
-0.016926
-0.016983
-0.016941
-0.017022
-0.017001
-0.017035
-0.017013
-0.017084
-0.017098
-0.017096
-0.017086
-0.017067
-0.017022
-0.016999
-0.017006
-0.016983
-0.017021
-0.017063
-0.017063
-0.017033
-0.017122
-0.017030
-0.017021
-0.017046
-0.017045
-0.017020
-0.016989
-0.016999
-0.016909
-0.016950
-0.016837
-0.016824
-0.016758
-0.016678
-0.016611
-0.016525
-0.016438
-0.016279
-0.016237
-0.016031
-0.015847
-0.015734
-0.015584
-0.015414
-0.015223
-0.015050
-0.014872
-0.014735
-0.014514
-0.014343
-0.014219
-0.014029
-0.013897
-0.013761
-0.013665
-0.013476
-0.013284
-0.013220
-0.012992
-0.012888
-0.012769
-0.012608
-0.012472
-0.012285
-0.012145
-0.011912
-0.011796
-0.011600
-0.011431
-0.011237
-0.011079
-0.010913
-0.010732
-0.010614
-0.010330
-0.010248
-0.010015
-0.009804
-0.009606
-0.009475
-0.009358
-0.009289
-0.009149
-0.009016
-0.008907
-0.008822
-0.008690
-0.008604
-0.008445
-0.008294
-0.008129
-0.007902
-0.007834
-0.007712
-0.007629
-0.007444
-0.007395
-0.007212
-0.007058
-0.007039
-0.006864
-0.006796
-0.006696
-0.006675
-0.006551
-0.006459
-0.006421
-0.006400
-0.006404
-0.006380
-0.006435
-0.006437
-0.006428
-0.006404
-0.006423
-0.006424
-0.006420
-0.006339
-0.006286
-0.006169
-0.006186
-0.005992
-0.005951
-0.005821
-0.005701
-0.005567
-0.005399
-0.005320
-0.005120
-0.005049
-0.004878
-0.004826
-0.004672
-0.004540
-0.004450
-0.004332
-0.004281
-0.004133
-0.004095
-0.003965
-0.003830
-0.003785
-0.003697
-0.003595
-0.003485
-0.003438
-0.003329
-0.003243
-0.003154
-0.003096
-0.003107
-0.003047
-0.003053
-0.003055
-0.003160
-0.003140
-0.003112
-0.003162
-0.003159
-0.003174
-0.003223
-0.003240
-0.003259
-0.003215
-0.003310
-0.003326
-0.003399
-0.003442
-0.003518
-0.003546
-0.003548
-0.003579
-0.003565
-0.003633
-0.003512
-0.003563
-0.003513
-0.003501
-0.003500
-0.003503
-0.003510
-0.003479
-0.003428
-0.003346
-0.003286
-0.003250
-0.003160
-0.003124
-0.003053
-0.003030
-0.002964
-0.002917
-0.002931
-0.002870
-0.002828
-0.002738
-0.002746
-0.002620
-0.002539
-0.002520
-0.002442
-0.002430
-0.002351
-0.002299
-0.002219
-0.002122
-0.002064
-0.001968
-0.001916
-0.001797
-0.001711
-0.001606
-0.001500
-0.001398
-0.001265
-0.001138
-0.001023
-0.000871
-0.000737
-0.000557
-0.000441
-0.000190
-0.000023
0.000115
0.000261
0.000431
0.000564
0.000719
0.000872
0.000997
0.001113
0.001238
0.001433
0.001559
0.001698
0.001805
0.001950
0.002015
0.002111
0.002207
0.002342
0.002388
0.002498
0.002555
0.002620
0.002665
0.002728
0.002824
0.002874
0.002965
0.003046
0.003140
0.003270
0.003436
0.003506
0.003715
0.003895
0.004047
0.004154
0.004353
0.004467
0.004640
0.004807
0.005017
0.005159
0.005306
0.005470
0.005650
0.005782
0.005861
0.006057
0.006215
0.006425
0.006530
0.006794
0.006910
0.007129
0.007346
0.007514
0.007693
0.007888
0.008054
0.008254
0.008426
0.008584
0.008780
0.008972
0.009112
0.009297
0.009443
0.009657
0.009910
0.010133
0.010298
0.010456
0.010657
0.010794
0.011026
0.011219
0.011350
0.011556
0.011709
0.011877
0.012030
0.012213
0.012367
0.012481
0.012656
0.012718
0.012882
0.012994
0.013051
0.013159
0.013238
0.013299
0.013416
0.013486
0.013600
0.013686
0.013849
0.013878
0.014038
0.014140
0.014219
0.014343
0.014450
0.014503
0.014609
0.014740
0.014811
0.014944
0.015017
0.015225
0.015343
0.015536
0.015639
0.015836
0.015987
0.016165
0.016412
0.016666
0.016836
0.017092
0.017258
0.017449
0.017660
0.017905
0.018099
0.018294
0.018536
0.018778
0.018994
0.019251
0.019523
0.019720
0.020034
0.020333
0.020602
0.020826
0.021101
0.021360
0.021655
0.021930
0.022216
0.022457
0.022760
0.023006
0.023349
0.023624
0.023909
0.024150
0.024431
0.024668
0.024863
0.025178
0.025298
0.025565
0.025796
0.025996
0.026146
0.026431
0.026593
0.026889
0.027090
0.027329
0.027578
0.027868
0.028022
0.028301
0.028502
0.028710
0.028898
0.029085
0.029240
0.029419
0.029629
0.029794
0.030026
0.030205
0.030347
0.030582
0.030738
0.030942
0.031085
0.031261
0.031391
0.031544
0.031709
0.031831
0.031972
0.032124
0.032283
0.032457
0.032609
0.032730
0.032921
0.033085
0.033243
0.033438
0.033669
0.033779
0.034026
0.034286
0.034458
0.034721
0.034930
0.035141
0.035373
0.035638
0.035878
0.036116
0.036342
0.036623
0.036862
0.037092
0.037308
0.037601
0.037806
0.038066
0.038360
0.038615
0.038812
0.039107
0.039374
0.039590
0.039870
0.040120
0.040411
0.040542
0.040793
0.041087
0.041297
0.041555
0.041810
0.042010
0.042252
0.042564
0.042807
0.043049
0.043360
0.043638
0.043858
0.044115
0.044345
0.044560
0.044770
0.045019
0.045285
0.045550
0.045772
0.046010
0.046258
0.046521
0.046688
0.046961
0.047152
0.047411
0.047658
0.047882
0.048066
0.048308
0.048506
0.048721
0.048911
0.049111
0.049278
0.049474
0.049618
0.049805
0.049956
0.050096
0.050256
0.050364
0.050504
0.050609
0.050777
0.050864
0.051078
0.051199
0.051275
0.051432
0.051530
0.051644
0.051713
0.051790
0.051833
0.051879
0.051930
0.051944
0.051970
0.051960
0.051995
0.051985
0.052024
0.052052
0.052068
0.052065
0.052092
0.052035
0.052025
0.051960
0.051964
0.051949
0.051869
0.051867
0.051834
0.051828
0.051784
0.051786
0.051751
0.051708
0.051648
0.051609
0.051563
0.051481
0.051404
0.051355
0.051231
0.051156
0.051111
0.051007
0.050900
0.050853
0.050828
0.050717
0.050659
0.050590
0.050619
0.050541
0.050530
0.050547
0.050511
0.050536
0.050545
0.050496
0.050442
0.050460
0.050449
0.050399
0.050422
0.050418
0.050393
0.050376
0.050411
0.050415
0.050364
0.050367
0.050365
0.050350
0.050315
0.050320
0.050278
0.050294
0.050227
0.050258
0.050185
0.050166
0.050137
0.050117
0.050027
0.049994
0.049981
0.049933
0.049865
0.049827
0.049812
0.049804
0.049776
0.049762
0.049757
0.049720
0.049734
0.049678
0.049670
0.049641
0.049673
0.049623
0.049663
0.049675
0.049582
0.049621
0.049594
0.049646
0.049644
0.049752
0.049789
0.049899
0.049997
0.050085
0.050171
0.050279
0.050429
0.050539
0.050689
0.050832
0.050950
0.051033
0.051113
0.051247
0.051386
0.051467
0.051650
0.051813
0.051909
0.052044
0.052171
0.052322
0.052453
0.052627
0.052806
0.052984
0.053152
0.053385
0.053623
0.053822
0.054066
0.054332
0.054541
0.054806
0.055071
0.055351
0.055586
0.055895
0.056221
0.056500
0.056794
0.057087
0.057382
0.057643
0.057944
0.058241
0.058486
0.058753
0.058978
0.059184
0.059393
0.059654
0.059894
0.060088
0.060343
0.060601
0.060780
0.061016
0.061245
0.061440
0.061627
0.061875
0.062129
0.062330
0.062537
0.062747
0.062970
0.063214
0.063348
0.063678
0.063837
0.064076
0.064279
0.064494
0.064700
0.064956
0.065196
0.065424
0.065656
0.065939
0.066126
0.066331
0.066543
0.066735
0.066920
0.067097
0.067263
0.067385
0.067540
0.067704
0.067874
0.067985
0.068174
0.068278
0.068344
0.068517
0.068644
0.068798
0.068888
0.069053
0.069152
0.069262
0.069364
0.069473
0.069533
0.069568
0.069647
0.069690
0.069742
0.069842
0.069899
0.069949
0.070021
0.070136
0.070172
0.070197
0.070274
0.070370
0.070374
0.070418
0.070472
0.070585
0.070676
0.070812
0.070957
0.071034
0.071141
0.071248
0.071387
0.071446
0.071576
0.071648
0.071598
0.071683
0.071723
0.071763
0.071747
0.071725
0.071805
0.071792
0.071819
0.071840
0.071847
0.071884
0.071895
0.071988
0.071994
0.072131
0.072194
0.072300
0.072416
0.072540
0.072683
0.072743
0.072841
0.073044
0.073081
0.073177
0.073227
0.073327
0.073346
0.073498
0.073623
0.073741
0.073840
0.073933
0.074021
0.074235
0.074291
0.074520
0.074617
0.074768
0.074965
0.075078
0.075176
0.075282
0.075385
0.075485
0.075511
0.075650
0.075688
0.075768
0.075853
0.075933
0.076037
0.076162
0.076347
0.076466
0.076643
0.076787
0.076918
0.077046
0.077280
0.077391
0.077534
0.077755
0.077919
0.078153
0.078332
0.078545
0.078716
0.078922
0.079131
0.079337
0.079538
0.079765
0.080048
0.080271
0.080525
0.080826
0.081080
0.081378
0.081685
0.082044
0.082353
0.082656
0.083044
0.083414
0.083666
0.083922
0.084239
0.084561
0.084890
0.085198
0.085568
0.085793
0.086109
0.086388
0.086715
0.086956
0.087253
0.087496
0.087696
0.087959
0.088236
0.088473
0.088717
0.088946
0.089232
0.089417
0.089681
0.089940
0.090273
0.090451
0.090699
0.090955
0.091158
0.091447
0.091679
0.091887
0.092075
0.092293
0.092555
0.092672
0.092856
0.093057
0.093183
0.093329
0.093491
0.093705
0.093774
0.093970
0.094108
0.094253
0.094407
0.094581
0.094694
0.094931
0.094957
0.095166
0.095292
0.095440
0.095618
0.095803
0.095998
0.096167
0.096365
0.096587
0.096777
0.097007
0.097224
0.097415
0.097620
0.097844
0.098067
0.098293
0.098554
0.098727
0.098983
0.099171
0.099397
0.099623
0.099887
0.100039
0.100261
0.100559
0.100794
0.101073
0.101303
0.101611
0.101869
0.102120
0.102359
0.102552
0.102706
0.102927
0.103169
0.103357
0.103564
0.103797
0.103978
0.104226
0.104405
0.104636
0.104826
0.105046
0.105294
0.105568
0.105756
0.105889
0.106125
0.106279
0.106494
0.106692
0.106956
0.107080
0.107320
0.107493
0.107734
0.107877
0.108107
0.108261
0.108411
0.108593
0.108748
0.108843
0.109016
0.109149
0.109357
0.109447
0.109679
0.109828
0.110047
0.110161
0.110295
0.110511
0.110616
0.110803
0.110954
0.111107
0.111208
0.111344
0.111519
0.111618
0.111744
0.111946
0.112067
0.112220
0.112350
0.112480
0.112530
0.112684
0.112754
0.112810
0.112770
0.112805
0.112772
0.112905
0.112896
0.112976
0.113056
0.113104
0.113185
0.113199
0.113259
0.113293
0.113369
0.113440
0.113516
0.113663
0.113811
0.113852
0.113976
0.114094
0.114226
0.114322
0.114446
0.114488
0.114575
0.114600
0.114581
0.114564
0.114589
0.114575
0.114540
0.114540
0.114481
0.114508
0.114476
0.114503
0.114444
0.114456
0.114452
0.114460
0.114383
0.114377
0.114408
0.114346
0.114334
0.114304
0.114232
0.114204
0.114146
0.114116
0.114045
0.114017
0.113981
0.113975
0.113915
0.113795
0.113709
0.113603
0.113523
0.113437
0.113382
0.113236
0.113130
0.112980
0.112904
0.112827
0.112789
0.112706
0.112615
0.112611
0.112504
0.112368
0.112261
0.112161
0.112088
0.111974
0.111867
0.111759
0.111637
0.111490
0.111356
0.111220
0.111043
0.110880
0.110732
0.110598
0.110402
0.110272
0.110163
0.110054
0.109920
0.109869
0.109767
0.109719
0.109594
0.109533
0.109427
0.109428
0.109359
0.109341
0.109240
0.109150
0.108977
0.108958
0.108815
0.108678
0.108620
0.108413
0.108277
0.108113
0.107996
0.107809
0.107699
0.107594
0.107487
0.107456
0.107370
0.107259
0.107116
0.107079
0.106920
0.106809
0.106673
0.106562
0.106459
0.106362
0.106183
0.106071
0.105947
0.105810
0.105659
0.105457
0.105273
0.105113
0.104944
0.104800
0.104656
0.104476
0.104339
0.104204
0.104055
0.103904
0.103789
0.103606
0.103475
0.103324
0.103107
0.103013
0.102824
0.102764
0.102592
0.102547
0.102420
0.102431
0.102306
0.102179
0.102071
0.101953
0.101871
0.101751
0.101667
0.101558
0.101456
0.101293
0.101207
0.101098
0.101033
0.100939
0.100823
0.100784
0.100676
0.100604
0.100510
0.100431
0.100309
0.100175
0.100036
0.099943
0.099814
0.099719
0.099570
0.099419
0.099214
0.099028
0.098829
0.098628
0.098380
0.098172
0.097964
0.097803
0.097593
0.097451
0.097235
0.097092
0.096907
0.096745
0.096596
0.096512
0.096341
0.096298
0.096118
0.095949
0.095771
0.095697
0.095525
0.095368
0.095280
0.095138
0.095043
0.094898
0.094808
0.094638
0.094480
0.094387
0.094270
0.094192
0.094056
0.093892
0.093682
0.093587
0.093350
0.093240
0.093103
0.092997
0.092926
0.092839
0.092672
0.092609
0.092538
0.092393
0.092316
0.092175
0.092076
0.092026
0.091938
0.091846
0.091759
0.091649
0.091575
0.091533
0.091401
0.091356
0.091329
0.091244
0.091186
0.091093
0.090951
0.090931
0.090757
0.090729
0.090574
0.090498
0.090354
0.090267
0.090102
0.089930
0.089689
0.089546
0.089331
0.089204
0.089047
0.088868
0.088614
0.088409
0.088271
0.088107
0.087942
0.087721
0.087491
0.087347
0.087131
0.086892
0.086689
0.086414
0.086228
0.085981
0.085747
0.085516
0.085291
0.085049
0.084804
0.084556
0.084294
0.084075
0.083803
0.083602
0.083308
0.083054
0.082792
0.082560
0.082258
0.082006
0.081737
0.081490
0.081234
0.080941
0.080717
0.080521
0.080246
0.080054
0.079835
0.079559
0.079338
0.079129
0.078879
0.078650
0.078474
0.078226
0.078074
0.077878
0.077723
0.077443
0.077190
0.076958
0.076759
0.076571
0.076389
0.076109
0.075896
0.075741
0.075521
0.075312
0.075129
0.074864
0.074680
0.074476
0.074260
0.074027
0.073785
0.073532
0.073252
0.073007
0.072748
0.072526
0.072215
0.072004
0.071772
0.071513
0.071290
0.071128
0.070816
0.070651
0.070494
0.070321
0.070159
0.069962
0.069749
0.069618
0.069409
0.069305
0.069095
0.068913
0.068724
0.068562
0.068366
0.068117
0.067787
0.067580
0.067315
0.067099
0.066858
0.066567
0.066203
0.065928
0.065699
0.065449
0.065220
0.064878
0.064627
0.064431
0.064109
0.063808
0.063570
0.063278
0.063091
0.062884
0.062631
0.062417
0.062189
0.062002
0.061775
0.061502
0.061250
0.061036
0.060741
0.060501
0.060208
0.059907
0.059680
0.059501
0.059212
0.059040
0.058816
0.058616
0.058418
0.058136
0.057889
0.057715
0.057430
0.057268
0.057054
0.056807
0.056585
0.056414
0.056249
0.056035
0.055878
0.055688
0.055530
0.055303
0.055181
0.054945
0.054709
0.054538
0.054368
0.054260
0.054143
0.053887
0.053694
0.053671
0.053488
0.053383
0.053281
0.053105
0.053079
0.052943
0.052770
0.052610
0.052382
0.052285
0.052103
0.051902
0.051732
0.051597
0.051406
0.051231
0.050984
0.050741
0.050522
0.050389
0.050085
0.049940
0.049751
0.049489
0.049317
0.049057
0.048778
0.048642
0.048312
0.048184
0.047901
0.047708
0.047454
0.047231
0.047082
0.046782
0.046564
0.046351
0.046129
0.045963
0.045848
0.045653
0.045457
0.045267
0.045117
0.044989
0.044869
0.044697
0.044569
0.044521
0.044406
0.044219
0.044168
0.044023
0.043998
0.043911
0.043849
0.043774
0.043648
0.043603
0.043481
0.043342
0.043201
0.043148
0.043033
0.042991
0.042821
0.042733
0.042663
0.042594
0.042472
0.042416
0.042345
0.042265
0.042195
0.042135
0.042080
0.042109
0.042094
0.042144
0.042140
0.042156
0.042074
0.042120
0.042099
0.042108
0.042201
0.042213
0.042299
0.042255
0.042353
0.042314
0.042334
0.042356
0.042389
0.042430
0.042518
0.042413
0.042433
0.042501
0.042521
0.042545
0.042608
0.042585
0.042660
0.042663
0.042667
0.042655
0.042635
0.042639
0.042629
0.042587
0.042591
0.042628
0.042628
0.042654
0.042627
0.042578
0.042580
0.042597
0.042515
0.042557
0.042598
0.042599
0.042599
0.042564
0.042494
0.042492
0.042370
0.042339
0.042259
0.042242
0.042211
0.042173
0.042104
0.041954
0.041867
0.041797
0.041758
0.041677
0.041673
0.041605
0.041527
0.041462
0.041377
0.041301
0.041235
0.041108
0.041033
0.040974
0.040838
0.040693
0.040593
0.040457
0.040369
0.040237
0.040145
0.040014
0.039889
0.039810
0.039677
0.039548
0.039399
0.039317
0.039166
0.039064
0.038934
0.038797
0.038741
0.038586
0.038439
0.038372
0.038282
0.038188
0.038096
0.037972
0.037869
0.037794
0.037684
0.037603
0.037482
0.037342
0.037191
0.037073
0.036915
0.036745
0.036644
0.036459
0.036380
0.036177
0.036065
0.035838
0.035669
0.035468
0.035263
0.035077
0.034894
0.034610
0.034413
0.034189
0.034001
0.033748
0.033587
0.033333
0.033171
0.032928
0.032707
0.032454
0.032255
0.031976
0.031741
0.031499
0.031257
0.031108
0.030874
0.030661
0.030421
0.030216
0.029988
0.029733
0.029442
0.029209
0.029028
0.028801
0.028596
0.028369
0.028140
0.027963
0.027711
0.027585
0.027383
0.027247
0.027103
0.026979
0.026791
0.026600
0.026442
0.026265
0.026153
0.026022
0.025920
0.025787
0.025667
0.025537
0.025401
0.025311
0.025188
0.025012
0.024857
0.024755
0.024620
0.024446
0.024322
0.024127
0.024029
0.023863
0.023729
0.023563
0.023461
0.023323
0.023153
0.023011
0.022880
0.022780
0.022597
0.022492
0.022313
0.022146
0.022070
0.021868
0.021691
0.021517
0.021406
0.021234
0.021030
0.020800
0.020594
0.020401
0.020201
0.020006
0.019801
0.019596
0.019376
0.019199
0.019000
0.018842
0.018711
0.018503
0.018396
0.018184
0.018114
0.017957
0.017835
0.017726
0.017591
0.017530
0.017407
0.017212
0.017104
0.016985
0.016891
0.016765
0.016705
0.016580
0.016555
0.016464
0.016407
0.016366
0.016318
0.016221
0.016202
0.016154
0.016116
0.016118
0.016047
0.016013
0.015936
0.015911
0.015869
0.015849
0.015806
0.015797
0.015810
0.015742
0.015656
0.015593
0.015490
0.015385
0.015193
0.015089
0.014907
0.014745
0.014606
0.014455
0.014282
0.014086
0.013910
0.013738
0.013594
0.013457
0.013265
0.013101
0.012910
0.012755
0.012577
0.012449
0.012331
0.012169
0.012001
0.011901
0.011720
0.011566
0.011471
0.011349
0.011265
0.011143
0.011036
0.010905
0.010845
0.010786
0.010695
0.010624
0.010563
0.010515
0.010466
0.010448
0.010404
0.010298
0.010291
0.010250
0.010182
0.010101
0.010080
0.010015
0.010002
0.009886
0.009832
0.009759
0.009698
0.009673
0.009583
0.009498
0.009442
0.009403
0.009344
0.009336
0.009292
0.009221
0.009190
0.009136
0.009155
0.009084
0.009038
0.008947
0.008918
0.008902
0.008807
0.008699
0.008655
0.008619
0.008563
0.008508
0.008460
0.008370
0.008322
0.008276
0.008204
0.008178
0.008092
0.007984
0.007945
0.007852
0.007768
0.007669
0.007583
0.007502
0.007415
0.007348
0.007249
0.007173
0.007048
0.006942
0.006876
0.006812
0.006747
0.006690
0.006613
0.006585
0.006444
0.006415
0.006350
0.006321
0.006299
0.006299
0.006263
0.006214
0.006165
0.006154
0.006116
0.006122
0.006071
0.006051
0.005958
0.005922
0.005855
0.005809
0.005749
0.005660
0.005550
0.005482
0.005349
0.005206
0.005099
0.004942
0.004807
0.004607
0.004425
0.004211
0.004034
0.003846
0.003637
0.003503
0.003344
0.003211
0.003029
0.002931
0.002726
0.002545
0.002394
0.002247
0.002031
0.001912
0.001788
0.001700
0.001627
0.001520
0.001455
0.001369
0.001308
0.001225
0.001115
0.000966
0.000810
0.000682
0.000607
0.000528
0.000411
0.000334
0.000268
0.000164
0.000109
0.000038
-0.000021
-0.000076
-0.000116
-0.000143
-0.000263
-0.000352
-0.000470
-0.000530
-0.000641
-0.000765
-0.000870
-0.000963
-0.001047
-0.001129
-0.001240
-0.001318
-0.001467
-0.001608
-0.001709
-0.001826
-0.001937
-0.002071
-0.002187
-0.002339
-0.002482
-0.002615
-0.002762
-0.002935
-0.003119
-0.003324
-0.003442
-0.003611
-0.003747
-0.003905
-0.004036
-0.004149
-0.004318
-0.004429
-0.004577
-0.004739
-0.004876
-0.005050
-0.005203
-0.005402
-0.005585
-0.005779
-0.005942
-0.006078
-0.006258
-0.006385
-0.006563
-0.006717
-0.006877
-0.006998
-0.007111
-0.007216
-0.007364
-0.007443
-0.007579
-0.007726
-0.007813
-0.007926
-0.008047
-0.008130
-0.008229
-0.008302
-0.008438
-0.008425
-0.008509
-0.008619
-0.008717
-0.008835
-0.008914
-0.008977
-0.009082
-0.009211
-0.009272
-0.009360
-0.009460
-0.009568
-0.009637
-0.009720
-0.009777
-0.009847
-0.009878
-0.009923
-0.009923
-0.009917
-0.009936
-0.010003
-0.010080
-0.010191
-0.010193
-0.010225
-0.010307
-0.010367
-0.010447
-0.010570
-0.010635
-0.010694
-0.010782
-0.010847
-0.010900
-0.010899
-0.010990
-0.011000
-0.011096
-0.011114
-0.011184
-0.011244
-0.011329
-0.011359
-0.011447
-0.011499
-0.011609
-0.011651
-0.011791
-0.011833
-0.011849
-0.011963
-0.011993
-0.012098
-0.012159
-0.012274
-0.012351
-0.012459
-0.012522
-0.012673
-0.012767
-0.012938
-0.013035
-0.013165
-0.013246
-0.013330
-0.013404
-0.013472
-0.013622
-0.013650
-0.013699
-0.013788
-0.013895
-0.013957
-0.014026
-0.014098
-0.014208
-0.014294
-0.014419
-0.014486
-0.014625
-0.014710
-0.014807
-0.014932
-0.015011
-0.015101
-0.015187
-0.015276
-0.015393
-0.015431
-0.015541
-0.015653
-0.015744
-0.015801
-0.015902
-0.015960
-0.016056
-0.016114
-0.016281
-0.016292
-0.016373
-0.016494
-0.016592
-0.016766
-0.016838
-0.016955
-0.017084
-0.017229
-0.017279
-0.017417
-0.017511
-0.017610
-0.017697
-0.017783
-0.017904
-0.017932
-0.017975
-0.018062
-0.018124
-0.018201
-0.018306
-0.018385
-0.018516
-0.018650
-0.018683
-0.018780
-0.018859
-0.018967
-0.019015
-0.019169
-0.019240
-0.019337
-0.019400
-0.019510
-0.019553
-0.019628
-0.019727
-0.019787
-0.019914
-0.019946
-0.020049
-0.020174
-0.020303
-0.020379
-0.020490
-0.020531
-0.020636
-0.020658
-0.020731
-0.020840
-0.020862
-0.020964
-0.020979
-0.021086
-0.021146
-0.021269
-0.021374
-0.021446
-0.021495
-0.021593
-0.021682
-0.021808
-0.021956
-0.022048
-0.022226
-0.022291
-0.022421
-0.022509
-0.022692
-0.022697
-0.022836
-0.022921
-0.023042
-0.023135
-0.023293
-0.023477
-0.023657
-0.023850
-0.024011
-0.024120
-0.024265
-0.024383
-0.024504
-0.024694
-0.024819
-0.024909
-0.025058
-0.025186
-0.025372
-0.025510
-0.025690
-0.025859
-0.026041
-0.026171
-0.026401
-0.026567
-0.026771
-0.026897
-0.027035
-0.027111
-0.027224
-0.027387
-0.027486
-0.027667
-0.027721
-0.027842
-0.027947
-0.028110
-0.028216
-0.028365
-0.028496
-0.028614
-0.028729
-0.028892
-0.029103
-0.029248
-0.029393
-0.029538
-0.029703
-0.029788
-0.029974
-0.030087
-0.030198
-0.030337
-0.030430
-0.030589
-0.030688
-0.030837
-0.030864
-0.030974
-0.031035
-0.031122
-0.031168
-0.031324
-0.031352
-0.031470
-0.031544
-0.031584
-0.031685
-0.031686
-0.031755
-0.031842
-0.031935
-0.032024
-0.032082
-0.032107
-0.032157
-0.032177
-0.032188
-0.032228
-0.032242
-0.032282
-0.032288
-0.032344
-0.032354
-0.032442
-0.032575
-0.032633
-0.032713
-0.032796
-0.032869
-0.032929
-0.033003
-0.033004
-0.033080
-0.033075
-0.033081
-0.033101
-0.033192
-0.033112
-0.033150
-0.033116
-0.033134
-0.033071
-0.033070
-0.033090
-0.033098
-0.033140
-0.033152
-0.033135
-0.033139
-0.033131
-0.033133
-0.033227
-0.033252
-0.033238
-0.033231
-0.033173
-0.033156
-0.033041
-0.032926
-0.032859
-0.032750
-0.032595
-0.032472
-0.032334
-0.032216
-0.032049
-0.031973
-0.031745
-0.031610
-0.031528
-0.031428
-0.031429
-0.031277
-0.031183
-0.031128
-0.031047
-0.030972
-0.030868
-0.030769
-0.030702
-0.030601
-0.030548
-0.030456
-0.030339
-0.030201
-0.030106
-0.030016
-0.029865
-0.029740
-0.029625
-0.029510
-0.029430
-0.029281
-0.029182
-0.029068
-0.028967
-0.028797
-0.028667
-0.028493
-0.028302
-0.028090
-0.027959
-0.027696
-0.027560
-0.027392
-0.027190
-0.027035
-0.026794
-0.026637
-0.026470
-0.026347
-0.026197
-0.026037
-0.025889
-0.025734
-0.025556
-0.025458
-0.025301
-0.025095
-0.024977
-0.024771
-0.024643
-0.024402
-0.024247
-0.024026
-0.023801
-0.023583
-0.023432
-0.023252
-0.023080
-0.022888
-0.022678
-0.022527
-0.022316
-0.022143
-0.021971
-0.021892
-0.021667
-0.021527
-0.021429
-0.021357
-0.021262
-0.021104
-0.021048
-0.021000
-0.020917
-0.020860
-0.020777
-0.020752
-0.020649
-0.020504
-0.020490
-0.020349
-0.020207
-0.020050
-0.019928
-0.019800
-0.019622
-0.019429
-0.019339
-0.019224
-0.019105
-0.018959
-0.018864
-0.018758
-0.018607
-0.018474
-0.018314
-0.018179
-0.018067
-0.017905
-0.017825
-0.017617
-0.017430
-0.017283
-0.017129
-0.016993
-0.016780
-0.016552
-0.016387
-0.016172
-0.015934
-0.015667
-0.015433
-0.015214
-0.015053
-0.014845
-0.014621
-0.014431
-0.014247
-0.014036
-0.013920
-0.013640
-0.013476
-0.013271
-0.013148
-0.012981
-0.012829
-0.012678
-0.012578
-0.012396
-0.012311
-0.012075
-0.012008
-0.011883
-0.011781
-0.011691
-0.011575
-0.011481
-0.011412
-0.011352
-0.011329
-0.011314
-0.011239
-0.011186
-0.011137
-0.011102
-0.011065
-0.010971
-0.010992
-0.010933
-0.010919
-0.010868
-0.010884
-0.010843
-0.010748
-0.010625
-0.010521
-0.010445
-0.010373
-0.010278
-0.010088
-0.009975
-0.009808
-0.009686
-0.009550
-0.009508
-0.009313
-0.009196
-0.009061
-0.008982
-0.008844
-0.008723
-0.008615
-0.008548
-0.008470
-0.008426
-0.008240
-0.008210
-0.008085
-0.007991
-0.008000
-0.007925
-0.007882
-0.007796
-0.007729
-0.007675
-0.007543
-0.007470
-0.007439
-0.007346
-0.007236
-0.007190
-0.007098
-0.007040
-0.006909
-0.006790
-0.006678
-0.006628
-0.006593
-0.006473
-0.006454
-0.006400
-0.006270
-0.006186
-0.006149
-0.006087
-0.006014
-0.005930
-0.005877
-0.005843
-0.005777
-0.005768
-0.005744
-0.005705
-0.005711
-0.005652
-0.005592
-0.005573
-0.005558
-0.005502
-0.005469
-0.005379
-0.005347
-0.005253
-0.005232
-0.005115
-0.005052
-0.004963
-0.004957
-0.004891
-0.004896
-0.004831
-0.004896
-0.004936
-0.004973
-0.005061
-0.005041
-0.005115
-0.005165
-0.005252
-0.005380
-0.005523
-0.005624
-0.005743
-0.005833
-0.005895
-0.006046
-0.006079
-0.006215
-0.006272
-0.006383
-0.006500
-0.006646
-0.006737
-0.006866
-0.006985
-0.007067
-0.007215
-0.007326
-0.007491
-0.007546
-0.007709
-0.007789
-0.007964
-0.008103
-0.008264
-0.008338
-0.008470
-0.008623
-0.008802
-0.008958
-0.009131
-0.009338
-0.009537
-0.009748
-0.009992
-0.010162
-0.010423
-0.010637
-0.010851
-0.011073
-0.011254
-0.011442
-0.011622
-0.011796
-0.011997
-0.012105
-0.012243
-0.012368
-0.012441
-0.012577
-0.012717
-0.012796
-0.012948
-0.013027
-0.013115
-0.013219
-0.013350
-0.013542
-0.013669
-0.013878
-0.014034
-0.014173
-0.014336
-0.014534
-0.014682
-0.014877
-0.015065
-0.015294
-0.015475
-0.015694
-0.015898
-0.016104
-0.016285
-0.016544
-0.016727
-0.016883
-0.017086
-0.017304
-0.017522
-0.017721
-0.017871
-0.018030
-0.018200
-0.018382
-0.018519
-0.018664
-0.018847
-0.019075
-0.019230
-0.019445
-0.019531
-0.019743
-0.019878
-0.020060
-0.020264
-0.020358
-0.020531
-0.020688
-0.020844
-0.021077
-0.021219
-0.021371
-0.021538
-0.021733
-0.021949
-0.022184
-0.022421
-0.022693
-0.022909
-0.023176
-0.023463
-0.023745
-0.024036
-0.024329
-0.024605
-0.024841
-0.025123
-0.025384
-0.025688
-0.025888
-0.026163
-0.026368
-0.026667
-0.026926
-0.027167
-0.027342
-0.027578
-0.027805
-0.028026
-0.028274
-0.028474
-0.028721
-0.029018
-0.029257
-0.029561
-0.029700
-0.029980
-0.030210
-0.030437
-0.030692
-0.030890
-0.031061
-0.031277
-0.031476
-0.031723
-0.031883
-0.032042
-0.032214
-0.032379
-0.032547
-0.032745
-0.032926
-0.033183
-0.033394
-0.033672
-0.033858
-0.034084
-0.034358
-0.034593
-0.034879
-0.035096
-0.035337
-0.035560
-0.035765
-0.035967
-0.036178
-0.036345
-0.036587
-0.036782
-0.037014
-0.037245
-0.037411
-0.037523
-0.037768
-0.037896
-0.038044
-0.038192
-0.038355
-0.038522
-0.038714
-0.038793
-0.038983
-0.039143
-0.039381
-0.039468
-0.039659
-0.039883
-0.040102
-0.040277
-0.040538
-0.040699
-0.040937
-0.041093
-0.041268
-0.041441
-0.041572
-0.041649
-0.041832
-0.041974
-0.042180
-0.042299
-0.042503
-0.042638
-0.042764
-0.042881
-0.043017
-0.043132
-0.043244
-0.043398
-0.043458
-0.043622
-0.043644
-0.043749
-0.043714
-0.043794
-0.043825
-0.043906
-0.043947
-0.044102
-0.044138
-0.044317
-0.044400
-0.044531
-0.044691
-0.044837
-0.044869
-0.045067
-0.045153
-0.045321
-0.045411
-0.045509
-0.045640
-0.045750
-0.045850
-0.045981
-0.046026
-0.046177
-0.046220
-0.046299
-0.046437
-0.046566
-0.046640
-0.046751
-0.046784
-0.046876
-0.046904
-0.046964
-0.047000
-0.047093
-0.047141
-0.047207
-0.047186
-0.047237
-0.047185
-0.047248
-0.047166
-0.047139
-0.047185
-0.047157
-0.047222
-0.047218
-0.047281
-0.047285
-0.047326
-0.047378
-0.047427
-0.047382
-0.047424
-0.047445
-0.047503
-0.047603
-0.047674
-0.047702
-0.047814
-0.047785
-0.047804
-0.047809
-0.047835
-0.047864
-0.047911
-0.047872
-0.047931
-0.047946
-0.048101
-0.048101
-0.048140
-0.048232
-0.048363
-0.048397
-0.048502
-0.048506
-0.048589
-0.048566
-0.048608
-0.048587
-0.048604
-0.048533
-0.048591
-0.048599
-0.048664
-0.048675
-0.048768
-0.048782
-0.048764
-0.048813
-0.048847
-0.048851
-0.048866
-0.048969
-0.049009
-0.049034
-0.049097
-0.049171
-0.049167
-0.049253
-0.049244
-0.049351
-0.049419
-0.049522
-0.049580
-0.049702
-0.049639
-0.049709
-0.049784
-0.049749
-0.049643
-0.049750
-0.049754
-0.049795
-0.049879
-0.049895
-0.049963
-0.049980
-0.050039
-0.050118
-0.050140
-0.050299
-0.050319
-0.050385
-0.050528
-0.050613
-0.050649
-0.050812
-0.050863
-0.050953
-0.051076
-0.051105
-0.051150
-0.051271
-0.051310
-0.051331
-0.051416
-0.051529
-0.051587
-0.051794
-0.051715
-0.051772
-0.051875
-0.052003
-0.052112
-0.052227
-0.052404
-0.052472
-0.052571
-0.052799
-0.052903
-0.052931
-0.053144
-0.053198
-0.053296
-0.053535
-0.053661
-0.053760
-0.054029
-0.054096
-0.054244
-0.054419
-0.054507
-0.054656
-0.054859
-0.054925
-0.055058
-0.055164
-0.055393
-0.055444
-0.055550
-0.055719
-0.055890
-0.055876
-0.056093
-0.056173
-0.056347
-0.056506
-0.056695
-0.056740
-0.056899
-0.056938
-0.057009
-0.057092
-0.057194
-0.057177
-0.057338
-0.057329
-0.057366
-0.057533
-0.057605
-0.057665
-0.057735
-0.057943
-0.058010
-0.058126
-0.058285
-0.058403
-0.058464
-0.058678
-0.058739
-0.058918
-0.059063
-0.059202
-0.059329
-0.059567
-0.059596
-0.059766
-0.059962
-0.060084
-0.060152
-0.060356
-0.060436
-0.060495
-0.060631
-0.060729
-0.060870
-0.060952
-0.061086
-0.061211
-0.061210
-0.061390
-0.061432
-0.061502
-0.061624
-0.061688
-0.061706
-0.061847
-0.061885
-0.062004
-0.062129
-0.062220
-0.062291
-0.062462
-0.062550
-0.062709
-0.062874
-0.063069
-0.063179
-0.063402
-0.063488
-0.063643
-0.063857
-0.064068
-0.064268
-0.064405
-0.064612
-0.064733
-0.064825
-0.065009
-0.065186
-0.065316
-0.065514
-0.065595
-0.065727
-0.065926
-0.066058
-0.066159
-0.066347
-0.066400
-0.066511
-0.066634
-0.066759
-0.066908
-0.067091
-0.067241
-0.067386
-0.067534
-0.067790
-0.067873
-0.068074
-0.068254
-0.068498
-0.068615
-0.068853
-0.069038
-0.069250
-0.069459
-0.069666
-0.069831
-0.070088
-0.070227
-0.070462
-0.070688
-0.070944
-0.071134
-0.071390
-0.071542
-0.071809
-0.072046
-0.072280
-0.072557
-0.072779
-0.073087
-0.073339
-0.073649
-0.073894
-0.074186
-0.074375
-0.074670
-0.074860
-0.075121
-0.075330
-0.075555
-0.075649
-0.075818
-0.075861
-0.076031
-0.076125
-0.076267
-0.076273
-0.076409
-0.076447
-0.076504
-0.076539
-0.076621
-0.076701
-0.076761
-0.076820
-0.076894
-0.076890
-0.076989
-0.076994
-0.076993
-0.077049
-0.077072
-0.077035
-0.077046
-0.077038
-0.077051
-0.077098
-0.077075
-0.077077
-0.077115
-0.077158
-0.077164
-0.077173
-0.077162
-0.077178
-0.077231
-0.077215
-0.077240
-0.077285
-0.077318
-0.077335
-0.077366
-0.077385
-0.077370
-0.077389
-0.077402
-0.077416
-0.077429
-0.077445
-0.077392
-0.077396
-0.077423
-0.077426
-0.077436
-0.077484
-0.077425
-0.077485
-0.077475
-0.077452
-0.077482
-0.077423
-0.077402
-0.077356
-0.077365
-0.077404
-0.077409
-0.077405
-0.077375
-0.077441
-0.077428
-0.077401
-0.077398
-0.077347
-0.077363
-0.077356
-0.077294
-0.077296
-0.077249
-0.077242
-0.077194
-0.077228
-0.077169
-0.077147
-0.077112
-0.077095
-0.077094
-0.077066
-0.077018
-0.076985
-0.076988
-0.076967
-0.077004
-0.076986
-0.076999
-0.077004
-0.077069
-0.077059
-0.077101
-0.077093
-0.077064
-0.077061
-0.077055
-0.077072
-0.077147
-0.077187
-0.077192
-0.077228
-0.077280
-0.077324
-0.077286
-0.077351
-0.077358
-0.077431
-0.077421
-0.077438
-0.077474
-0.077407
-0.077431
-0.077416
-0.077380
-0.077391
-0.077328
-0.077288
-0.077259
-0.077242
-0.077260
-0.077210
-0.077145
-0.077027
-0.076973
-0.076884
-0.076762
-0.076667
-0.076525
-0.076415
-0.076302
-0.076201
-0.076133
-0.076042
-0.076016
-0.075973
-0.075963
-0.075965
-0.075911
-0.075889
-0.075867
-0.075878
-0.075871
-0.075888
-0.075862
-0.075816
-0.075808
-0.075751
-0.075703
-0.075719
-0.075662
-0.075687
-0.075660
-0.075653
-0.075696
-0.075626
-0.075679
-0.075624
-0.075638
-0.075673
-0.075667
-0.075654
-0.075671
-0.075705
-0.075673
-0.075718
-0.075736
-0.075768
-0.075820
-0.075873
-0.075872
-0.075915
-0.075859
-0.075864
-0.075903
-0.075917
-0.075842
-0.075939
-0.075881
-0.075830
-0.075806
-0.075821
-0.075767
-0.075733
-0.075807
-0.075759
-0.075773
-0.075785
-0.075766
-0.075723
-0.075749
-0.075700
-0.075729
-0.075721
-0.075720
-0.075706
-0.075710
-0.075681
-0.075688
-0.075730
-0.075721
-0.075753
-0.075824
-0.075891
-0.075875
-0.075882
-0.075949
-0.076104
-0.076169
-0.076269
-0.076360
-0.076444
-0.076524
-0.076601
-0.076617
-0.076699
-0.076759
-0.076814
-0.076919
-0.076984
-0.077123
-0.077180
-0.077201
-0.077223
-0.077316
-0.077403
-0.077452
-0.077538
-0.077598
-0.077664
-0.077676
-0.077772
-0.077843
-0.077869
-0.077932
-0.077982
-0.078041
-0.078121
-0.078143
-0.078176
-0.078181
-0.078195
-0.078192
-0.078236
-0.078228
-0.078241
-0.078301
-0.078270
-0.078306
-0.078330
-0.078383
-0.078398
-0.078454
-0.078500
-0.078541
-0.078503
-0.078553
-0.078539
-0.078583
-0.078624
-0.078592
-0.078570
-0.078600
-0.078606
-0.078566
-0.078623
-0.078569
-0.078574
-0.078602
-0.078688
-0.078707
-0.078750
-0.078701
-0.078754
-0.078836
-0.078954
-0.078971
-0.079069
-0.079052
-0.079050
-0.079063
-0.079147
-0.079142
-0.079161
-0.079280
-0.079311
-0.079443
-0.079597
-0.079716
-0.079741
-0.079918
-0.079954
-0.080106
-0.080213
-0.080292
-0.080365
-0.080483
-0.080521
-0.080588
-0.080686
-0.080712
-0.080759
-0.080856
-0.080944
-0.080964
-0.081024
-0.081109
-0.081204
-0.081320
-0.081434
-0.081538
-0.081603
-0.081674
-0.081755
-0.081797
-0.081917
-0.081999
-0.082074
-0.082228
-0.082348
-0.082501
-0.082616
-0.082712
-0.082853
-0.082978
-0.083102
-0.083237
-0.083342
-0.083465
-0.083635
-0.083786
-0.083926
-0.084074
-0.084216
-0.084362
-0.084556
-0.084682
-0.084836
-0.085028
-0.085201
-0.085365
-0.085580
-0.085714
-0.085915
-0.086065
-0.086274
-0.086440
-0.086553
-0.086676
-0.086792
-0.086941
-0.087038
-0.087145
-0.087262
-0.087348
-0.087405
-0.087551
-0.087562
-0.087639
-0.087791
-0.087880
-0.087921
-0.087979
-0.088084
-0.088011
-0.088052
-0.088048
-0.088019
-0.088017
-0.087995
-0.087973
-0.087956
-0.087913
-0.087877
-0.087913
-0.087949
-0.087943
-0.087976
-0.087952
-0.087988
-0.087938
-0.088044
-0.088080
-0.088088
-0.088115
-0.088130
-0.088215
-0.088312
-0.088326
-0.088362
-0.088448
-0.088491
-0.088564
-0.088665
-0.088744
-0.088848
-0.088937
-0.088976
-0.089079
-0.089144
-0.089186
-0.089269
-0.089342
-0.089387
-0.089325
-0.089365
-0.089389
-0.089405
-0.089438
-0.089471
-0.089518
-0.089565
-0.089595
-0.089693
-0.089726
-0.089780
-0.089843
-0.089887
-0.089950
-0.090009
-0.090097
-0.090150
-0.090175
-0.090255
-0.090283
-0.090341
-0.090391
-0.090431
-0.090476
-0.090592
-0.090690
-0.090782
-0.090900
-0.090994
-0.091084
-0.091229
-0.091368
-0.091478
-0.091598
-0.091707
-0.091795
-0.091928
-0.092047
-0.092195
-0.092285
-0.092406
-0.092520
-0.092631
-0.092749
-0.092830
-0.092975
-0.093048
-0.093117
-0.093206
-0.093335
-0.093385
-0.093496
-0.093527
-0.093606
-0.093729
-0.093800
-0.093879
-0.093937
-0.094065
-0.094062
-0.094135
-0.094164
-0.094189
-0.094231
-0.094321
-0.094391
-0.094429
-0.094469
-0.094465
-0.094494
-0.094567
-0.094563
-0.094603
-0.094576
-0.094592
-0.094537
-0.094571
-0.094591
-0.094533
-0.094545
-0.094546
-0.094600
-0.094609
-0.094610
-0.094653
-0.094736
-0.094712
-0.094766
-0.094766
-0.094769
-0.094767
-0.094773
-0.094722
-0.094777
-0.094760
-0.094779
-0.094734
-0.094746
-0.094662
-0.094566
-0.094498
-0.094459
-0.094428
-0.094369
-0.094277
-0.094239
-0.094100
-0.093994
-0.093935
-0.093878
-0.093771
-0.093703
-0.093602
-0.093546
-0.093408
-0.093327
-0.093212
-0.093118
-0.092999
-0.092889
-0.092786
-0.092702
-0.092554
-0.092477
-0.092389
-0.092312
-0.092192
-0.092072
-0.091983
-0.091824
-0.091757
-0.091611
-0.091502
-0.091397
-0.091311
-0.091176
-0.091102
-0.090956
-0.090851
-0.090735
-0.090704
-0.090596
-0.090538
-0.090456
-0.090349
-0.090264
-0.090146
-0.090019
-0.089927
-0.089853
-0.089745
-0.089690
-0.089599
-0.089521
-0.089485
-0.089394
-0.089337
-0.089272
-0.089229
-0.089062
-0.088988
-0.088868
-0.088737
-0.088663
-0.088582
-0.088544
-0.088429
-0.088346
-0.088232
-0.088175
-0.088150
-0.088034
-0.087946
-0.087814
-0.087702
-0.087570
-0.087496
-0.087401
-0.087293
-0.087208
-0.087140
-0.087092
-0.087046
-0.086961
-0.086902
-0.086909
-0.086804
-0.086767
-0.086749
-0.086717
-0.086728
-0.086670
-0.086592
-0.086619
-0.086610
-0.086606
-0.086567
-0.086577
-0.086553
-0.086485
-0.086480
-0.086451
-0.086459
-0.086423
-0.086368
-0.086358
-0.086245
-0.086166
-0.086110
-0.086035
-0.086006
-0.085933
-0.085914
-0.085859
-0.085802
-0.085779
-0.085712
-0.085705
-0.085670
-0.085616
-0.085567
-0.085512
-0.085452
-0.085424
-0.085396
-0.085414
-0.085320
-0.085299
-0.085282
-0.085235
-0.085176
-0.085053
-0.084977
-0.084902
-0.084846
-0.084776
-0.084659
-0.084534
-0.084409
-0.084319
-0.084262
-0.084130
-0.084006
-0.083894
-0.083790
-0.083746
-0.083532
-0.083369
-0.083215
-0.083097
-0.082987
-0.082880
-0.082763
-0.082662
-0.082558
-0.082424
-0.082255
-0.082062
-0.081959
-0.081712
-0.081544
-0.081318
-0.081096
-0.080897
-0.080733
-0.080585
-0.080296
-0.080056
-0.079796
-0.079537
-0.079339
-0.079077
-0.078879
-0.078610
-0.078418
-0.078222
-0.077949
-0.077728
-0.077449
-0.077186
-0.076969
-0.076741
-0.076460
-0.076161
-0.075937
-0.075729
-0.075426
-0.075186
-0.074900
-0.074648
-0.074418
-0.074181
-0.073962
-0.073861
-0.073652
-0.073532
-0.073331
-0.073167
-0.073017
-0.072811
-0.072681
-0.072497
-0.072304
-0.072077
-0.071826
-0.071632
-0.071279
-0.070960
-0.070722
-0.070418
-0.070101
-0.069800
-0.069461
-0.069096
-0.068794
-0.068474
-0.068110
-0.067787
-0.067393
-0.066982
-0.066662
-0.066253
-0.065853
-0.065487
-0.065095
-0.064781
-0.064394
-0.064020
-0.063682
-0.063308
-0.062951
-0.062630
-0.062254
-0.061930
-0.061640
-0.061361
-0.061026
-0.060781
-0.060463
-0.060198
-0.059958
-0.059645
-0.059393
-0.059222
-0.058993
-0.058817
-0.058572
-0.058352
-0.058147
-0.057992
-0.057807
-0.057567
-0.057341
-0.057158
-0.056940
-0.056765
-0.056548
-0.056238
-0.056091
-0.055825
-0.055633
-0.055401
-0.055078
-0.054824
-0.054667
-0.054505
-0.054219
-0.054055
-0.053791
-0.053581
-0.053488
-0.053261
-0.053071
-0.052824
-0.052608
-0.052425
-0.052151
-0.051935
-0.051658
-0.051444
-0.051233
-0.051038
-0.050790
-0.050479
-0.050319
-0.050153
-0.049911
-0.049745
-0.049487
-0.049160
-0.049035
-0.048812
-0.048638
-0.048581
-0.048310
-0.048234
-0.048085
-0.047922
-0.047789
-0.047531
-0.047391
-0.047218
-0.047126
-0.046964
-0.046733
-0.046646
-0.046458
-0.046277
-0.046202
-0.046018
-0.045834
-0.045640
-0.045449
-0.045253
-0.045073
-0.044865
-0.044628
-0.044439
-0.044247
-0.044024
-0.043838
-0.043585
-0.043425
-0.043255
-0.043078
-0.042908
-0.042669
-0.042485
-0.042353
-0.042240
-0.042090
-0.041891
-0.041694
-0.041517
-0.041318
-0.041125
-0.040787
-0.040559
-0.040295
-0.040027
-0.039802
-0.039498
-0.039217
-0.039038
-0.038789
-0.038626
-0.038400
-0.038087
-0.037858
-0.037648
-0.037441
-0.037138
-0.036886
-0.036601
-0.036347
-0.036133
-0.035912
-0.035613
-0.035507
-0.035239
-0.035043
-0.034865
-0.034625
-0.034355
-0.034249
-0.034013
-0.033749
-0.033575
-0.033353
-0.033055
-0.032930
-0.032638
-0.032437
-0.032236
-0.032048
-0.031894
-0.031664
-0.031514
-0.031389
-0.031257
-0.031052
-0.030958
-0.030734
-0.030533
-0.030394
-0.030248
-0.030029
-0.029981
-0.029803
-0.029723
-0.029694
-0.029606
-0.029457
-0.029479
-0.029276
-0.029272
-0.029149
-0.029003
-0.028818
-0.028777
-0.028618
-0.028543
-0.028446
-0.028300
-0.028087
-0.027994
-0.027776
-0.027594
-0.027479
-0.027315
-0.027160
-0.026998
-0.026786
-0.026630
-0.026496
-0.026327
-0.026085
-0.025937
-0.025716
-0.025497
-0.025363
-0.025191
-0.025075
-0.024976
-0.024840
-0.024740
-0.024622
-0.024427
-0.024331
-0.024230
-0.024121
-0.024043
-0.023929
-0.023848
-0.023850
-0.023775
-0.023648
-0.023599
-0.023512
-0.023388
-0.023374
-0.023273
-0.023178
-0.023152
-0.023109
-0.023049
-0.022965
-0.022893
-0.022840
-0.022827
-0.022788
-0.022713
-0.022679
-0.022559
-0.022454
-0.022386
-0.022292
-0.022140
-0.022155
-0.022017
-0.021954
-0.021824
-0.021680
-0.021486
-0.021397
-0.021270
-0.021084
-0.021000
-0.020862
-0.020692
-0.020620
-0.020396
-0.020253
-0.020120
-0.019952
-0.019780
-0.019692
-0.019521
-0.019367
-0.019209
-0.019025
-0.018877
-0.018646
-0.018428
-0.018217
-0.017972
-0.017709
-0.017557
-0.017270
-0.017079
-0.016963
-0.016767
-0.016587
-0.016518
-0.016333
-0.016239
-0.016057
-0.015911
-0.015705
-0.015586
-0.015362
-0.015279
-0.015171
-0.015035
-0.014911
-0.014784
-0.014641
-0.014483
-0.014424
-0.014266
-0.014211
-0.014072
-0.013942
-0.013811
-0.013701
-0.013593
-0.013429
-0.013345
-0.013223
-0.013059
-0.013004
-0.012848
-0.012743
-0.012654
-0.012574
-0.012480
-0.012414
-0.012329
-0.012221
-0.012178
-0.012141
-0.012099
-0.011949
-0.011914
-0.011833
-0.011726
-0.011581
-0.011456
-0.011274
-0.011094
-0.010959
-0.010816
-0.010630
-0.010521
-0.010328
-0.010233
-0.010008
-0.009893
-0.009777
-0.009678
-0.009588
-0.009398
-0.009326
-0.009195
-0.009145
-0.009011
-0.008901
-0.008758
-0.008713
-0.008580
-0.008537
-0.008443
-0.008338
-0.008183
-0.008105
-0.008022
-0.007848
-0.007678
-0.007589
-0.007394
-0.007244
-0.007044
-0.006880
-0.006730
-0.006543
-0.006507
-0.006342
-0.006206
-0.006111
-0.006009
-0.005917
-0.005822
-0.005663
-0.005575
-0.005444
-0.005322
-0.005179
-0.005031
-0.004801
-0.004555
-0.004367
-0.004154
-0.003874
-0.003631
-0.003307
-0.003082
-0.002774
-0.002567
-0.002264
-0.002020
-0.001792
-0.001450
-0.001220
-0.000983
-0.000778
-0.000560
-0.000368
-0.000112
0.000008
0.000247
0.000458
0.000691
0.000996
0.001351
0.001562
0.001807
0.002130
0.002393
0.002601
0.002881
0.003090
0.003323
0.003560
0.003757
0.004004
0.004113
0.004424
0.004637
0.004807
0.004997
0.005156
0.005406
0.005659
0.005860
0.006067
0.006327
0.006585
0.006773
0.007061
0.007272
0.007420
0.007661
0.007819
0.007950
0.008177
0.008304
0.008523
0.008729
0.008900
0.009028
0.009151
0.009345
0.009472
0.009651
0.009727
0.009860
0.009932
0.010112
0.010168
0.010338
0.010401
0.010583
0.010812
0.010990
0.011088
0.011169
0.011365
0.011505
0.011620
0.011766
0.011823
0.011959
0.012051
0.012198
0.012322
0.012370
0.012553
0.012687
0.012815
0.012904
0.012968
0.013052
0.013181
0.013245
0.013356
0.013428
0.013489
0.013526
0.013606
0.013696
0.013760
0.013774
0.013861
0.013864
0.013962
0.013961
0.014056
0.014031
0.014095
0.014116
0.014083
0.014172
0.014168
0.014194
0.014217
0.014217
0.014132
0.014191
0.014078
0.013999
0.013927
0.013858
0.013854
0.013844
0.013693
0.013665
0.013664
0.013578
0.013448
0.013371
0.013193
0.013114
0.012999
0.012855
0.012803
0.012568
0.012538
0.012518
0.012401
0.012347
0.012266
0.012164
0.012163
0.012117
0.012000
0.011931
0.011909
0.011783
0.011747
0.011701
0.011572
0.011514
0.011413
0.011273
0.011232
0.011035
0.010932
0.010788
0.010640
0.010454
0.010275
0.010204
0.010069
0.010020
0.009892
0.009872
0.009765
0.009765
0.009632
0.009592
0.009432
0.009440
0.009399
0.009334
0.009177
0.009058
0.008975
0.008872
0.008684
0.008623
0.008437
0.008334
0.008175
0.008046
0.007855
0.007602
0.007511
0.007305
0.007143
0.006953
0.006712
0.006444
0.006259
0.005945
0.005737
0.005442
0.005184
0.004861
0.004604
0.004358
0.004086
0.003776
0.003604
0.003342
0.003153
0.002903
0.002815
0.002602
0.002482
0.002310
0.002083
0.002017
0.001897
0.001740
0.001634
0.001534
0.001374
0.001312
0.001132
0.001021
0.000906
0.000728
0.000615
0.000510
0.000312
0.000161
0.000022
-0.000207
-0.000361
-0.000483
-0.000720
-0.000873
-0.001042
-0.001185
-0.001278
-0.001572
-0.001531
-0.001603
-0.001750
-0.001851
-0.001942
-0.002112
-0.002204
-0.002305
-0.002465
-0.002578
-0.002653
-0.002808
-0.002880
-0.002948
-0.003058
-0.003112
-0.003184
-0.003347
-0.003433
-0.003585
-0.003659
-0.003752
-0.003889
-0.004019
-0.004206
-0.004247
-0.004400
-0.004451
-0.004621
-0.004729
-0.004872
-0.004982
-0.005175
-0.005243
-0.005460
-0.005581
-0.005740
-0.005867
-0.006080
-0.006273
-0.006452
-0.006557
-0.006746
-0.006801
-0.006978
-0.007041
-0.007155
-0.007184
-0.007241
-0.007432
-0.007408
-0.007499
-0.007535
-0.007618
-0.007650
-0.007762
-0.007736
-0.007821
-0.007835
-0.007916
-0.007919
-0.007937
-0.007891
-0.007884
-0.007835
-0.007878
-0.007827
-0.007857
-0.007842
-0.007847
-0.007817
-0.007826
-0.007753
-0.007775
-0.007849
-0.007768
-0.007768
-0.007768
-0.007761
-0.007792
-0.007826
-0.007798
-0.007826
-0.007810
-0.007771
-0.007764
-0.007727
-0.007657
-0.007727
-0.007716
-0.007750
-0.007802
-0.007791
-0.007786
-0.007923
-0.008005
-0.008075
-0.008118
-0.008174
-0.008362
-0.008297
-0.008351
-0.008398
-0.008424
-0.008444
-0.008523
-0.008520
-0.008476
-0.008522
-0.008556
-0.008551
-0.008660
-0.008641
-0.008713
-0.008774
-0.008854
-0.008973
-0.009118
-0.009193
-0.009349
-0.009500
-0.009637
-0.009817
-0.009985
-0.010167
-0.010331
-0.010532
-0.010660
-0.010827
-0.010935
-0.011048
-0.011143
-0.011302
-0.011341
-0.011435
-0.011475
-0.011569
-0.011608
-0.011719
-0.011845
-0.011948
-0.012057
-0.012185
-0.012245
-0.012418
-0.012483
-0.012581
-0.012655
-0.012764
-0.012946
-0.013019
-0.013129
-0.013227
-0.013319
-0.013349
-0.013495
-0.013535
-0.013603
-0.013639
-0.013676
-0.013707
-0.013733
-0.013733
-0.013744
-0.013647
-0.013649
-0.013567
-0.013561
-0.013459
-0.013382
-0.013311
-0.013241
-0.013189
-0.013153
-0.013107
-0.012990
-0.012937
-0.012871
-0.012776
-0.012710
-0.012631
-0.012482
-0.012396
-0.012304
-0.012198
-0.012104
-0.012072
-0.011946
-0.011887
-0.011773
-0.011641
-0.011541
-0.011369
-0.011238
-0.011163
-0.011054
-0.010925
-0.010776
-0.010657
-0.010630
-0.010474
-0.010390
-0.010312
-0.010233
-0.010169
-0.010122
-0.010042
-0.009900
-0.009861
-0.009714
-0.009660
-0.009595
-0.009473
-0.009426
-0.009315
-0.009205
-0.009143
-0.009044
-0.008906
-0.008804
-0.008712
-0.008547
-0.008460
-0.008370
-0.008348
-0.008295
-0.008319
-0.008285
-0.008236
-0.008163
-0.008138
-0.008118
-0.008163
-0.008107
-0.008156
-0.008102
-0.008108
-0.008045
-0.008063
-0.008091
-0.008121
-0.008090
-0.008109
-0.008063
-0.008118
-0.008048
-0.008082
-0.008093
-0.008170
-0.008303
-0.008325
-0.008404
-0.008449
-0.008539
-0.008518
-0.008661
-0.008682
-0.008775
-0.008820
-0.008888
-0.008878
-0.008902
-0.008879
-0.008904
-0.008907
-0.008963
-0.008921
-0.008978
-0.008928
-0.008881
-0.008837
-0.008785
-0.008707
-0.008685
-0.008758
-0.008628
-0.008587
-0.008548
-0.008491
-0.008506
-0.008464
-0.008300
-0.008299
-0.008221
-0.008041
-0.007921
-0.007868
-0.007690
-0.007618
-0.007574
-0.007387
-0.007334
-0.007198
-0.007023
-0.006931
-0.006788
-0.006561
-0.006375
-0.006198
-0.006130
-0.005726
-0.005574
-0.005448
-0.005249
-0.005142
-0.005006
-0.004801
-0.004599
-0.004442
-0.004169
-0.004011
-0.003822
-0.003574
-0.003393
-0.003194
-0.002849
-0.002592
-0.002417
-0.002047
-0.001885
-0.001627
-0.001388
-0.001182
-0.000978
-0.000835
-0.000549
-0.000443
-0.000146
0.000059
0.000279
0.000540
0.000771
0.000899
0.001160
0.001235
0.001446
0.001605
0.001842
0.001938
0.002142
0.002262
0.002483
0.002619
0.002845
0.002872
0.003159
0.003232
0.003436
0.003631
0.003697
0.003926
0.004074
0.004253
0.004327
0.004567
0.004587
0.004729
0.004819
0.004985
0.005081
0.005317
0.005455
0.005705
0.005925
0.006162
0.006326
0.006630
0.006859
0.007131
0.007455
0.007689
0.007962
0.008254
0.008443
0.008556
0.008962
0.009216
0.009514
0.009807
0.010084
0.010328
0.010717
0.010943
0.011239
0.011586
0.011857
0.012106
0.012463
0.012747
0.013017
0.013316
0.013611
0.013891
0.014214
0.014441
0.014679
0.014939
0.015164
0.015322
0.015430
0.015684
0.015812
0.015925
0.016095
0.016196
0.016328
0.016475
0.016573
0.016684
0.016803
0.016910
0.017002
0.017151
0.017159
0.017125
0.017219
0.017272
0.017279
0.017359
0.017295
0.017321
0.017227
0.017195
0.017091
0.016945
0.016964
0.016866
0.016781
0.016741
0.016623
0.016572
0.016505
0.016465
0.016460
0.016341
0.016341
0.016261
0.016272
0.016198
0.016159
0.016065
0.016066
0.015964
0.015999
0.015915
0.015994
0.016023
0.016086
0.016125
0.016092
0.016203
0.016189
0.016206
0.016159
0.016220
0.016176
0.016262
0.016256
0.016340
0.016329
0.016388
0.016372
0.016438
0.016423
0.016455
0.016468
0.016570
0.016618
0.016681
0.016759
0.016791
0.016862
0.016958
0.016988
0.016941
0.017137
0.017134
0.017205
0.017242
0.017299
0.017277
0.017345
0.017319
0.017253
0.017255
0.017190
0.017129
0.017136
0.017150
0.017112
0.017107
0.017075
0.017060
0.017045
0.017044
0.017025
0.017031
0.017017
0.017014
0.017032
0.017041
0.017038
0.017000
0.016972
0.016867
0.016914
0.016909
0.016933
0.016860
0.016847
0.016727
0.016644
0.016513
0.016366
0.016160
0.016085
0.015900
0.015773
0.015685
0.015516
0.015404
0.015248
0.015123
0.014973
0.014775
0.014752
0.014600
0.014499
0.014404
0.014298
0.014171
0.014046
0.013927
0.013857
0.013644
0.013531
0.013353
0.013238
0.013063
0.012971
0.012827
0.012740
0.012548
0.012437
0.012236
0.012171
0.011987
0.011867
0.011699
0.011496
0.011389
0.011160
0.011010
0.010820
0.010714
0.010567
0.010496
0.010326
0.010237
0.010079
0.009986
0.009877
0.009806
0.009703
0.009648
0.009535
0.009474
0.009399
0.009328
0.009258
0.009160
0.009080
0.008993
0.008873
0.008739
0.008698
0.008638
0.008551
0.008440
0.008358
0.008256
0.008181
0.008086
0.008015
0.007971
0.007849
0.007719
0.007589
0.007478
0.007359
0.007261
0.007173
0.007117
0.007040
0.006968
0.006908
0.006881
0.006811
0.006724
0.006648
0.006660
0.006621
0.006578
0.006559
0.006565
0.006587
0.006586
0.006618
0.006650
0.006679
0.006678
0.006736
0.006769
0.006805
0.006751
0.006846
0.006857
0.006845
0.006809
0.006790
0.006847
0.006822
0.006776
0.006755
0.006636
0.006648
0.006550
0.006480
0.006392
0.006267
0.006100
0.005981
0.005882
0.005809
0.005685
0.005628
0.005540
0.005480
0.005335
0.005309
0.005235
0.005246
0.005149
0.005210
0.005157
0.005212
0.005161
0.005206
0.005194
0.005137
0.005200
0.005166
0.005264
0.005240
0.005328
0.005253
0.005351
0.005333
0.005423
0.005417
0.005541
0.005532
0.005584
0.005614
0.005736
0.005772
0.005864
0.005949
0.006058
0.006182
0.006223
0.006339
0.006493
0.006663
0.006712
0.006976
0.007127
0.007279
0.007379
0.007564
0.007669
0.007836
0.007950
0.008091
0.008281
0.008399
0.008520
0.008655
0.008802
0.008940
0.009027
0.009182
0.009378
0.009567
0.009749
0.009957
0.010162
0.010364
0.010539
0.010674
0.010930
0.011177
0.011371
0.011595
0.011809
0.012078
0.012289
0.012536
0.012738
0.012926
0.013097
0.013321
0.013493
0.013677
0.013800
0.014001
0.014173
0.014278
0.014373
0.014394
0.014544
0.014636
0.014727
0.014802
0.014856
0.015031
0.015157
0.015279
0.015414
0.015528
0.015584
0.015671
0.015779
0.015879
0.015878
0.015980
0.016027
0.016092
0.016070
0.016140
0.016150
0.016245
0.016220
0.016301
0.016284
0.016395
0.016392
0.016464
0.016532
0.016549
0.016703
0.016773
0.016876
0.016915
0.016998
0.017052
0.017200
0.017235
0.017302
0.017299
0.017362
0.017333
0.017328
0.017310
0.017345
0.017285
0.017243
0.017267
0.017262
0.017288
0.017320
0.017416
0.017506
0.017567
0.017544
0.017663
0.017699
0.017767
0.017815
0.017876
0.017878
0.017914
0.017912
0.017936
0.017935
0.017963
0.017985
0.018021
0.018056
0.018065
0.017991
0.018012
0.018036
0.018016
0.017982
0.018012
0.018021
0.018067
0.018056
0.018079
0.018130
0.018177
0.018224
0.018270
0.018341
0.018413
0.018411
0.018494
0.018593
0.018639
0.018669
0.018723
0.018786
0.018825
0.018811
0.018823
0.018841
0.018840
0.018817
0.018758
0.018746
0.018700
0.018648
0.018564
0.018461
0.018418
0.018359
0.018309
0.018313
0.018269
0.018186
0.018169
0.018186
0.018225
0.018130
0.018190
0.018198
0.018223
0.018221
0.018251
0.018277
0.018357
0.018364
0.018451
0.018454
0.018534
0.018501
0.018564
0.018577
0.018529
0.018578
0.018570
0.018696
0.018702
0.018766
0.018778
0.018905
0.018943
0.019030
0.019030
0.019096
0.019134
0.019166
0.019234
0.019358
0.019363
0.019399
0.019417
0.019465
0.019439
0.019436
0.019503
0.019576
0.019610
0.019528
0.019569
0.019556
0.019525
0.019485
0.019434
0.019318
0.019187
0.019046
0.018890
0.018795
0.018657
0.018495
0.018377
0.018247
0.018069
0.017849
0.017694
0.017603
0.017442
0.017286
0.017143
0.017006
0.016870
0.016696
0.016524
0.016377
0.016190
0.016025
0.015871
0.015751
0.015627
0.015458
0.015338
0.015208
0.015049
0.014879
0.014700
0.014570
0.014396
0.014240
0.014141
0.013988
0.013858
0.013699
0.013535
0.013389
0.013260
0.013141
0.012982
0.012797
0.012663
0.012513
0.012320
0.012257
0.012084
0.011907
0.011739
0.011610
0.011498
0.011311
0.011210
0.011149
0.010967
0.010817
0.010720
0.010635
0.010542
0.010418
0.010350
0.010209
0.010175
0.009998
0.009941
0.009757
0.009675
0.009616
0.009456
0.009432
0.009256
0.009170
0.008973
0.008873
0.008702
0.008583
0.008407
0.008266
0.008103
0.007941
0.007875
0.007791
0.007610
0.007494
0.007355
0.007245
0.007082
0.006924
0.006855
0.006772
0.006645
0.006468
0.006373
0.006276
0.006178
0.006088
0.005957
0.005788
0.005635
0.005394
0.005185
0.004961
0.004754
0.004535
0.004288
0.004037
0.003810
0.003544
0.003331
0.003150
0.002979
0.002743
0.002595
0.002339
0.002149
0.001881
0.001639
0.001508
0.001255
0.001067
0.000796
0.000647
0.000378
0.000209
0.000065
-0.000073
-0.000264
-0.000434
-0.000688
-0.000863
-0.001034
-0.001197
-0.001362
-0.001536
-0.001699
-0.001849
-0.002055
-0.002160
-0.002249
-0.002401
-0.002610
-0.002793
-0.002998
-0.003177
-0.003359
-0.003424
-0.003629
-0.003799
-0.003966
-0.004107
-0.004267
-0.004451
-0.004552
-0.004658
-0.004843
-0.005022
-0.005156
-0.005329
-0.005421
-0.005549
-0.005645
-0.005785
-0.005829
-0.005963
-0.005951
-0.006025
-0.006074
-0.006078
-0.006121
-0.006013
-0.006052
-0.005995
-0.006042
-0.006029
-0.006039
-0.006046
-0.006090
-0.006120
-0.006155
-0.006192
-0.006166
-0.006128
-0.006150
-0.006153
-0.006144
-0.006159
-0.006149
-0.006189
-0.006093
-0.006096
-0.006097
-0.006163
-0.006170
-0.006179
-0.006176
-0.006120
-0.006105
-0.006108
-0.006145
-0.006209
-0.006210
-0.006267
-0.006244
-0.006217
-0.006195
-0.006210
-0.006190
-0.006260
-0.006218
-0.006224
-0.006276
-0.006391
-0.006377
-0.006501
-0.006481
-0.006584
-0.006582
-0.006545
-0.006604
-0.006543
-0.006586
-0.006511
-0.006522
-0.006479
-0.006430
-0.006358
-0.006346
-0.006297
-0.006309
-0.006222
-0.006174
-0.006099
-0.006103
-0.006019
-0.006037
-0.006026
-0.006048
-0.006088
-0.006047
-0.006044
-0.006043
-0.006022
-0.005985
-0.005990
-0.005975
-0.005880
-0.005895
-0.005927
-0.005992
-0.005999
-0.006046
-0.006140
-0.006149
-0.006156
-0.006234
-0.006304
-0.006316
-0.006366
-0.006374
-0.006471
-0.006527
-0.006594
-0.006577
-0.006658
-0.006618
-0.006612
-0.006656
-0.006687
-0.006686
-0.006632
-0.006695
-0.006654
-0.006684
-0.006690
-0.006740
-0.006762
-0.006848
-0.006937
-0.007014
-0.007147
-0.007180
-0.007252
-0.007354
-0.007461
-0.007549
-0.007681
-0.007751
-0.007929
-0.007993
-0.008149
-0.008308
-0.008515
-0.008685
-0.008847
-0.009034
-0.009128
-0.009259
-0.009376
-0.009504
-0.009662
-0.009771
-0.009897
-0.010031
-0.010173
-0.010343
-0.010538
-0.010720
-0.010975
-0.011148
-0.011343
-0.011565
-0.011811
-0.012008
-0.012286
-0.012521
-0.012828
-0.013054
-0.013252
-0.013534
-0.013733
-0.014000
-0.014185
-0.014408
-0.014594
-0.014775
-0.014941
-0.015140
-0.015319
-0.015475
-0.015602
-0.015736
-0.015857
-0.016006
-0.016094
-0.016281
-0.016425
-0.016538
-0.016693
-0.016826
-0.017003
-0.017168
-0.017419
-0.017649
-0.017846
-0.018065
-0.018165
-0.018386
-0.018525
-0.018708
-0.018811
-0.018957
-0.019126
-0.019262
-0.019408
-0.019624
-0.019782
-0.019952
-0.020145
-0.020280
-0.020457
-0.020588
-0.020796
-0.020910
-0.021113
-0.021207
-0.021387
-0.021561
-0.021710
-0.021965
-0.022101
-0.022340
-0.022532
-0.022756
-0.022877
-0.023093
-0.023208
-0.023379
-0.023565
-0.023719
-0.023992
-0.024213
-0.024406
-0.024625
-0.024910
-0.025138
-0.025440
-0.025688
-0.025967
-0.026229
-0.026518
-0.026782
-0.027070
-0.027447
-0.027658
-0.028018
-0.028308
-0.028637
-0.028949
-0.029264
-0.029637
-0.029925
-0.030222
-0.030575
-0.030931
-0.031270
-0.031615
-0.031917
-0.032219
-0.032539
-0.032814
-0.033095
-0.033381
-0.033704
-0.033949
-0.034232
-0.034522
-0.034715
-0.034942
-0.035193
-0.035439
-0.035652
-0.035870
-0.036082
-0.036281
-0.036495
-0.036725
-0.036916
-0.037094
-0.037364
-0.037518
-0.037783
-0.038031
-0.038278
-0.038424
-0.038735
-0.038967
-0.039117
-0.039365
-0.039576
-0.039799
-0.040031
-0.040355
-0.040556
-0.040784
-0.041033
-0.041138
-0.041324
-0.041501
-0.041718
-0.041817
-0.042043
-0.042199
-0.042348
-0.042463
-0.042679
-0.042775
-0.042952
-0.043095
-0.043170
-0.043373
-0.043493
-0.043675
-0.043762
-0.043981
-0.044131
-0.044320
-0.044506
-0.044632
-0.044878
-0.045001
-0.045267
-0.045452
-0.045735
-0.045902
-0.046186
-0.046360
-0.046557
-0.046851
-0.047027
-0.047308
-0.047538
-0.047680
-0.047867
-0.048094
-0.048239
-0.048403
-0.048588
-0.048716
-0.048874
-0.049043
-0.049272
-0.049441
-0.049706
-0.049880
-0.050080
-0.050308
-0.050537
-0.050754
-0.050962
-0.051259
-0.051454
-0.051747
-0.051999
-0.052321
-0.052569
-0.052827
-0.053107
-0.053349
-0.053649
-0.053876
-0.054098
-0.054350
-0.054605
-0.054761
-0.054948
-0.055139
-0.055331
-0.055435
-0.055637
-0.055863
-0.056045
-0.056242
-0.056383
-0.056538
-0.056720
-0.056891
-0.057031
-0.057119
-0.057285
-0.057341
-0.057503
-0.057684
-0.057905
-0.057970
-0.058248
-0.058378
-0.058526
-0.058639
-0.058799
-0.058923
-0.059074
-0.059284
-0.059348
-0.059534
-0.059701
-0.059806
-0.059923
-0.059989
-0.060141
-0.060233
-0.060368
-0.060500
-0.060580
-0.060654
-0.060788
-0.060777
-0.060890
-0.060950
-0.060979
-0.061092
-0.061125
-0.061182
-0.061182
-0.061248
-0.061273
-0.061360
-0.061390
-0.061286
-0.061332
-0.061313
-0.061377
-0.061421
-0.061495
-0.061510
-0.061619
-0.061640
-0.061700
-0.061805
-0.061839
-0.061976
-0.062115
-0.062225
-0.062336
-0.062454
-0.062561
-0.062706
-0.062837
-0.062894
-0.063037
-0.063123
-0.063257
-0.063373
-0.063549
-0.063671
-0.063830
-0.063992
-0.064142
-0.064304
-0.064423
-0.064678
-0.064737
-0.064900
-0.065013
-0.065142
-0.065241
-0.065382
-0.065522
-0.065594
-0.065742
-0.065859
-0.066017
-0.066166
-0.066302
-0.066401
-0.066561
-0.066664
-0.066821
-0.066872
-0.066971
-0.067084
-0.067130
-0.067242
-0.067299
-0.067376
-0.067419
-0.067514
-0.067550
-0.067563
-0.067636
-0.067663
-0.067781
-0.067893
-0.068031
-0.068041
-0.068180
-0.068201
-0.068252
-0.068289
-0.068331
-0.068370
-0.068442
-0.068580
-0.068602
-0.068704
-0.068784
-0.068873
-0.068992
-0.069063
-0.069295
-0.069444
-0.069592
-0.069770
-0.069972
-0.070156
-0.070394
-0.070531
-0.070737
-0.070890
-0.071097
-0.071321
-0.071507
-0.071707
-0.071843
-0.072053
-0.072225
-0.072411
-0.072588
-0.072674
-0.072894
-0.073038
-0.073241
-0.073423
-0.073615
-0.073736
-0.073874
-0.073989
-0.074074
-0.074147
-0.074235
-0.074358
-0.074445
-0.074565
-0.074631
-0.074728
-0.074833
-0.074947
-0.075044
-0.075099
-0.075209
-0.075323
-0.075441
-0.075570
-0.075756
-0.075884
-0.076043
-0.076183
-0.076330
-0.076399
-0.076509
-0.076655
-0.076708
-0.076830
-0.076896
-0.077010
-0.077072
-0.077131
-0.077193
-0.077190
-0.077283
-0.077350
-0.077436
-0.077557
-0.077676
-0.077749
-0.077831
-0.077904
-0.077934
-0.077977
-0.078081
-0.078177
-0.078300
-0.078352
-0.078458
-0.078524
-0.078630
-0.078671
-0.078732
-0.078684
-0.078745
-0.078717
-0.078800
-0.078754
-0.078804
-0.078701
-0.078760
-0.078730
-0.078741
-0.078619
-0.078614
-0.078528
-0.078535
-0.078480
-0.078495
-0.078436
-0.078502
-0.078441
-0.078498
-0.078412
-0.078528
-0.078501
-0.078502
-0.078462
-0.078537
-0.078533
-0.078639
-0.078602
-0.078658
-0.078595
-0.078596
-0.078592
-0.078662
-0.078676
-0.078707
-0.078757
-0.078824
-0.078838
-0.078908
-0.078939
-0.078996
-0.078996
-0.079060
-0.079126
-0.079189
-0.079215
-0.079225
-0.079213
-0.079207
-0.079195
-0.079159
-0.079199
-0.079183
-0.079220
-0.079232
-0.079290
-0.079316
-0.079371
-0.079417
-0.079411
-0.079460
-0.079505
-0.079556
-0.079639
-0.079757
-0.079835
-0.079895
-0.079997
-0.080026
-0.080094
-0.080146
-0.080230
-0.080212
-0.080293
-0.080326
-0.080389
-0.080432
-0.080446
-0.080450
-0.080438
-0.080471
-0.080489
-0.080529
-0.080577
-0.080637
-0.080724
-0.080820
-0.080934
-0.080953
-0.081130
-0.081251
-0.081305
-0.081422
-0.081473
-0.081570
-0.081657
-0.081777
-0.081852
-0.081955
-0.081990
-0.082071
-0.082115
-0.082266
-0.082379
-0.082523
-0.082591
-0.082726
-0.082835
-0.082921
-0.083005
-0.083116
-0.083228
-0.083333
-0.083472
-0.083593
-0.083691
-0.083869
-0.083929
-0.084020
-0.084009
-0.084184
-0.084265
-0.084421
-0.084551
-0.084729
-0.084853
-0.085085
-0.085238
-0.085484
-0.085618
-0.085796
-0.085970
-0.086180
-0.086348
-0.086525
-0.086698
-0.086836
-0.086956
-0.087108
-0.087185
-0.087348
-0.087452
-0.087572
-0.087685
-0.087762
-0.087805
-0.087886
-0.087892
-0.088007
-0.088045
-0.088110
-0.088212
-0.088335
-0.088455
-0.088548
-0.088633
-0.088713
-0.088820
-0.088929
-0.088970
-0.089119
-0.089202
-0.089289
-0.089369
-0.089445
-0.089502
-0.089576
-0.089644
-0.089691
-0.089703
-0.089759
-0.089806
-0.089795
-0.089851
-0.089857
-0.089844
-0.089791
-0.089744
-0.089716
-0.089670
-0.089614
-0.089607
-0.089609
-0.089604
-0.089563
-0.089601
-0.089576
-0.089591
-0.089636
-0.089551
-0.089550
-0.089487
-0.089517
-0.089458
-0.089455
-0.089399
-0.089396
-0.089305
-0.089308
-0.089187
-0.089125
-0.089026
-0.089005
-0.088966
-0.088974
-0.088846
-0.088822
-0.088791
-0.088770
-0.088619
-0.088552
-0.088454
-0.088366
-0.088326
-0.088206
-0.088147
-0.088056
-0.088035
-0.087953
-0.087797
-0.087734
-0.087599
-0.087455
-0.087357
-0.087278
-0.087082
-0.086963
-0.086876
-0.086782
-0.086735
-0.086646
-0.086594
-0.086557
-0.086497
-0.086378
-0.086363
-0.086279
-0.086168
-0.086120
-0.085975
-0.085849
-0.085707
-0.085626
-0.085467
-0.085334
-0.085196
-0.085039
-0.084845
-0.084727
-0.084504
-0.084333
-0.084187
-0.083957
-0.083770
-0.083569
-0.083316
-0.083019
-0.082798
-0.082519
-0.082210
-0.082028
-0.081741
-0.081535
-0.081304
-0.081047
-0.080750
-0.080511
-0.080196
-0.079853
-0.079532
-0.079210
-0.078885
-0.078570
-0.078311
-0.078001
-0.077691
-0.077323
-0.077065
-0.076739
-0.076362
-0.076012
-0.075670
-0.075328
-0.075035
-0.074661
-0.074327
-0.073958
-0.073600
-0.073356
-0.072954
-0.072619
-0.072273
-0.071980
-0.071611
-0.071274
-0.070909
-0.070596
-0.070246
-0.069945
-0.069557
-0.069228
-0.068818
-0.068508
-0.068183
-0.067939
-0.067625
-0.067345
-0.067088
-0.066832
-0.066558
-0.066323
-0.066122
-0.065808
-0.065555
-0.065255
-0.064974
-0.064718
-0.064461
-0.064196
-0.063880
-0.063681
-0.063406
-0.063233
-0.063021
-0.062824
-0.062590
-0.062418
-0.062194
-0.061968
-0.061728
-0.061516
-0.061322
-0.061132
-0.060949
-0.060745
-0.060575
-0.060397
-0.060172
-0.060027
-0.059769
-0.059570
-0.059368
-0.059218
-0.059036
-0.058867
-0.058733
-0.058584
-0.058413
-0.058252
-0.058057
-0.057849
-0.057708
-0.057510
-0.057387
-0.057233
-0.057075
-0.056880
-0.056740
-0.056544
-0.056330
-0.056183
-0.056012
-0.055884
-0.055757
-0.055614
-0.055416
-0.055337
-0.055164
-0.055066
-0.054902
-0.054822
-0.054694
-0.054592
-0.054513
-0.054415
-0.054308
-0.054200
-0.054107
-0.054031
-0.053882
-0.053806
-0.053718
-0.053631
-0.053535
-0.053465
-0.053396
-0.053330
-0.053227
-0.053174
-0.053084
-0.052968
-0.052888
-0.052844
-0.052788
-0.052689
-0.052605
-0.052506
-0.052422
-0.052313
-0.052187
-0.052082
-0.051996
-0.051895
-0.051846
-0.051785
-0.051638
-0.051560
-0.051503
-0.051356
-0.051257
-0.051112
-0.051113
-0.051021
-0.050991
-0.050911
-0.050813
-0.050700
-0.050570
-0.050508
-0.050379
-0.050378
-0.050288
-0.050232
-0.050231
-0.050201
-0.050153
-0.050173
-0.050083
-0.050028
-0.049949
-0.049914
-0.049834
-0.049834
-0.049786
-0.049798
-0.049831
-0.049803
-0.049801
-0.049769
-0.049724
-0.049704
-0.049636
-0.049622
-0.049566
-0.049505
-0.049511
-0.049471
-0.049474
-0.049492
-0.049493
-0.049435
-0.049486
-0.049485
-0.049488
-0.049533
-0.049531
-0.049571
-0.049624
-0.049650
-0.049643
-0.049630
-0.049597
-0.049594
-0.049587
-0.049638
-0.049605
-0.049650
-0.049629
-0.049645
-0.049647
-0.049701
-0.049742
-0.049717
-0.049805
-0.049807
-0.049818
-0.049829
-0.049852
-0.049889
-0.049892
-0.049956
-0.049997
-0.050074
-0.050121
-0.050194
-0.050285
-0.050340
-0.050387
-0.050447
-0.050470
-0.050491
-0.050494
-0.050540
-0.050581
-0.050607
-0.050658
-0.050638
-0.050675
-0.050628
-0.050595
-0.050569
-0.050592
-0.050583
-0.050563
-0.050602
-0.050538
-0.050534
-0.050602
-0.050557
-0.050591
-0.050568
-0.050626
-0.050640
-0.050690
-0.050774
-0.050804
-0.050863
-0.050946
-0.051031
-0.051064
-0.051171
-0.051238
-0.051266
-0.051413
-0.051496
-0.051567
-0.051654
-0.051638
-0.051710
-0.051767
-0.051869
-0.051942
-0.052043
-0.052076
-0.052156
-0.052293
-0.052351
-0.052463
-0.052569
-0.052622
-0.052702
-0.052789
-0.052923
-0.053067
-0.053143
-0.053321
-0.053437
-0.053606
-0.053737
-0.053970
-0.054074
-0.054276
-0.054419
-0.054580
-0.054778
-0.054885
-0.055029
-0.055186
-0.055314
-0.055463
-0.055612
-0.055716
-0.055867
-0.055983
-0.056133
-0.056290
-0.056466
-0.056636
-0.056798
-0.057000
-0.057252
-0.057492
-0.057626
-0.057906
-0.058104
-0.058357
-0.058554
-0.058759
-0.058952
-0.059115
-0.059301
-0.059501
-0.059697
-0.059831
-0.059997
-0.060180
-0.060328
-0.060467
