1790.000000
1782.000000
1774.000000
1766.000000
1762.000000
1754.000000
1750.000000
1742.000000
1734.000000
1726.000000
1718.000000
1710.000000
1702.000000
1694.000000
1690.000000
1686.000000
1678.000000
1670.000000
1666.000000
1658.000000
1650.000000
1642.000000
1634.000000
1626.000000
1622.000000
1614.000000
1606.000000
1598.000000
1590.000000
1586.000000
1590.000000
1582.000000
1574.000000
1566.000000
1562.000000
1558.000000
1550.000000
1542.000000
1538.000000
1534.000000
1526.000000
1518.000000
1510.000000
1506.000000
1498.000000
1490.000000
1482.000000
1474.000000
1466.000000
1458.000000
