-0.428013
-0.429146
-0.433378
-0.433416
-0.436676
-0.442174
-0.444210
-0.446801
-0.447377
-0.452640
-0.452293
-0.457537
-0.461306
-0.464593
-0.465731
-0.467184
-0.471359
-0.473422
-0.477565
-0.480663
-0.484313
-0.486975
-0.488880
-0.491535
-0.497552
-0.499249
-0.503359
-0.506837
-0.508663
-0.515763
-0.515606
-0.523001
-0.524487
-0.527511
-0.534907
-0.537411
-0.537400
-0.542910
-0.549778
-0.553550
-0.557008
-0.564727
-0.564596
-0.569919
-0.576975
-0.580093
-0.582069
-0.589673
-0.592918
-0.602178
-0.604726
-0.609168
-0.612741
-0.620685
-0.625984
-0.632428
-0.635770
-0.640688
-0.648852
-0.655100
-0.658213
-0.664272
-0.674192
-0.679808
-0.686978
-0.690078
-0.701256
-0.708358
-0.712959
-0.720784
-0.729587
-0.734648
-0.747191
-0.753230
-0.764332
-0.766486
-0.776275
-0.784623
-0.797361
-0.806442
-0.816175
-0.823120
-0.828058
-0.832265
-0.834244
-0.838173
-0.839630
-0.845285
-0.855107
-0.859609
-0.854802
-0.865701
-0.866791
-0.867477
-0.882162
-0.886895
-0.889802
-0.895595
-0.897663
-0.904737
-0.903151
-0.920419
-0.916071
-0.923971
-0.927133
-0.934965
-0.944222
-0.944692
-0.954467
-0.960125
-0.964909
-0.974442
-0.982000
-0.986589
-0.988500
-0.994976
-1.002270
-1.011217
-1.011972
-1.035587
-1.031352
-1.042572
-1.045090
-1.047089
-1.059653
-1.066729
-1.077807
-1.085293
-1.088220
-1.099520
-1.106987
-1.122072
-1.133793
-1.132691
-1.153910
-1.147847
-1.160628
-1.180822
-1.217113
-1.250006
-1.229599
-1.244600
-1.287943
-1.265086
-1.313934
-1.306756
-1.350801
-1.357954
-1.403471
-1.395338
-1.395785
-1.419750
-1.452036
-1.461288
-1.460020
-1.456225
-1.468356
-1.518479
-1.529248
-1.566916
-1.560356
-1.568235
-1.574793
-1.605078
-1.608301
-1.624784
-1.633270
-1.643009
-1.653250
-1.671398
-1.676010
-1.680468
-1.689803
-1.695349
-1.710925
-1.716931
-1.726748
-1.732614
-1.741573
-1.745047
-1.752667
-1.765764
-1.785846
-1.799565
-1.815771
-1.829288
-1.843533
-1.853789
-1.867461
-1.875690
-1.885243
-1.895638
-1.903368
-1.909682
-1.921477
-1.928221
-1.934498
-1.940245
-1.945530
-1.951481
-1.956794
-1.960613
-1.965935
-1.970100
-1.973616
-1.976831
-1.980458
-1.983196
-1.985746
-1.988405
-1.990986
-1.991986
-1.993577
-1.995380
-1.996278
-1.997885
-1.998846
-1.999702
-2.000890
-2.001402
-2.002023
-2.003067
-2.003161
-2.003598
-2.003903
-2.004177
-2.004427
-2.004560
-2.004649
-2.004700
-2.004841
-2.004825
-2.004950
-2.004973
-2.004966
-2.004981
-2.004981
-2.004997
-2.004997
-2.005005
-2.005005
-2.005005
-2.005005
-2.005005
-2.005005
-2.005005
-2.005005
-2.005005
-2.005005
-2.005005
-2.005005
-2.005005
-2.005005
-2.005005
-2.005005
-2.005005
-2.005005
-2.005005
-2.005005
-2.005005
