0.049356
0.046671
0.048093
0.048345
0.049177
0.050224
0.048802
0.047902
0.050100
0.047053
0.050064
0.050481
0.051223
0.049738
0.050745
0.048924
0.048202
0.048886
0.050180
0.047000
0.049402
0.049825
0.051319
0.049925
0.049188
0.047995
0.047941
0.051407
0.052006
0.048113
0.051837
0.052372
0.052807
0.047747
0.050804
0.049042
0.050858
0.051499
0.052255
0.050816
0.053221
0.050940
0.054060
0.051918
0.054151
0.050335
0.049040
0.051894
0.050942
0.053562
0.052480
0.056601
0.054005
0.054241
0.051413
0.051049
0.054316
0.053670
0.056846
0.054447
0.055735
0.056195
0.055665
0.053356
0.053924
0.059508
0.057629
0.057436
0.056801
0.057962
0.054339
0.056184
0.056434
0.058477
0.056546
0.058057
0.061985
0.057799
0.058190
0.057288
0.060775
0.062721
0.060541
0.057665
0.057884
0.059166
0.062422
0.064096
0.061610
0.061682
0.063302
0.064339
0.062766
0.061274
0.063712
0.064212
0.062509
0.064371
0.063630
0.064930
0.061480
0.067832
0.063311
0.065429
0.064079
0.064082
0.063226
0.066975
0.066026
0.066238
0.067552
0.067483
0.067967
0.064707
0.065682
0.068714
0.069457
0.069976
0.067207
0.070390
0.071972
0.071224
0.070999
0.070267
0.067437
0.078063
0.071750
0.075137
0.081309
0.076260
0.070907
0.075985
0.087362
0.079684
0.088458
0.093217
0.091931
0.090496
0.096211
0.089626
0.098858
0.091400
0.088445
0.100182
0.096905
0.097309
0.101344
0.103377
0.092196
0.087517
0.087780
0.088502
0.082033
0.085689
0.084057
0.079045
0.087888
0.075169
0.080786
0.073931
0.071242
0.074408
0.074165
0.066791
0.069557
0.063247
0.066726
0.063002
0.066945
0.061477
0.061172
0.063444
0.061444
0.058352
0.054864
0.058154
0.056373
0.052892
0.056037
0.051186
0.049837
0.049278
0.045981
0.044041
0.043136
0.041990
0.041335
0.038583
0.037588
0.036581
0.034577
0.032840
0.031280
0.028281
0.027621
0.026990
0.024484
0.024305
0.021983
0.020726
0.021074
0.019559
0.019079
0.017450
0.014980
0.014179
0.014434
0.013459
0.012666
0.012107
0.011596
0.010793
0.009576
0.008743
0.008422
0.007718
0.006762
0.006370
0.006043
0.005402
0.004851
0.004419
0.003844
0.003453
0.003154
0.002413
0.002309
0.001938
0.001595
0.001262
0.001182
0.001262
0.000552
0.000898
0.000779
0.000003
0.000003
0.000451
0.000003
0.000003
0.000003
0.000003
0.000003
0.000003
0.000003
0.000003
0.000003
0.000003
0.000003
0.000003
0.000003
0.000003
0.000003
0.000003
0.000003
0.000003
0.000003
0.000003
0.000003
0.000003
