0.021811
0.022457
0.022727
0.021165
0.021246
0.021430
0.022659
0.023088
0.021921
0.020979
0.021842
0.021840
0.021331
0.022217
0.021066
0.020822
0.021469
0.021162
0.021840
0.021637
0.021090
0.022074
0.020524
0.020614
0.020960
0.021359
0.021986
0.021555
0.021044
0.020793
0.020599
0.020831
0.020788
0.021384
0.021082
0.021119
0.020581
0.020566
0.020738
0.021241
0.019687
0.020646
0.020538
0.019898
0.019238
0.020188
0.020324
0.020307
0.019472
0.019697
0.020531
0.019914
0.018788
0.019240
0.019347
0.020263
0.020066
0.019560
0.019252
0.018885
0.019534
0.019385
0.019158
0.019168
0.018790
0.018992
0.018571
0.019564
0.018306
0.019652
0.017918
0.018546
0.018192
0.018676
0.018389
0.018190
0.018462
0.018591
0.017194
0.018232
0.017332
0.017703
0.017448
0.017565
0.016827
0.017728
0.017759
0.017514
0.017523
0.017370
0.017627
0.017158
0.017746
0.016794
0.017830
0.017147
0.017315
0.017261
0.017444
0.017554
0.017171
0.016907
0.017338
0.017054
0.017931
0.017308
0.016426
0.016691
0.017337
0.016224
0.016540
0.017162
0.017205
0.017284
0.016966
0.016240
0.016441
0.016680
0.016461
0.016047
0.016702
0.016008
0.016701
0.015989
0.016653
0.016248
0.016021
0.015864
0.016336
0.016557
0.015052
0.015790
0.016062
0.016146
0.015276
0.015616
0.015331
0.015662
0.016067
0.016210
0.015518
0.015193
0.015419
0.015554
0.015076
0.015077
0.015428
0.014623
0.014805
0.015413
0.015102
0.014781
0.015437
0.015907
0.014628
0.014561
0.015055
0.015008
0.015263
0.014742
0.014246
0.015503
0.013916
0.014761
0.014172
0.013008
0.013341
0.013222
0.013326
0.013263
0.012873
0.012592
0.012105
0.012703
0.011835
0.011861
0.012441
0.011909
0.011540
0.011309
0.011634
0.010626
0.010709
0.010830
0.010061
0.010181
0.009602
0.009505
0.008774
0.008573
0.008495
0.008327
0.008115
0.007622
0.007464
0.007403
0.007157
0.006849
0.006977
0.006738
0.006099
0.005823
0.005781
0.005570
0.005434
0.005021
0.004874
0.004810
0.004558
0.004261
0.004122
0.003826
0.003727
0.003517
0.003289
0.002981
0.002928
0.002789
0.002584
0.002419
0.002230
0.002042
0.001796
0.001702
0.001553
0.001463
0.001313
0.001147
0.001069
0.000926
0.000769
0.000675
0.000610
0.000510
0.000418
0.000339
0.000237
0.000252
0.000194
0.000151
0.000123
0.000000
0.000062
0.000000
0.000000
0.000000
0.000000
0.000000
0.000000
0.000000
0.000000
0.000000
0.000000
0.000000
0.000000
0.000000
0.000000
0.000000
0.000000
0.000000
