-0.429255
-0.433799
-0.435672
-0.438775
-0.440684
-0.444426
-0.447076
-0.449737
-0.451115
-0.453690
-0.457608
-0.460357
-0.463092
-0.465604
-0.468020
-0.472052
-0.474467
-0.477083
-0.481575
-0.484021
-0.487635
-0.489560
-0.493333
-0.497148
-0.499517
-0.504291
-0.507227
-0.510159
-0.513933
-0.516935
-0.520606
-0.525796
-0.527305
-0.533318
-0.537596
-0.540942
-0.544662
-0.547736
-0.552548
-0.556524
-0.561628
-0.566604
-0.570224
-0.574558
-0.577957
-0.583629
-0.588540
-0.593376
-0.597310
-0.602022
-0.609212
-0.613084
-0.617236
-0.623302
-0.629966
-0.635774
-0.638490
-0.646427
-0.652556
-0.657502
-0.665318
-0.671236
-0.676031
-0.682479
-0.691766
-0.697654
-0.706808
-0.712968
-0.718334
-0.726102
-0.733981
-0.742534
-0.749187
-0.758598
-0.767432
-0.773996
-0.785499
-0.793843
-0.803672
-0.811907
-0.823443
-0.826737
-0.831993
-0.836431
-0.839712
-0.841172
-0.846742
-0.852187
-0.854446
-0.861518
-0.865780
-0.870624
-0.874107
-0.880344
-0.884362
-0.888436
-0.891513
-0.899201
-0.905647
-0.910333
-0.915220
-0.920653
-0.926836
-0.933632
-0.936833
-0.943857
-0.947139
-0.951476
-0.958910
-0.963512
-0.966060
-0.979025
-0.982362
-0.986378
-0.993022
-1.000897
-1.008796
-1.016134
-1.021226
-1.031116
-1.037022
-1.046157
-1.051163
-1.061052
-1.064951
-1.077550
-1.080527
-1.093615
-1.103757
-1.111805
-1.116461
-1.133709
-1.139594
-1.144281
-1.154950
-1.166870
-1.177597
-1.187334
-1.194794
-1.214597
-1.228651
-1.246309
-1.248337
-1.266679
-1.290953
-1.297730
-1.326872
-1.330844
-1.350685
-1.367039
-1.395445
-1.416460
-1.442096
-1.465263
-1.480054
-1.501657
-1.521841
-1.527741
-1.549180
-1.557474
-1.565762
-1.580406
-1.598625
-1.606763
-1.622678
-1.629729
-1.643743
-1.651900
-1.664629
-1.673514
-1.683752
-1.689859
-1.699636
-1.706534
-1.719300
-1.726165
-1.731390
-1.738064
-1.748634
-1.753098
-1.762958
-1.782517
-1.795935
-1.811659
-1.824822
-1.838176
-1.853438
-1.864465
-1.876115
-1.887664
-1.897128
-1.905595
-1.915374
-1.923078
-1.931355
-1.938545
-1.944874
-1.951460
-1.957216
-1.962760
-1.967520
-1.972767
-1.977358
-1.981479
-1.985137
-1.987802
-1.991901
-1.995012
-1.997109
-1.999946
-2.001848
-2.003429
-2.005781
-2.007315
-2.008658
-2.009588
-2.011050
-2.011742
-2.012801
-2.013519
-2.014143
-2.014731
-2.015238
-2.015640
-2.015878
-2.016052
-2.016412
-2.016522
-2.016649
-2.016778
-2.016853
-2.016869
-2.016934
-2.016962
-2.016991
-2.016999
-2.017020
-2.017020
-2.017021
-2.017024
-2.017024
-2.017025
-2.017024
-2.017025
-2.017025
-2.017025
-2.017025
-2.017025
-2.017025
-2.017025
-2.017025
-2.017025
-2.017025
-2.017025
-2.017025
-2.017025
-2.017025
-2.017025
-2.017025
-2.017025
