-0.428880
-0.431527
-0.434035
-0.436678
-0.439251
-0.441746
-0.444382
-0.447111
-0.449833
-0.452536
-0.455022
-0.458135
-0.460624
-0.463515
-0.466484
-0.469470
-0.472498
-0.475554
-0.478506
-0.481767
-0.484803
-0.487988
-0.491156
-0.494341
-0.497883
-0.501211
-0.504567
-0.508094
-0.511683
-0.515228
-0.518959
-0.522494
-0.526173
-0.530049
-0.533911
-0.537815
-0.541859
-0.545704
-0.550049
-0.553900
-0.558338
-0.562673
-0.567273
-0.571603
-0.576214
-0.580812
-0.585496
-0.590137
-0.595150
-0.600295
-0.605393
-0.610352
-0.615692
-0.620899
-0.626455
-0.631997
-0.637861
-0.643332
-0.649267
-0.655366
-0.661133
-0.667756
-0.674181
-0.680663
-0.687388
-0.694280
-0.701002
-0.708336
-0.715697
-0.723353
-0.730747
-0.738523
-0.746567
-0.754726
-0.763509
-0.772139
-0.780778
-0.790361
-0.799418
-0.809118
-0.818877
-0.823037
-0.826738
-0.831247
-0.835502
-0.839770
-0.844194
-0.848297
-0.852592
-0.857225
-0.861574
-0.866384
-0.871095
-0.875310
-0.880251
-0.884958
-0.889812
-0.895165
-0.899904
-0.904302
-0.909895
-0.915561
-0.920834
-0.926106
-0.931270
-0.936628
-0.942245
-0.947588
-0.953785
-0.959386
-0.966005
-0.971680
-0.977113
-0.983624
-0.990004
-0.996743
-1.002940
-1.009855
-1.016373
-1.023263
-1.030907
-1.038031
-1.044526
-1.052583
-1.059025
-1.067548
-1.074832
-1.082833
-1.091380
-1.099605
-1.108332
-1.117023
-1.125824
-1.135133
-1.143530
-1.154503
-1.163213
-1.174262
-1.185007
-1.194442
-1.205970
-1.217289
-1.228485
-1.240855
-1.254514
-1.267263
-1.280626
-1.294290
-1.310858
-1.324111
-1.341351
-1.358924
-1.374096
-1.392803
-1.408566
-1.429379
-1.446568
-1.467203
-1.487579
-1.502317
-1.518208
-1.532824
-1.547178
-1.561698
-1.575084
-1.587505
-1.600781
-1.613273
-1.623241
-1.634502
-1.644361
-1.654772
-1.664257
-1.672830
-1.682836
-1.691445
-1.700036
-1.708736
-1.716035
-1.724391
-1.732114
-1.749896
-1.766457
-1.782448
-1.797272
-1.811283
-1.824611
-1.837004
-1.848373
-1.859580
-1.869961
-1.879477
-1.888524
-1.896858
-1.904927
-1.912357
-1.919357
-1.925909
-1.931950
-1.937688
-1.943057
-1.947927
-1.952404
-1.956630
-1.960615
-1.964124
-1.967381
-1.970573
-1.973334
-1.975898
-1.978210
-1.980351
-1.982286
-1.984008
-1.985547
-1.986884
-1.988199
-1.989281
-1.990212
-1.991069
-1.991820
-1.992498
-1.993087
-1.993548
-1.993973
-1.994312
-1.994582
-1.994838
-1.995044
-1.995250
-1.995384
-1.995511
-1.995612
-1.995687
-1.995764
-1.995825
-1.995869
-1.995929
-1.995986
-1.996017
-1.996061
-1.996071
-1.996111
-1.996128
-1.996170
-1.996197
-1.996245
-1.996248
-1.996278
-1.996295
-1.996308
-1.996312
-1.996324
-1.996328
-1.996356
-1.996368
-1.996371
-1.996372
-1.996372
-1.996373
