-0.544492
-0.548691
-0.549746
-0.555996
-0.551816
-0.557520
-0.556270
-0.565996
-0.563066
-0.562773
-0.567539
-0.576445
-0.567676
-0.570391
-0.573184
-0.580645
-0.576152
-0.585117
-0.577891
-0.595293
-0.593027
-0.592910
-0.587461
-0.599883
-0.596973
-0.597461
-0.610527
-0.604648
-0.615898
-0.616562
-0.618613
-0.626738
-0.619316
-0.630098
-0.631934
-0.633887
-0.646504
-0.633750
-0.644590
-0.645957
-0.648398
-0.645840
-0.654941
-0.665645
-0.662246
-0.662949
-0.668340
-0.685273
-0.679316
-0.678066
-0.679746
-0.688066
-0.696348
-0.700605
-0.701035
-0.706719
-0.703613
-0.718047
-0.716504
-0.725273
-0.731855
-0.732676
-0.736582
-0.741699
-0.746230
-0.750977
-0.755645
-0.765254
-0.762168
-0.767637
-0.781035
-0.779316
-0.784277
-0.787930
-0.788398
-0.797109
-0.811641
-0.814902
-0.826074
-0.832656
-0.833984
-0.829082
-0.838418
-0.838711
-0.845137
-0.847168
-0.853574
-0.850937
-0.846914
-0.856367
-0.855918
-0.875391
-0.867559
-0.875430
-0.862227
-0.872383
-0.888848
-0.883379
-0.885625
-0.883164
-0.881172
-0.894883
-0.899395
-0.903750
-0.907754
-0.916035
-0.915742
-0.913320
-0.922422
-0.918711
-0.927246
-0.933203
-0.923691
-0.951934
-0.946328
-0.952832
-0.932168
-0.958613
-0.957070
-0.973203
-0.956328
-0.973711
-0.982617
-0.963477
-0.979238
-0.986914
-0.994473
-0.996523
-0.992480
-1.003652
-1.002949
-1.016230
-1.024512
-1.021875
-1.042383
-1.034473
-1.040117
-1.051387
-1.063340
-1.051504
-1.062109
-1.068555
-1.078125
-1.092324
-1.084473
-1.092988
-1.114121
-1.096914
-1.132519
-1.131562
-1.145645
-1.151836
-1.133945
-1.176621
-1.175762
-1.167363
-1.224023
-1.196230
-1.204883
-1.237969
-1.213594
-1.205332
-1.283281
-1.306914
-1.395430
-1.311309
-1.314512
-1.335957
-1.300000
-1.332578
-1.358008
-1.452090
-1.523516
-1.497598
-1.464727
-1.553711
-1.581504
-1.584375
-1.547559
-1.591836
-1.642676
-1.668926
-1.680723
-1.722207
-1.746738
-1.766250
-1.783906
-1.786543
-1.821504
-1.827949
-1.844102
-1.857969
-1.867637
-1.881152
-1.888242
-1.896816
-1.904063
-1.919394
-1.927148
-1.931309
-1.936543
-1.941367
-1.949336
-1.953145
-1.959062
-1.961191
-1.965254
-1.966641
-1.971113
-1.976152
-1.978223
-1.976582
-1.981035
-1.982871
-1.985508
-1.985430
-1.986269
-1.986660
-1.988887
-1.989160
-1.990996
-1.992051
-1.992129
-1.991992
-1.992715
-1.992500
-1.993027
-1.993086
-1.993418
-1.993711
-1.993926
-1.993926
-1.993848
-1.993984
-1.993906
-1.993984
-1.994082
-1.994063
-1.993945
-1.994082
-1.994141
-1.994102
-1.994102
-1.994141
-1.994141
-1.994102
-1.994141
-1.994141
-1.994141
-1.994141
-1.994141
-1.994121
-1.994141
-1.994141
-1.994141
-1.994141
-1.994141
-1.994141
-1.994141
-1.994141
