0.002998
0.003384
0.003130
0.003364
0.003190
0.003080
0.003798
0.002958
0.003034
0.003346
0.003202
0.003228
0.003228
0.003319
0.003210
0.003622
0.004086
0.003278
0.003863
0.003979
0.003640
0.003309
0.003664
0.003881
0.004606
0.004653
0.004616
0.004134
0.004715
0.004163
0.004131
0.004662
0.004369
0.004943
0.004909
0.005467
0.004471
0.004845
0.004615
0.006306
0.004735
0.005515
0.005469
0.005001
0.005582
0.005710
0.006674
0.005847
0.004622
0.006909
0.006867
0.006184
0.007136
0.006684
0.007948
0.007887
0.008229
0.008656
0.009468
0.008990
0.008718
0.010112
0.009783
0.009422
0.008679
0.011754
0.009651
0.012016
0.011360
0.010766
0.011647
0.013185
0.011869
0.013833
0.015290
0.014224
0.013953
0.015872
0.019157
0.017901
0.019584
0.019668
0.019358
0.020586
0.019456
0.024003
0.021025
0.023264
0.022456
0.024116
0.027749
0.022281
0.026897
0.026912
0.028866
0.025431
0.026898
0.030356
0.030473
0.030846
0.031681
0.031246
0.030984
0.033916
0.038001
0.039836
0.040239
0.038650
0.039348
0.049699
0.042801
0.046061
0.045466
0.052787
0.056221
0.052320
0.055312
0.055930
0.065744
0.069094
0.070261
0.071895
0.074925
0.082256
0.084322
0.088394
0.090257
0.103300
0.104567
0.114270
0.119779
0.131761
0.136204
0.140773
0.155973
0.169758
0.181170
0.206059
0.223322
0.236713
0.263352
0.283523
0.290657
0.335072
0.356964
0.392650
0.430788
0.467318
0.507282
0.549822
0.584887
0.620873
0.655419
0.676497
0.703591
0.727018
0.742569
0.763597
0.779849
0.791911
0.799210
0.812880
0.824052
0.832848
0.840551
0.847117
0.855184
0.861501
0.867975
0.872955
0.878844
0.884248
0.888461
0.892587
0.897551
0.901093
0.905913
0.909467
0.912266
0.916217
0.919367
0.926775
0.934156
0.939846
0.945656
0.950946
0.955532
0.959882
0.964018
0.967648
0.971086
0.974358
0.977183
0.979812
0.982219
0.984556
0.986658
0.988507
0.990388
0.992029
0.993574
0.994887
0.996095
0.997325
0.998399
0.999349
1.000234
1.001039
1.001760
1.002445
1.003039
1.003537
1.004008
1.004442
1.004816
1.005150
1.005437
1.005700
1.005916
1.006106
1.006270
1.006404
1.006526
1.006627
1.006704
1.006768
1.006822
1.006864
1.006901
1.006926
1.006945
1.006959
1.006970
1.006978
1.006984
1.006987
1.006990
1.006992
1.006993
1.006993
1.006993
1.006993
1.006993
1.006993
1.006993
1.006993
1.006993
1.006993
1.006993
1.006993
1.006993
1.006993
1.006993
1.006993
1.006993
1.006993
1.006993
1.006993
1.006993
1.006993
