-0.000384
-0.002735
0.000243
0.001036
-0.000791
0.001169
0.002754
-0.001440
0.002926
-0.002957
0.000097
0.000268
0.000359
-0.003372
0.000966
0.004318
0.001229
-0.000590
-0.004333
-0.000355
0.001545
0.004773
0.002715
0.001975
0.001460
-0.001475
0.002267
-0.000117
-0.003319
0.000853
-0.000247
0.002572
0.003777
0.004012
-0.003419
-0.002476
-0.001563
0.000442
-0.000741
-0.004161
-0.002568
-0.003027
-0.001855
-0.000557
-0.003449
0.000121
-0.004464
0.004291
0.000558
-0.000797
-0.003243
-0.001661
-0.007998
-0.003817
-0.004216
-0.000416
-0.000902
-0.012602
-0.002262
0.004065
0.008845
0.000929
0.000641
0.002878
0.001018
-0.004071
-0.002016
0.000959
0.008545
0.002879
-0.007384
0.011007
0.013918
-0.000425
0.014744
-0.000021
-0.001003
0.013401
0.005177
0.006319
-0.011707
0.004890
0.002543
0.015173
0.019391
0.006553
-0.002003
0.008103
-0.010573
-0.004511
0.000319
0.004161
-0.001694
-0.030228
-0.006695
-0.003961
0.026026
0.011238
0.005583
-0.028840
0.017663
0.012384
0.012814
-0.022051
-0.002594
0.017628
-0.037232
0.018223
-0.002454
-0.012887
-0.018213
0.010674
-0.005020
0.017497
0.003276
-0.022670
-0.000339
0.020724
0.026632
-0.018783
-0.047867
0.078810
0.066921
0.068282
-0.038077
0.043001
0.002165
0.058131
0.059381
-0.086177
-0.013155
0.050182
-0.016472
0.020855
-0.064989
-0.183265
0.051526
-0.076858
-0.072563
-0.188747
-0.136798
-0.114390
0.200332
0.057134
-0.180606
0.128418
0.003764
-0.545356
-0.127547
-0.394233
-0.660344
-0.612089
-0.709829
-0.717893
0.064800
0.735968
0.741426
0.754298
0.785985
0.785803
0.798580
0.796967
0.818505
0.814107
0.822975
0.828670
0.829189
0.844113
0.850300
0.863499
0.868411
0.875972
0.884909
0.886674
0.886500
0.899602
0.897206
0.901540
0.910608
0.910465
0.920579
0.931937
0.937202
0.949016
0.959423
0.963770
0.969097
0.973218
0.978866
0.983344
0.985857
0.987737
0.989420
0.992308
0.993487
0.994933
0.995147
0.996165
0.996914
0.997711
0.998058
0.998384
0.998747
0.999058
0.998983
0.999278
0.999397
0.999610
0.999674
0.999773
0.999731
0.999873
0.999849
0.999918
0.999951
0.999960
0.999971
0.999957
0.999985
0.999989
0.999985
0.999990
0.999987
0.999995
0.999999
0.999996
0.999998
0.999997
0.999999
0.999999
1.000000
1.000000
1.000000
1.000000
1.000000
1.000000
1.000000
1.000000
1.000000
1.000000
1.000000
1.000000
1.000000
1.000000
1.000000
1.000000
1.000000
1.000000
1.000000
1.000000
1.000000
1.000000
1.000000
1.000000
1.000000
1.000000
1.000000
1.000000
1.000000
1.000000
