1.000000
0.998546
0.997091
0.995636
0.994188
0.992737
0.991262
0.989795
0.988334
0.986859
0.985398
0.983931
0.982510
0.981061
0.979633
0.978224
0.976803
0.975380
0.973968
0.972554
0.971145
0.969730
0.968310
0.966924
0.965544
0.964140
0.962759
0.961369
0.960000
0.958630
0.957260
0.955885
0.954507
0.953135
0.951744
0.950362
0.948991
0.947626
0.946260
0.944909
0.943555
0.942201
0.940846
0.939494
0.938143
0.936802
0.935454
0.934108
0.932756
0.931404
0.930014
0.928647
0.927290
0.925913
0.924557
0.923194
0.921841
0.920484
0.919140
0.917799
0.916469
0.915147
0.913796
0.912442
0.911097
0.909744
0.908413
0.907079
0.905738
0.904397
0.903067
0.901767
0.900477
0.899197
0.897912
0.896624
0.895346
0.894056
0.892750
0.891463
0.890194
0.888928
0.887643
0.886375
0.885101
0.883827
0.882577
0.881321
0.880068
0.878820
0.877583
0.876367
0.875141
0.873931
0.872721
0.871528
0.870338
0.869161
0.867995
0.866837
0.865653
0.864502
0.863337
0.862182
0.861019
0.859857
0.858690
0.857515
0.856341
0.855163
0.853993
0.852814
0.851631
0.850448
0.849244
0.848085
0.846922
0.845767
0.844630
0.843467
0.842333
0.841157
0.839974
0.838804
0.837631
0.836439
0.835273
0.834095
0.832921
0.831768
0.830628
0.829469
0.828315
0.827173
0.826023
0.824901
0.823767
0.822622
0.821500
0.820373
0.819288
0.818176
0.817070
0.815972
0.814884
0.813809
0.812714
0.811637
0.810568
0.809504
0.808399
0.807320
0.806227
0.805130
0.804025
0.802923
0.801812
0.800708
0.799618
0.798516
0.797451
0.796338
0.795238
0.794138
0.793019
0.791930
0.790843
0.789737
0.788646
0.787528
0.786468
0.785372
0.784307
0.783232
0.782163
0.781102
0.780076
0.779047
0.778025
0.777018
0.776025
0.774993
0.773958
0.772961
0.771954
0.770969
0.769981
0.768990
0.767996
0.767019
0.766052
0.765064
0.764082
0.763103
0.762090
0.761107
0.760123
0.759130
0.758149
0.757172
0.756195
0.755231
0.754302
0.753383
0.752448
0.751519
0.750555
0.749596
0.748668
0.747721
0.746810
0.745888
0.744974
0.744035
0.743133
0.742225
0.741342
0.740412
0.739502
0.738566
0.737655
0.736718
0.735818
0.734924
0.734069
0.733147
0.732289
0.731427
0.730597
0.729783
0.728955
0.728116
0.727266
0.726419
0.725579
0.724763
0.723950
0.723116
0.722283
0.721486
0.720679
0.719871
0.719094
0.718319
0.717556
0.716762
0.716012
0.715240
0.714478
0.713743
0.712970
0.712221
0.711488
0.710716
0.709957
0.709199
0.708461
0.707722
0.706985
0.706245
0.705493
0.704729
0.703999
0.703239
0.702483
0.701705
0.700973
0.700222
0.699473
0.698731
0.697962
0.697221
0.696506
0.695765
0.695004
0.694222
0.693515
0.692781
0.692028
0.691288
0.690533
0.689792
0.689038
0.688320
0.687579
0.686850
0.686129
0.685407
0.684679
0.683975
0.683254
0.682565
0.681881
0.681204
0.680504
0.679800
0.679138
0.678440
0.677762
0.677080
0.676369
0.675722
0.675082
0.674456
0.673816
0.673171
0.672550
0.671893
0.671260
0.670608
0.669952
0.669295
0.668674
0.668007
0.667363
0.666718
0.666094
0.665459
0.664848
0.664207
0.663580
0.662964
0.662360
0.661737
0.661141
0.660451
0.659860
0.659240
0.658626
0.658011
0.657382
0.656759
0.656122
0.655497
0.654870
0.654257
0.653654
0.653020
0.652404
0.651807
0.651186
0.650598
0.650002
0.649395
0.648831
0.648227
0.647665
0.647102
0.646551
0.646023
0.645431
0.644920
0.644413
0.643873
0.643342
0.642814
0.642286
0.641801
0.641276
0.640745
0.640203
0.639688
0.639184
0.638676
0.638145
0.637601
0.637099
0.636595
0.636091
0.635593
0.635065
0.634576
0.634106
0.633584
0.633093
0.632551
0.632074
0.631620
0.631134
0.630657
0.630151
0.629717
0.629237
0.628794
0.628341
0.627872
0.627428
0.627007
0.626571
0.626167
0.625704
0.625308
0.624881
0.624476
0.624058
0.623635
0.623249
0.622855
0.622460
0.622065
0.621645
0.621272
0.620888
0.620495
0.620120
0.619715
0.619328
0.618921
0.618555
0.618158
0.617777
0.617388
0.617009
0.616594
0.616219
0.615809
0.615418
0.614991
0.614610
0.614200
0.613799
0.613404
0.613006
0.612605
0.612249
0.611825
0.611459
0.611074
0.610665
0.610293
0.609895
0.609483
0.609070
0.608670
0.608295
0.607902
0.607521
0.607079
0.606678
0.606293
0.605878
0.605515
0.605141
0.604747
0.604412
0.604016
0.603647
0.603276
0.602910
0.602562
0.602136
0.601815
0.601481
0.601120
0.600763
0.600397
0.600059
0.599741
0.599383
0.599038
0.598662
0.598317
0.597983
0.597631
0.597270
0.596906
0.596542
0.596181
0.595820
0.595438
0.595042
0.594721
0.594414
0.594019
0.593665
0.593239
0.592924
0.592579
0.592215
0.591827
0.591422
0.591046
0.590651
0.590309
0.589947
0.589553
0.589182
0.588815
0.588404
0.588051
0.587614
0.587229
0.586874
0.586491
0.586102
0.585692
0.585328
0.584949
0.584606
0.584242
0.583842
0.583561
0.583213
0.582905
0.582575
0.582219
0.581904
0.581577
0.581253
0.580926
0.580558
0.580209
0.579900
0.579536
0.579203
0.578822
0.578494
0.578133
0.577814
0.577437
0.577040
0.576699
0.576352
0.576009
0.575681
0.575287
0.574942
0.574598
0.574214
0.573864
0.573494
0.573107
0.572732
0.572359
0.572019
0.571592
0.571258
0.570819
0.570444
0.570057
0.569615
0.569215
0.568809
0.568380
0.567960
0.567521
0.567095
0.566668
0.566238
0.565835
0.565353
0.564945
0.564567
0.564148
0.563723
0.563287
0.562904
0.562498
0.562088
0.561691
0.561286
0.560916
0.560529
0.560140
0.559705
0.559329
0.558942
0.558607
0.558244
0.557800
0.557348
0.556963
0.556585
0.556134
0.555722
0.555254
0.554890
0.554511
0.554119
0.553696
0.553291
0.552925
0.552511
0.552157
0.551790
0.551374
0.551005
0.550617
0.550222
0.549829
0.549364
0.548944
0.548574
0.548151
0.547719
0.547262
0.546877
0.546425
0.546003
0.545535
0.545054
0.544653
0.544183
0.543750
0.543307
0.542868
0.542422
0.541986
0.541563
0.541152
0.540702
0.540250
0.539870
0.539417
0.538984
0.538531
0.538089
0.537625
0.537225
0.536749
0.536275
0.535843
0.535349
0.534910
0.534466
0.533952
0.533478
0.533020
0.532536
0.532099
0.531651
0.531159
0.530669
0.530209
0.529789
0.529274
0.528849
0.528297
0.527827
0.527336
0.526835
0.526384
0.525906
0.525432
0.524975
0.524534
0.524099
0.523665
0.523198
0.522811
0.522310
0.521879
0.521500
0.521041
0.520627
0.520177
0.519799
0.519363
0.518930
0.518515
0.518104
0.517735
0.517315
0.516925
0.516448
0.516071
0.515649
0.515281
0.514900
0.514479
0.514059
0.513675
0.513317
0.512897
0.512525
0.512088
0.511702
0.511308
0.510903
0.510477
0.510058
0.509664
0.509234
0.508854
0.508434
0.508002
0.507592
0.507171
0.506752
0.506368
0.505881
0.505456
0.505060
0.504641
0.504219
0.503780
0.503423
0.503007
0.502619
0.502183
0.501725
0.501390
0.500947
0.500561
0.500170
0.499799
0.499401
0.499005
0.498654
0.498272
0.497874
0.497395
0.497029
0.496574
0.496156
0.495729
0.495305
0.494843
0.494431
0.493976
0.493505
0.493044
0.492572
0.492093
0.491658
0.491106
0.490622
0.490145
0.489619
0.489116
0.488623
0.488130
0.487620
0.487152
0.486699
0.486211
0.485776
0.485210
0.484740
0.484236
0.483756
0.483268
0.482774
0.482263
0.481780
0.481280
0.480814
0.480339
0.479865
0.479442
0.478886
0.478382
0.477952
0.477482
0.477018
0.476557
0.476105
0.475692
0.475248
0.474820
0.474356
0.473952
0.473493
0.473084
0.472591
0.472181
0.471773
0.471365
0.470970
0.470528
0.470101
0.469695
0.469257
0.468781
0.468336
0.467864
0.467370
0.466876
0.466360
0.465852
0.465310
0.464816
0.464312
0.463839
0.463357
0.462846
0.462362
0.461874
0.461417
0.460970
0.460445
0.460028
0.459555
0.459095
0.458634
0.458139
0.457740
0.457324
0.456883
0.456437
0.455976
0.455611
0.455150
0.454708
0.454289
0.453874
0.453395
0.452924
0.452475
0.452005
0.451574
0.451057
0.450640
0.450167
0.449737
0.449260
0.448812
0.448390
0.447965
0.447524
0.447100
0.446663
0.446239
0.445811
0.445405
0.444937
0.444509
0.444081
0.443616
0.443179
0.442779
0.442390
0.441954
0.441561
0.441138
0.440713
0.440323
0.439835
0.439437
0.439005
0.438579
0.438092
0.437654
0.437170
0.436764
0.436293
0.435871
0.435392
0.434957
0.434530
0.434075
0.433632
0.433215
0.432800
0.432362
0.431967
0.431490
0.431094
0.430604
0.430211
0.429727
0.429309
0.428871
0.428464
0.427967
0.427559
0.427153
0.426754
0.426371
0.425904
0.425501
0.425093
0.424646
0.424206
0.423756
0.423331
0.422847
0.422451
0.421969
0.421516
0.421067
0.420630
0.420194
0.419775
0.419390
0.418937
0.418496
0.418096
0.417746
0.417385
0.416943
0.416615
0.416248
0.415875
0.415512
0.415101
0.414794
0.414449
0.414081
0.413691
0.413329
0.413007
0.412595
0.412221
0.411845
0.411483
0.411084
0.410707
0.410323
0.409973
0.409630
0.409253
0.408905
0.408572
0.408271
0.407885
0.407525
0.407216
0.406897
0.406572
0.406254
0.405927
0.405640
0.405303
0.405051
0.404738
0.404486
0.404183
0.403893
0.403626
0.403341
0.403141
0.402791
0.402519
0.402232
0.401947
0.401708
0.401384
0.401155
0.400881
0.400628
0.400299
0.400063
0.399771
0.399575
0.399264
0.399043
0.398779
0.398547
0.398322
0.398047
0.397788
0.397549
0.397321
0.397046
0.396817
0.396511
0.396370
0.396133
0.395961
0.395673
0.395442
0.395186
0.394973
0.394680
0.394468
0.394228
0.393985
0.393724
0.393438
0.393230
0.392978
0.392733
0.392426
0.392157
0.391907
0.391589
0.391355
0.391041
0.390814
0.390494
0.390234
0.389925
0.389718
0.389493
0.389258
0.389072
0.388857
0.388744
0.388550
0.388362
0.388222
0.388055
0.387904
0.387725
0.387531
0.387381
0.387197
0.387004
0.386803
0.386622
0.386453
0.386224
0.386028
0.385815
0.385620
0.385424
0.385220
0.385054
0.384855
0.384657
0.384451
0.384241
0.384055
0.383843
0.383637
0.383422
0.383222
0.383046
0.382812
0.382627
0.382418
0.382247
0.382015
0.381867
0.381635
0.381445
0.381256
0.380996
0.380821
0.380614
0.380501
0.380282
0.380086
0.379918
0.379737
0.379590
0.379373
0.379154
0.378959
0.378729
0.378490
0.378306
0.378089
0.377961
0.377681
0.377488
0.377234
0.377053
0.376815
0.376573
0.376352
0.376109
0.375928
0.375686
0.375493
0.375228
0.375097
0.374891
0.374705
0.374509
0.374309
0.374143
0.373938
0.373727
0.373576
0.373362
0.373205
0.372993
0.372774
0.372616
0.372438
0.372263
0.372047
0.371860
0.371666
0.371407
0.371278
0.371060
0.370882
0.370626
0.370452
0.370197
0.370003
0.369811
0.369569
0.369360
0.369095
0.368859
0.368647
0.368369
0.368139
0.367868
0.367651
0.367381
0.367145
0.366919
0.366719
0.366514
0.366286
0.366089
0.365859
0.365625
0.365434
0.365252
0.365067
0.364876
0.364632
0.364450
0.364219
0.364021
0.363822
0.363666
0.363451
0.363254
0.363098
0.362908
0.362771
0.362613
0.362402
0.362261
0.362010
0.361884
0.361726
0.361640
0.361463
0.361307
0.361183
0.361039
0.360951
0.360779
0.360735
0.360590
0.360447
0.360305
0.360180
0.360107
0.359963
0.359830
0.359785
0.359680
0.359568
0.359451
0.359396
0.359370
0.359252
0.359199
0.359076
0.359087
0.358991
0.358910
0.358882
0.358795
0.358805
0.358668
0.358593
0.358435
0.358379
0.358306
0.358141
0.358039
0.357896
0.357859
0.357716
0.357588
0.357564
0.357438
0.357318
0.357192
0.357066
0.357013
0.356842
0.356762
0.356650
0.356526
0.356403
0.356201
0.356144
0.356023
0.355928
0.355740
0.355601
0.355409
0.355262
0.355154
0.355002
0.354837
0.354675
0.354488
0.354366
0.354215
0.354061
0.353921
0.353779
0.353605
0.353493
0.353323
0.353166
0.353001
0.352841
0.352650
0.352484
0.352336
0.352193
0.352039
0.351908
0.351832
0.351701
0.351567
0.351419
0.351271
0.351128
0.351019
0.350803
0.350681
0.350506
0.350330
0.350210
0.350069
0.349865
0.349751
0.349565
0.349475
0.349332
0.349269
0.349095
0.348916
0.348793
0.348643
0.348531
0.348342
0.348265
0.348113
0.348011
0.347866
0.347755
0.347645
0.347484
0.347321
0.347227
0.347102
0.346970
0.346817
0.346724
0.346641
0.346512
0.346404
0.346255
0.346190
0.346052
0.345904
0.345810
0.345679
0.345618
0.345449
0.345329
0.345183
0.345110
0.345020
0.344867
0.344741
0.344602
0.344507
0.344330
0.344131
0.344021
0.343862
0.343705
0.343564
0.343385
0.343284
0.343061
0.342944
0.342827
0.342669
0.342532
0.342303
0.342229
0.342070
0.341943
0.341796
0.341652
0.341509
0.341402
0.341283
0.341176
0.341031
0.340912
0.340790
0.340701
0.340617
0.340525
0.340428
0.340348
0.340264
0.340224
0.340090
0.340013
0.339923
0.339862
0.339747
0.339603
0.339511
0.339384
0.339271
0.339110
0.339062
0.338981
0.338906
0.338775
0.338695
0.338594
0.338574
0.338440
0.338346
0.338232
0.338153
0.338060
0.337967
0.337861
0.337778
0.337647
0.337536
0.337463
0.337426
0.337344
0.337243
0.337122
0.337108
0.337073
0.336972
0.336936
0.336876
0.336830
0.336734
0.336646
0.336612
0.336489
0.336462
0.336444
0.336356
0.336258
0.336171
0.336116
0.336097
0.336016
0.335959
0.335822
0.335766
0.335713
0.335637
0.335571
0.335557
0.335518
0.335415
0.335407
0.335361
0.335364
0.335355
0.335312
0.335326
0.335219
0.335190
0.335158
0.335067
0.335035
0.334923
0.334824
0.334767
0.334696
0.334608
0.334503
0.334465
0.334422
0.334244
0.334199
0.334090
0.333989
0.333940
0.333831
0.333759
0.333639
0.333545
0.333490
0.333434
0.333347
0.333252
0.333095
0.333014
0.332979
0.332861
0.332739
0.332678
0.332535
0.332382
0.332323
0.332202
0.332073
0.331983
0.331893
0.331787
0.331635
0.331549
0.331495
0.331436
0.331320
0.331272
0.331142
0.331034
0.330973
0.330833
0.330699
0.330697
0.330592
0.330422
0.330330
0.330231
0.330156
0.330092
0.330008
0.329943
0.329782
0.329657
0.329613
0.329491
0.329345
0.329198
0.328952
0.328876
0.328725
0.328576
0.328435
0.328297
0.328153
0.327938
0.327741
0.327616
0.327402
0.327284
0.327159
0.326983
0.326778
0.326580
0.326431
0.326334
0.326166
0.326032
0.325804
0.325669
0.325525
0.325319
0.325166
0.325073
0.324939
0.324728
0.324620
0.324468
0.324384
0.324278
0.324123
0.324057
0.323855
0.323771
0.323724
0.323593
0.323527
0.323367
0.323190
0.323093
0.322987
0.322892
0.322768
0.322696
0.322606
0.322402
0.322321
0.322167
0.322064
0.321985
0.321878
0.321746
0.321534
0.321443
0.321337
0.321203
0.321076
0.320904
0.320682
0.320557
0.320465
0.320291
0.320128
0.319992
0.319840
0.319635
0.319537
0.319383
0.319240
0.319093
0.318978
0.318898
0.318616
0.318493
0.318377
0.318218
0.318066
0.317966
0.317802
0.317671
0.317598
0.317461
0.317299
0.317241
0.317138
0.316954
0.316832
0.316736
0.316636
0.316544
0.316520
0.316432
0.316269
0.316172
0.316134
0.316072
0.315990
0.315919
0.315777
0.315763
0.315713
0.315642
0.315556
0.315478
0.315411
0.315303
0.315172
0.315130
0.315002
0.314984
0.314925
0.314832
0.314737
0.314617
0.314568
0.314563
0.314451
0.314401
0.314293
0.314246
0.314198
0.314111
0.314045
0.314019
0.314003
0.313935
0.313948
0.313936
0.313995
0.314014
0.313961
0.313957
0.313869
0.313849
0.313920
0.313884
0.313937
0.313901
0.313865
0.313857
0.313889
0.313874
0.313864
0.313869
0.313894
0.313805
0.313843
0.313834
0.313846
0.313907
0.313908
0.313897
0.313862
0.313892
0.313917
0.313954
0.313965
0.313997
0.313944
0.313985
0.314060
0.314020
0.314016
0.314025
0.314001
0.313952
0.313972
0.313967
0.313949
0.313939
0.313948
0.314020
0.313948
0.313966
0.313969
0.313967
0.313949
0.313977
0.313923
0.313935
0.313962
0.313971
0.313929
0.314020
0.314058
0.314001
0.314029
0.314028
0.314060
0.314052
0.314090
0.314062
0.314010
0.313986
0.314035
0.314043
0.314035
0.314071
0.313950
0.313952
0.313921
0.313897
0.313855
0.313822
0.313789
0.313766
0.313694
0.313703
0.313623
0.313657
0.313660
0.313613
0.313573
0.313550
0.313559
0.313547
0.313528
0.313539
0.313505
0.313431
0.313490
0.313434
0.313437
0.313449
0.313384
0.313322
0.313313
0.313269
0.313254
0.313234
0.313201
0.313128
0.313027
0.312969
0.312981
0.312833
0.312851
0.312783
0.312783
0.312742
0.312699
0.312654
0.312627
0.312586
0.312560
0.312438
0.312462
0.312423
0.312420
0.312460
0.312419
0.312366
0.312379
0.312380
0.312383
0.312397
0.312392
0.312390
0.312303
0.312296
0.312390
0.312313
0.312331
0.312309
0.312313
0.312260
0.312296
0.312271
0.312238
0.312238
0.312266
0.312317
0.312215
0.312203
0.312194
0.312123
0.312095
0.312135
0.312111
0.312084
0.312072
0.312063
0.311982
0.312037
0.312080
0.311983
0.311983
0.311944
0.311957
0.311902
0.311911
0.311883
0.311816
0.311725
0.311742
0.311665
0.311547
0.311527
0.311390
0.311310
0.311230
0.311173
0.311079
0.310971
0.310926
0.310903
0.310780
0.310804
0.310721
0.310702
0.310714
0.310621
0.310666
0.310636
0.310666
0.310657
0.310625
0.310677
0.310667
0.310644
0.310660
0.310619
0.310672
0.310667
0.310670
0.310672
0.310732
0.310684
0.310738
0.310781
0.310822
0.310876
0.310891
0.310994
0.311101
0.311095
0.311204
0.311187
0.311320
0.311366
0.311440
0.311476
0.311562
0.311620
0.311693
0.311625
0.311712
0.311746
0.311806
0.311929
0.311952
0.311967
0.312051
0.312126
0.312148
0.312232
0.312285
0.312360
0.312363
0.312403
0.312522
0.312494
0.312600
0.312561
0.312623
0.312636
0.312748
0.312760
0.312853
0.312863
0.312989
0.313143
0.313135
0.313225
0.313255
0.313323
0.313338
0.313410
0.313424
0.313485
0.313484
0.313565
0.313551
0.313639
0.313709
0.313682
0.313750
0.313819
0.313938
0.313904
0.314026
0.314075
0.314135
0.314150
0.314317
0.314386
0.314463
0.314616
0.314609
0.314710
0.314845
0.314964
0.315082
0.315184
0.315304
0.315460
0.315522
0.315687
0.315797
0.315976
0.316149
0.316210
0.316356
0.316445
0.316635
0.316743
0.316910
0.317098
0.317226
0.317341
0.317505
0.317630
0.317843
0.317964
0.318108
0.318178
0.318357
0.318460
0.318604
0.318759
0.318868
0.319001
0.319107
0.319274
0.319495
0.319556
0.319749
0.319804
0.319992
0.320086
0.320272
0.320389
0.320563
0.320714
0.320900
0.320937
0.321113
0.321267
0.321442
0.321657
0.321818
0.321949
0.322138
0.322363
0.322510
0.322714
0.322959
0.323177
0.323322
0.323464
0.323750
0.323884
0.324170
0.324315
0.324599
0.324745
0.324998
0.325104
0.325342
0.325485
0.325745
0.325986
0.326084
0.326298
0.326469
0.326658
0.326805
0.327041
0.327176
0.327392
0.327566
0.327802
0.327938
0.328212
0.328432
0.328540
0.328807
0.329001
0.329242
0.329357
0.329598
0.329757
0.329887
0.330020
0.330277
0.330413
0.330598
0.330829
0.330947
0.331141
0.331380
0.331564
0.331745
0.331927
0.332100
0.332272
0.332352
0.332507
0.332638
0.332843
0.333037
0.333150
0.333312
0.333401
0.333619
0.333724
0.333853
0.333986
0.334061
0.334125
0.334276
0.334348
0.334568
0.334644
0.334750
0.334778
0.334930
0.335001
0.335104
0.335245
0.335308
0.335370
0.335442
0.335550
0.335744
0.335801
0.335990
0.336035
0.336205
0.336285
0.336481
0.336546
0.336676
0.336773
0.336934
0.336934
0.337031
0.337154
0.337248
0.337354
0.337452
0.337459
0.337498
0.337574
0.337593
0.337622
0.337743
0.337794
0.337808
0.337808
0.337947
0.337925
0.338028
0.337991
0.338090
0.338031
0.338141
0.338038
0.338076
0.338028
0.338060
0.338089
0.338000
0.337967
0.337903
0.337850
0.337732
0.337745
0.337626
0.337585
0.337484
0.337473
0.337376
0.337359
0.337321
0.337185
0.337169
0.337151
0.337130
0.337022
0.337083
0.337024
0.336937
0.336933
0.336966
0.336929
0.336902
0.336926
0.336835
0.336824
0.336831
0.336812
0.336750
0.336747
0.336675
0.336691
0.336615
0.336615
0.336630
0.336636
0.336671
0.336636
0.336622
0.336531
0.336626
0.336555
0.336538
0.336534
0.336467
0.336453
0.336436
0.336363
0.336384
0.336304
0.336279
0.336127
0.336075
0.335985
0.335919
0.335920
0.335789
0.335747
0.335669
0.335655
0.335615
0.335527
0.335513
0.335377
0.335374
0.335227
0.335245
0.335124
0.335099
0.335038
0.335090
0.334976
0.334991
0.334963
0.334948
0.334989
0.335024
0.334961
0.334957
0.334979
0.334915
0.334871
0.334935
0.334981
0.334937
0.334869
0.334945
0.334858
0.334900
0.334826
0.334905
0.334819
0.334922
0.334838
0.334910
0.334895
0.334952
0.335033
0.334935
0.334991
0.335038
0.335080
0.335047
0.335183
0.335159
0.335222
0.335228
0.335305
0.335302
0.335363
0.335358
0.335270
0.335326
0.335416
0.335440
0.335357
0.335400
0.335358
0.335277
0.335283
0.335357
0.335338
0.335337
0.335308
0.335264
0.335264
0.335332
0.335298
0.335248
0.335262
0.335216
0.335292
0.335215
0.335228
0.335289
0.335247
0.335349
0.335331
0.335364
0.335249
0.335339
0.335292
0.335279
0.335282
0.335234
0.335199
0.335179
0.335146
0.335207
0.335163
0.335174
0.335096
0.335096
0.335063
0.335043
0.335090
0.334981
0.334943
0.334879
0.334885
0.334772
0.334698
0.334668
0.334572
0.334612
0.334475
0.334448
0.334350
0.334311
0.334256
0.334234
0.334112
0.334036
0.333896
0.333780
0.333714
0.333642
0.333428
0.333316
0.333180
0.332996
0.332834
0.332735
0.332583
0.332419
0.332153
0.332062
0.331818
0.331684
0.331466
0.331338
0.331098
0.330958
0.330698
0.330477
0.330241
0.330025
0.329854
0.329646
0.329417
0.329185
0.328940
0.328623
0.328451
0.328164
0.327935
0.327651
0.327427
0.327175
0.327010
0.326773
0.326525
0.326310
0.326158
0.325934
0.325666
0.325426
0.325118
0.324845
0.324616
0.324427
0.324179
0.323965
0.323754
0.323515
0.323352
0.323157
0.322941
0.322708
0.322524
0.322257
0.322140
0.321886
0.321712
0.321534
0.321297
0.321169
0.320882
0.320724
0.320435
0.320280
0.320092
0.319885
0.319732
0.319507
0.319333
0.319114
0.318936
0.318849
0.318621
0.318498
0.318227
0.318053
0.317859
0.317705
0.317539
0.317326
0.317142
0.316953
0.316819
0.316663
0.316446
0.316273
0.316068
0.315995
0.315768
0.315640
0.315392
0.315276
0.315064
0.314972
0.314704
0.314563
0.314440
0.314279
0.314138
0.313978
0.313769
0.313629
0.313481
0.313307
0.313149
0.313025
0.312918
0.312821
0.312645
0.312619
0.312410
0.312359
0.312200
0.312135
0.311991
0.311885
0.311763
0.311682
0.311551
0.311483
0.311442
0.311354
0.311278
0.311199
0.311115
0.311001
0.310922
0.310827
0.310754
0.310632
0.310550
0.310450
0.310432
0.310352
0.310236
0.310170
0.310092
0.310052
0.309932
0.309889
0.309796
0.309777
0.309709
0.309718
0.309650
0.309623
0.309612
0.309486
0.309450
0.309383
0.309331
0.309257
0.309196
0.309124
0.309145
0.308991
0.308963
0.308881
0.308847
0.308848
0.308712
0.308697
0.308587
0.308517
0.308435
0.308336
0.308282
0.308191
0.308104
0.308035
0.307979
0.308039
0.307952
0.307894
0.307799
0.307751
0.307722
0.307682
0.307585
0.307519
0.307438
0.307333
0.307287
0.307276
0.307146
0.307078
0.306939
0.306942
0.306807
0.306713
0.306481
0.306417
0.306252
0.306174
0.305922
0.305764
0.305618
0.305445
0.305306
0.305142
0.304946
0.304822
0.304688
0.304510
0.304430
0.304295
0.304208
0.304118
0.303984
0.303989
0.303789
0.303751
0.303635
0.303586
0.303483
0.303400
0.303309
0.303282
0.303216
0.303203
0.303205
0.303165
0.303119
0.303070
0.303013
0.302903
0.302862
0.302794
0.302773
0.302756
0.302717
0.302626
0.302632
0.302579
0.302495
0.302468
0.302408
0.302435
0.302335
0.302320
0.302260
0.302217
0.302135
0.302151
0.302087
0.302028
0.302022
0.301947
0.301937
0.301869
0.301836
0.301775
0.301698
0.301667
0.301689
0.301562
0.301554
0.301435
0.301407
0.301435
0.301338
0.301330
0.301288
0.301259
0.301228
0.301224
0.301226
0.301168
0.301158
0.301163
0.301176
0.301326
0.301302
0.301338
0.301285
0.301319
0.301372
0.301395
0.301396
0.301450
0.301475
0.301484
0.301573
0.301677
0.301610
0.301711
0.301689
0.301840
0.301922
0.301971
0.301942
0.302076
0.302114
0.302225
0.302196
0.302269
0.302346
0.302431
0.302511
0.302555
0.302615
0.302716
0.302770
0.302821
0.302916
0.302922
0.302996
0.303017
0.303012
0.303125
0.303035
0.303083
0.303101
0.303141
0.303120
0.303134
0.303120
0.303185
0.303218
0.303305
0.303410
0.303443
0.303508
0.303591
0.303653
0.303668
0.303724
0.303781
0.303817
0.303884
0.303921
0.303899
0.304000
0.304025
0.304031
0.304069
0.304083
0.304172
0.304171
0.304197
0.304231
0.304281
0.304288
0.304402
0.304463
0.304501
0.304619
0.304635
0.304696
0.304747
0.304804
0.304821
0.304800
0.304869
0.304947
0.304913
0.304976
0.304930
0.304974
0.305056
0.305067
0.305118
0.305126
0.305182
0.305226
0.305253
0.305310
0.305310
0.305372
0.305401
0.305494
0.305592
0.305592
0.305671
0.305634
0.305677
0.305645
0.305673
0.305663
0.305650
0.305639
0.305625
0.305639
0.305670
0.305532
0.305582
0.305486
0.305526
0.305499
0.305449
0.305410
0.305421
0.305404
0.305417
0.305394
0.305468
0.305444
0.305473
0.305487
0.305506
0.305523
0.305558
0.305518
0.305531
0.305588
0.305603
0.305626
0.305643
0.305661
0.305762
0.305769
0.305829
0.305913
0.305996
0.306006
0.306079
0.306104
0.306178
0.306208
0.306279
0.306386
0.306377
0.306402
0.306436
0.306454
0.306478
0.306507
0.306539
0.306579
0.306642
0.306683
0.306690
0.306734
0.306764
0.306754
0.306830
0.306841
0.306928
0.306932
0.306943
0.307003
0.307020
0.307037
0.307089
0.307111
0.307133
0.307174
0.307156
0.307142
0.307167
0.307197
0.307220
0.307189
0.307219
0.307260
0.307221
0.307243
0.307175
0.307196
0.307207
0.307168
0.307159
0.307115
0.307121
0.307103
0.307059
0.307052
0.307009
0.307016
0.307010
0.307080
0.307122
0.307071
0.307119
0.307090
0.307161
0.307100
0.307151
0.307176
0.307192
0.307222
0.307227
0.307235
0.307281
0.307173
0.307204
0.307103
0.307124
0.307085
0.307074
0.307044
0.307027
0.306992
0.306988
0.306922
0.306955
0.306918
0.306929
0.306913
0.306919
0.306892
0.306903
0.306835
0.306809
0.306755
0.306736
0.306689
0.306637
0.306538
0.306511
0.306422
0.306388
0.306284
0.306252
0.306164
0.306079
0.305968
0.305898
0.305790
0.305696
0.305610
0.305532
0.305399
0.305308
0.305178
0.305062
0.304887
0.304756
0.304635
0.304499
0.304393
0.304256
0.304135
0.304013
0.303893
0.303824
0.303685
0.303575
0.303437
0.303315
0.303187
0.303062
0.302902
0.302789
0.302679
0.302552
0.302432
0.302297
0.302149
0.302046
0.301904
0.301779
0.301609
0.301448
0.301287
0.301130
0.300943
0.300706
0.300514
0.300334
0.300138
0.299960
0.299726
0.299560
0.299372
0.299182
0.298959
0.298765
0.298576
0.298406
0.298251
0.298162
0.297979
0.297820
0.297623
0.297424
0.297197
0.297024
0.296836
0.296623
0.296433
0.296246
0.296064
0.295936
0.295686
0.295543
0.295396
0.295288
0.295110
0.294936
0.294793
0.294637
0.294494
0.294341
0.294191
0.294078
0.293913
0.293795
0.293635
0.293497
0.293366
0.293233
0.293024
0.292881
0.292704
0.292531
0.292368
0.292187
0.291985
0.291828
0.291621
0.291407
0.291179
0.291007
0.290795
0.290601
0.290366
0.290192
0.289990
0.289822
0.289607
0.289443
0.289221
0.289000
0.288770
0.288534
0.288242
0.287993
0.287741
0.287501
0.287272
0.287021
0.286788
0.286546
0.286304
0.286076
0.285821
0.285620
0.285368
0.285122
0.284903
0.284697
0.284452
0.284211
0.284012
0.283823
0.283639
0.283400
0.283140
0.282909
0.282691
0.282494
0.282256
0.282071
0.281895
0.281700
0.281479
0.281234
0.281084
0.280883
0.280676
0.280455
0.280244
0.280049
0.279834
0.279631
0.279414
0.279198
0.278999
0.278843
0.278693
0.278516
0.278308
0.278100
0.277851
0.277666
0.277436
0.277243
0.277062
0.276877
0.276663
0.276452
0.276240
0.276106
0.275867
0.275679
0.275494
0.275314
0.275123
0.274902
0.274703
0.274501
0.274275
0.274066
0.273831
0.273657
0.273420
0.273209
0.272953
0.272709
0.272527
0.272317
0.272053
0.271796
0.271598
0.271324
0.271088
0.270865
0.270620
0.270359
0.270083
0.269806
0.269556
0.269276
0.269002
0.268696
0.268458
0.268182
0.267866
0.267592
0.267301
0.267030
0.266761
0.266460
0.266170
0.265927
0.265621
0.265383
0.265119
0.264905
0.264640
0.264373
0.264112
0.263876
0.263632
0.263401
0.263121
0.262916
0.262659
0.262419
0.262204
0.262015
0.261773
0.261544
0.261322
0.261136
0.260944
0.260726
0.260509
0.260334
0.260098
0.259930
0.259666
0.259474
0.259282
0.259059
0.258815
0.258547
0.258376
0.258174
0.257932
0.257734
0.257511
0.257334
0.257110
0.256884
0.256637
0.256443
0.256185
0.256009
0.255777
0.255604
0.255434
0.255231
0.255046
0.254824
0.254628
0.254453
0.254303
0.254142
0.253945
0.253810
0.253653
0.253552
0.253352
0.253201
0.253043
0.252953
0.252793
0.252640
0.252490
0.252324
0.252157
0.251985
0.251831
0.251633
0.251481
0.251347
0.251160
0.251010
0.250816
0.250687
0.250471
0.250338
0.250210
0.250036
0.249878
0.249745
0.249543
0.249397
0.249204
0.248989
0.248801
0.248639
0.248402
0.248154
0.247928
0.247708
0.247431
0.247226
0.246900
0.246734
0.246529
0.246314
0.246070
0.245870
0.245656
0.245436
0.245220
0.245048
0.244768
0.244546
0.244295
0.244044
0.243828
0.243584
0.243304
0.243097
0.242856
0.242588
0.242314
0.242104
0.241857
0.241613
0.241343
0.241072
0.240859
0.240609
0.240330
0.240086
0.239770
0.239523
0.239246
0.238994
0.238784
0.238522
0.238254
0.237963
0.237747
0.237501
0.237226
0.237023
0.236811
0.236589
0.236351
0.236118
0.235854
0.235676
0.235383
0.235232
0.234975
0.234798
0.234639
0.234409
0.234229
0.234003
0.233785
0.233617
0.233379
0.233176
0.232921
0.232753
0.232519
0.232371
0.232066
0.231820
0.231597
0.231429
0.231194
0.230998
0.230755
0.230521
0.230301
0.230089
0.229851
0.229649
0.229475
0.229271
0.229043
0.228854
0.228594
0.228417
0.228176
0.227991
0.227791
0.227555
0.227321
0.227148
0.226901
0.226684
0.226420
0.226185
0.225954
0.225746
0.225541
0.225281
0.225053
0.224873
0.224621
0.224442
0.224111
0.223971
0.223787
0.223565
0.223380
0.223184
0.222931
0.222773
0.222549
0.222349
0.222098
0.221877
0.221680
0.221470
0.221323
0.221109
0.220901
0.220769
0.220591
0.220403
0.220181
0.220045
0.219869
0.219682
0.219493
0.219278
0.219114
0.218936
0.218685
0.218491
0.218204
0.218020
0.217837
0.217629
0.217489
0.217282
0.217116
0.216889
0.216736
0.216550
0.216339
0.216193
0.216010
0.215849
0.215679
0.215484
0.215319
0.215186
0.214960
0.214871
0.214674
0.214524
0.214432
0.214215
0.214071
0.213852
0.213709
0.213547
0.213414
0.213241
0.213042
0.212914
0.212738
0.212649
0.212430
0.212257
0.212094
0.211999
0.211842
0.211728
0.211560
0.211394
0.211253
0.211102
0.210996
0.210873
0.210771
0.210639
0.210503
0.210362
0.210203
0.210080
0.209935
0.209784
0.209667
0.209486
0.209337
0.209257
0.209112
0.208998
0.208873
0.208756
0.208638
0.208551
0.208476
0.208361
0.208268
0.208232
0.208125
0.208097
0.207893
0.207828
0.207753
0.207620
0.207533
0.207397
0.207265
0.207183
0.207068
0.206956
0.206809
0.206699
0.206585
0.206442
0.206391
0.206233
0.206097
0.206030
0.205872
0.205729
0.205583
0.205481
0.205340
0.205211
0.205092
0.204942
0.204839
0.204722
0.204590
0.204463
0.204320
0.204246
0.204160
0.204014
0.203953
0.203800
0.203686
0.203525
0.203442
0.203322
0.203185
0.203066
0.202946
0.202806
0.202695
0.202550
0.202431
0.202332
0.202168
0.202115
0.202026
0.201938
0.201890
0.201718
0.201616
0.201472
0.201375
0.201268
0.201151
0.201033
0.200949
0.200848
0.200771
0.200731
0.200615
0.200491
0.200418
0.200366
0.200291
0.200186
0.200136
0.200039
0.199935
0.199819
0.199711
0.199599
0.199479
0.199352
0.199204
0.199032
0.198935
0.198795
0.198649
0.198501
0.198417
0.198219
0.198054
0.197908
0.197739
0.197534
0.197346
0.197155
0.196979
0.196777
0.196613
0.196352
0.196125
0.195942
0.195719
0.195538
0.195303
0.195118
0.194963
0.194728
0.194602
0.194396
0.194201
0.194077
0.193931
0.193731
0.193582
0.193405
0.193260
0.193091
0.193018
0.192844
0.192692
0.192581
0.192429
0.192262
0.192109
0.191965
0.191767
0.191604
0.191464
0.191293
0.191174
0.190967
0.190781
0.190543
0.190338
0.190166
0.190008
0.189815
0.189712
0.189508
0.189329
0.189075
0.188949
0.188731
0.188533
0.188315
0.188132
0.187905
0.187697
0.187456
0.187245
0.187034
0.186779
0.186605
0.186422
0.186244
0.186087
0.185797
0.185615
0.185404
0.185238
0.185022
0.184852
0.184668
0.184507
0.184318
0.184142
0.184003
0.183823
0.183607
0.183426
0.183316
0.183143
0.182943
0.182787
0.182562
0.182390
0.182166
0.181992
0.181808
0.181659
0.181488
0.181303
0.181065
0.180923
0.180752
0.180557
0.180318
0.180158
0.179910
0.179685
0.179504
0.179281
0.179062
0.178856
0.178635
0.178381
0.178133
0.177948
0.177663
0.177439
0.177219
0.176956
0.176734
0.176456
0.176220
0.176002
0.175717
0.175490
0.175167
0.174840
0.174560
0.174255
0.173885
0.173572
0.173250
0.172929
0.172550
0.172243
0.171857
0.171518
0.171189
0.170815
0.170456
0.170136
0.169810
0.169428
0.169006
0.168703
0.168356
0.168017
0.167663
0.167295
0.166923
0.166517
0.166152
0.165811
0.165383
0.165063
0.164683
0.164314
0.163930
0.163591
0.163204
0.162820
0.162455
0.162088
0.161741
0.161364
0.160969
0.160599
0.160277
0.159843
0.159562
0.159177
0.158838
0.158543
0.158088
0.157762
0.157384
0.157016
0.156655
0.156305
0.155958
0.155619
0.155266
0.154894
0.154577
0.154225
0.153847
0.153485
0.153189
0.152775
0.152404
0.152070
0.151674
0.151337
0.150954
0.150607
0.150278
0.149978
0.149681
0.149317
0.148958
0.148652
0.148320
0.147971
0.147558
0.147196
0.146780
0.146403
0.146031
0.145600
0.145187
0.144805
0.144424
0.143980
0.143515
0.143178
0.142736
0.142299
0.141937
0.141513
0.141119
0.140723
0.140345
0.139989
0.139619
0.139291
0.138866
0.138472
0.138129
0.137743
0.137286
0.136886
0.136525
0.136126
0.135711
0.135366
0.134956
0.134572
0.134138
0.133719
0.133299
0.132921
0.132542
0.132142
0.131713
0.131348
0.130969
0.130570
0.130162
0.129744
0.129301
0.128828
0.128412
0.128025
0.127540
0.127159
0.126733
0.126279
0.125818
0.125447
0.124995
0.124573
0.124165
0.123763
0.123384
0.122988
0.122592
0.122181
0.121818
0.121349
0.121045
0.120656
0.120233
0.119955
0.119485
0.119172
0.118769
0.118433
0.118058
0.117717
0.117380
0.117040
0.116669
0.116327
0.116059
0.115696
0.115355
0.115065
0.114794
0.114467
0.114179
0.113914
0.113569
0.113271
0.112940
0.112593
0.112309
0.112007
0.111706
0.111367
0.111021
0.110810
0.110505
0.110182
0.109884
0.109580
0.109243
0.108941
0.108645
0.108338
0.108007
0.107737
0.107417
0.107037
0.106719
0.106461
0.106152
0.105831
0.105627
0.105312
0.105036
0.104730
0.104420
0.104136
0.103804
0.103551
0.103182
0.102879
0.102601
0.102340
0.101979
0.101668
0.101415
0.101121
0.100833
0.100579
0.100293
0.100036
0.099772
0.099526
0.099196
0.098954
0.098756
0.098443
0.098175
0.098020
0.097793
0.097637
0.097382
0.097125
0.096991
0.096778
0.096572
0.096430
0.096208
0.096081
0.095872
0.095715
0.095502
0.095379
0.095210
0.094952
0.094780
0.094625
0.094431
0.094231
0.094054
0.093796
0.093684
0.093358
0.093243
0.093036
0.092792
0.092672
0.092335
0.092227
0.091942
0.091773
0.091545
0.091325
0.091142
0.090961
0.090655
0.090467
0.090313
0.090053
0.089854
0.089640
0.089476
0.089254
0.089040
0.088834
0.088607
0.088467
0.088231
0.087975
0.087817
0.087636
0.087456
0.087253
0.086922
0.086776
0.086539
0.086247
0.085982
0.085726
0.085435
0.085199
0.084959
0.084660
0.084382
0.084144
0.083840
0.083470
0.083199
0.082961
0.082689
0.082351
0.082095
0.081812
0.081534
0.081184
0.080890
0.080579
0.080294
0.080013
0.079613
0.079325
0.079074
0.078817
0.078445
0.078161
0.077940
0.077726
0.077479
0.077264
0.077039
0.076806
0.076594
0.076409
0.076169
0.075978
0.075895
0.075591
0.075381
0.075214
0.075011
0.074910
0.074676
0.074468
0.074372
0.074209
0.073999
0.073874
0.073713
0.073563
0.073355
0.073220
0.072995
0.072912
0.072761
0.072491
0.072381
0.072258
0.072065
0.071877
0.071758
0.071530
0.071454
0.071216
0.071199
0.071064
0.070947
0.070927
0.070735
0.070692
0.070544
0.070478
0.070363
0.070208
0.070138
0.070049
0.069863
0.069753
0.069723
0.069529
0.069431
0.069317
0.069245
0.069144
0.069030
0.068950
0.068804
0.068753
0.068628
0.068454
0.068415
0.068324
0.068248
0.068153
0.067975
0.067977
0.067891
0.067770
0.067713
0.067672
0.067597
0.067567
0.067576
0.067501
0.067473
0.067426
0.067367
0.067254
0.067226
0.067203
0.067173
0.067082
0.067056
0.067000
0.066958
0.066881
0.066809
0.066761
0.066723
0.066666
0.066536
0.066485
0.066459
0.066400
0.066283
0.066181
0.066153
0.066122
0.066049
0.066011
0.065970
0.065901
0.065853
0.065782
0.065681
0.065608
0.065624
0.065428
0.065356
0.065308
0.065242
0.065200
0.065054
0.064920
0.064856
0.064735
0.064627
0.064580
0.064470
0.064382
0.064260
0.064162
0.063987
0.063916
0.063812
0.063615
0.063554
0.063495
0.063386
0.063293
0.063194
0.063067
0.063006
0.062795
0.062729
0.062610
0.062433
0.062362
0.062140
0.062043
0.061884
0.061747
0.061626
0.061457
0.061395
0.061267
0.061142
0.061042
0.060990
0.060822
0.060743
0.060635
0.060616
0.060493
0.060401
0.060333
0.060245
0.060223
0.060155
0.060068
0.060107
0.060048
0.060044
0.060013
0.059928
0.059923
0.059957
0.059908
0.059904
0.059918
0.059902
0.059899
0.059949
0.059925
0.059949
0.059978
0.060003
0.059969
0.060038
0.060101
0.060118
0.060123
0.060155
0.060158
0.060198
0.060180
0.060178
0.060208
0.060194
0.060210
0.060187
0.060190
0.060208
0.060213
0.060134
0.060027
0.059993
0.059930
0.059871
0.059811
0.059695
0.059609
0.059568
0.059454
0.059354
0.059273
0.059259
0.059150
0.059092
0.059054
0.059009
0.058988
0.058912
0.058848
0.058815
0.058722
0.058693
0.058639
0.058560
0.058548
0.058451
0.058384
0.058262
0.058233
0.058131
0.058002
0.057926
0.057883
0.057784
0.057718
0.057659
0.057595
0.057588
0.057486
0.057487
0.057483
0.057425
0.057407
0.057297
0.057262
0.057191
0.057129
0.057090
0.057026
0.057081
0.057050
0.057039
0.057025
0.057121
0.057076
0.057098
0.057081
0.057206
0.057208
0.057220
0.057265
0.057309
0.057349
0.057350
0.057362
0.057491
0.057546
0.057648
0.057688
0.057746
0.057876
0.057986
0.058020
0.058098
0.058238
0.058320
0.058390
0.058507
0.058650
0.058764
0.058850
0.058958
0.059062
0.059194
0.059288
0.059366
0.059510
0.059643
0.059710
0.059809
0.059936
0.060023
0.060103
0.060156
0.060247
0.060352
0.060402
0.060513
0.060620
0.060724
0.060777
0.060869
0.060964
0.061068
0.061185
0.061256
0.061340
0.061465
0.061529
0.061569
0.061631
0.061775
0.061814
0.061862
0.061964
0.062061
0.062128
0.062191
0.062203
0.062262
0.062290
0.062353
0.062393
0.062429
0.062559
0.062569
0.062630
0.062629
0.062730
0.062768
0.062772
0.062835
0.062915
0.062914
0.062964
0.062947
0.062950
0.062988
0.062973
0.062989
0.063018
0.063005
0.063026
0.063003
0.063024
0.063019
0.063018
0.063041
0.063028
0.063095
0.063093
0.063089
0.063072
0.063134
0.063096
0.063057
0.062988
0.063046
0.062990
0.062950
0.062915
0.062885
0.062898
0.062850
0.062827
0.062868
0.062887
0.062892
0.062841
0.062800
0.062796
0.062787
0.062683
0.062646
0.062656
0.062631
0.062580
0.062548
0.062521
0.062487
0.062432
0.062380
0.062378
0.062352
0.062348
0.062313
0.062305
0.062295
0.062263
0.062247
0.062255
0.062241
0.062199
0.062179
0.062178
0.062138
0.062132
0.062127
0.062108
0.062099
0.062019
0.061980
0.061969
0.061911
0.061867
0.061826
0.061811
0.061806
0.061772
0.061669
0.061654
0.061652
0.061604
0.061531
0.061546
0.061495
0.061475
0.061450
0.061377
0.061373
0.061264
0.061215
0.061164
0.061068
0.061086
0.061001
0.060943
0.060827
0.060753
0.060688
0.060570
0.060510
0.060433
0.060372
0.060344
0.060284
0.060192
0.060166
0.060137
0.060121
0.060055
0.060033
0.060044
0.060024
0.060014
0.059966
0.060001
0.060011
0.060049
0.060067
0.060102
0.060094
0.060090
0.060119
0.060112
0.060097
0.060112
0.060179
0.060172
0.060175
0.060187
0.060154
0.060214
0.060169
0.060176
0.060160
0.060194
0.060188
0.060130
0.060149
0.060093
0.060077
0.059986
0.059938
0.059909
0.059871
0.059816
0.059775
0.059680
0.059621
0.059519
0.059431
0.059356
0.059273
0.059214
0.059144
0.059108
0.059084
0.059003
0.058946
0.058795
0.058835
0.058742
0.058658
0.058615
0.058520
0.058434
0.058365
0.058288
0.058198
0.058083
0.058024
0.057929
0.057796
0.057700
0.057591
0.057522
0.057434
0.057304
0.057139
0.057041
0.056949
0.056886
0.056763
0.056658
0.056504
0.056448
0.056363
0.056211
0.056163
0.055989
0.055903
0.055853
0.055697
0.055644
0.055566
0.055488
0.055367
0.055291
0.055171
0.055040
0.054956
0.054844
0.054778
0.054686
0.054555
0.054413
0.054304
0.054158
0.054073
0.053914
0.053840
0.053768
0.053631
0.053513
0.053328
0.053226
0.053118
0.053041
0.052948
0.052841
0.052710
0.052559
0.052437
0.052276
0.052119
0.052008
0.051933
0.051760
0.051632
0.051461
0.051288
0.051220
0.051030
0.050899
0.050735
0.050625
0.050443
0.050241
0.050107
0.049899
0.049735
0.049458
0.049240
0.049043
0.048796
0.048635
0.048459
0.048273
0.048100
0.047857
0.047666
0.047490
0.047275
0.047070
0.046822
0.046654
0.046489
0.046277
0.046099
0.045785
0.045701
0.045486
0.045243
0.045019
0.044758
0.044491
0.044275
0.044050
0.043817
0.043560
0.043360
0.043181
0.042956
0.042725
0.042523
0.042290
0.042078
0.041810
0.041515
0.041269
0.041004
0.040763
0.040460
0.040182
0.039902
0.039638
0.039395
0.039063
0.038872
0.038546
0.038309
0.038079
0.037776
0.037573
0.037324
0.037087
0.036786
0.036527
0.036276
0.035994
0.035784
0.035524
0.035299
0.035040
0.034754
0.034458
0.034193
0.033933
0.033668
0.033356
0.033125
0.032872
0.032607
0.032294
0.031964
0.031685
0.031385
0.031097
0.030807
0.030521
0.030249
0.029981
0.029688
0.029355
0.029052
0.028781
0.028517
0.028201
0.027926
0.027633
0.027320
0.027082
0.026753
0.026479
0.026162
0.025914
0.025625
0.025306
0.025056
0.024707
0.024460
0.024110
0.023810
0.023492
0.023200
0.022910
0.022565
0.022212
0.021907
0.021537
0.021230
0.020913
0.020618
0.020286
0.019954
0.019631
0.019318
0.018951
0.018633
0.018198
0.017973
0.017661
0.017337
0.017042
0.016697
0.016385
0.016073
0.015780
0.015477
0.015111
0.014819
0.014517
0.014182
0.013863
0.013585
0.013335
0.013023
0.012741
0.012444
0.012166
0.011909
0.011673
0.011401
0.011122
0.010849
0.010609
0.010388
0.010100
0.009914
0.009638
0.009439
0.009242
0.009014
0.008818
0.008595
0.008370
0.008164
0.007957
0.007811
0.007615
0.007442
0.007255
0.007067
0.006876
0.006667
0.006454
0.006220
0.006023
0.005817
0.005597
0.005458
0.005249
0.005111
0.004828
0.004596
0.004378
0.004184
0.003943
0.003706
0.003426
0.003220
0.002959
0.002703
0.002426
0.002174
0.001964
0.001754
0.001519
0.001327
0.001065
0.000846
0.000682
0.000437
0.000279
0.000096
-0.000069
-0.000235
-0.000409
-0.000546
-0.000764
-0.000901
-0.001128
-0.001313
-0.001542
-0.001698
-0.001889
-0.002080
-0.002311
-0.002496
-0.002715
-0.002921
-0.003121
-0.003273
-0.003475
-0.003652
-0.003818
-0.003970
-0.004138
-0.004255
-0.004519
-0.004593
-0.004722
-0.004858
-0.005015
-0.005163
-0.005294
-0.005457
-0.005599
-0.005750
-0.005992
-0.006158
-0.006367
-0.006551
-0.006714
-0.006862
-0.006995
-0.007139
-0.007288
-0.007481
-0.007654
-0.007805
-0.007923
-0.008073
-0.008250
-0.008414
-0.008558
-0.008676
-0.008926
-0.009039
-0.009235
-0.009404
-0.009543
-0.009667
-0.009810
-0.009950
-0.010133
-0.010285
-0.010421
-0.010599
-0.010751
-0.010882
-0.011038
-0.011179
-0.011290
-0.011449
-0.011631
-0.011833
-0.011993
-0.012150
-0.012295
-0.012452
-0.012624
-0.012710
-0.012942
-0.013144
-0.013311
-0.013388
-0.013517
-0.013652
-0.013800
-0.013900
-0.014045
-0.014181
-0.014353
-0.014524
-0.014637
-0.014767
-0.014891
-0.014964
-0.015119
-0.015221
-0.015316
-0.015493
-0.015578
-0.015728
-0.015854
-0.015964
-0.016076
-0.016123
-0.016298
-0.016337
-0.016467
-0.016531
-0.016636
-0.016712
-0.016765
-0.016829
-0.016957
-0.017049
-0.017152
-0.017301
-0.017419
-0.017498
-0.017612
-0.017700
-0.017798
-0.017893
-0.017954
-0.018048
-0.018264
-0.018281
-0.018384
-0.018461
-0.018589
-0.018709
-0.018828
-0.018990
-0.019133
-0.019265
-0.019441
-0.019521
-0.019649
-0.019742
-0.019828
-0.019940
-0.020068
-0.020196
-0.020345
-0.020532
-0.020682
-0.020830
-0.020917
-0.021067
-0.021242
-0.021398
-0.021537
-0.021654
-0.021874
-0.022015
-0.022189
-0.022341
-0.022498
-0.022638
-0.022791
-0.022922
-0.023108
-0.023269
-0.023447
-0.023624
-0.023791
-0.023945
-0.024093
-0.024242
-0.024379
-0.024523
-0.024704
-0.024891
-0.025011
-0.025119
-0.025243
-0.025369
-0.025501
-0.025555
-0.025769
-0.025948
-0.026081
-0.026183
-0.026307
-0.026440
-0.026584
-0.026652
-0.026776
-0.026900
-0.027066
-0.027208
-0.027310
-0.027432
-0.027555
-0.027655
-0.027800
-0.027892
-0.027966
-0.028134
-0.028243
-0.028407
-0.028577
-0.028684
-0.028808
-0.028869
-0.029039
-0.029110
-0.029274
-0.029399
-0.029529
-0.029683
-0.029794
-0.029935
-0.030101
-0.030218
-0.030388
-0.030564
-0.030734
-0.030873
-0.031059
-0.031198
-0.031376
-0.031535
-0.031676
-0.031838
-0.032101
-0.032144
-0.032335
-0.032508
-0.032740
-0.032934
-0.033103
-0.033326
-0.033543
-0.033756
-0.034030
-0.034247
-0.034478
-0.034678
-0.034904
-0.035119
-0.035375
-0.035597
-0.035819
-0.036110
-0.036357
-0.036607
-0.036828
-0.037062
-0.037337
-0.037630
-0.037875
-0.038134
-0.038469
-0.038696
-0.038986
-0.039265
-0.039514
-0.039725
-0.039964
-0.040186
-0.040422
-0.040683
-0.040883
-0.041087
-0.041340
-0.041512
-0.041729
-0.041972
-0.042178
-0.042407
-0.042707
-0.042984
-0.043208
-0.043462
-0.043694
-0.043914
-0.044193
-0.044373
-0.044689
-0.045023
-0.045252
-0.045434
-0.045657
-0.045925
-0.046149
-0.046357
-0.046591
-0.046816
-0.047095
-0.047334
-0.047546
-0.047806
-0.048052
-0.048298
-0.048603
-0.048867
-0.049058
-0.049331
-0.049525
-0.049763
-0.050001
-0.050257
-0.050485
-0.050686
-0.050963
-0.051127
-0.051379
-0.051570
-0.051801
-0.052027
-0.052210
-0.052393
-0.052624
-0.052796
-0.053001
-0.053260
-0.053462
-0.053698
-0.053927
-0.054109
-0.054338
-0.054580
-0.054780
-0.055009
-0.055326
-0.055429
-0.055622
-0.055810
-0.056056
-0.056280
-0.056427
-0.056674
-0.056885
-0.057058
-0.057287
-0.057459
-0.057634
-0.057827
-0.057977
-0.058146
-0.058327
-0.058537
-0.058694
-0.058897
-0.059055
-0.059249
-0.059335
-0.059487
-0.059645
-0.059799
-0.059923
-0.060031
-0.060210
-0.060326
-0.060497
-0.060710
-0.060841
-0.061001
-0.061177
-0.061306
-0.061454
-0.061607
-0.061720
-0.061885
-0.061994
-0.062063
-0.062208
-0.062340
-0.062408
-0.062529
-0.062715
-0.062887
-0.062992
-0.063137
-0.063249
-0.063375
-0.063497
-0.063585
-0.063749
-0.063952
-0.064029
-0.064118
-0.064244
-0.064414
-0.064564
-0.064687
-0.064854
-0.065017
-0.065197
-0.065377
-0.065492
-0.065690
-0.065833
-0.065994
-0.066241
-0.066414
-0.066540
-0.066780
-0.066923
-0.067108
-0.067248
-0.067444
-0.067626
-0.067778
-0.068026
-0.068167
-0.068396
-0.068580
-0.068807
-0.069009
-0.069191
-0.069365
-0.069568
-0.069728
-0.069936
-0.070176
-0.070379
-0.070605
-0.070819
-0.070977
-0.071226
-0.071431
-0.071626
-0.071826
-0.072124
-0.072290
-0.072495
-0.072709
-0.072906
-0.073156
-0.073292
-0.073485
-0.073666
-0.073860
-0.074087
-0.074279
-0.074445
-0.074653
-0.074809
-0.075004
-0.075156
-0.075388
-0.075558
-0.075738
-0.075885
-0.076042
-0.076133
-0.076286
-0.076430
-0.076586
-0.076703
-0.076820
-0.076996
-0.077114
-0.077270
-0.077412
-0.077479
-0.077589
-0.077710
-0.077795
-0.077920
-0.078044
-0.078143
-0.078263
-0.078350
-0.078419
-0.078558
-0.078696
-0.078766
-0.078900
-0.079088
-0.079182
-0.079270
-0.079347
-0.079491
-0.079581
-0.079671
-0.079777
-0.079888
-0.080085
-0.080203
-0.080247
-0.080368
-0.080499
-0.080617
-0.080681
-0.080840
-0.080968
-0.081088
-0.081222
-0.081288
-0.081415
-0.081549
-0.081617
-0.081756
-0.081872
-0.081943
-0.082076
-0.082146
-0.082292
-0.082333
-0.082409
-0.082510
-0.082499
-0.082614
-0.082645
-0.082724
-0.082781
-0.082915
-0.082948
-0.083064
-0.083105
-0.083171
-0.083261
-0.083396
-0.083502
-0.083632
-0.083782
-0.083857
-0.083935
-0.084036
-0.084106
-0.084220
-0.084319
-0.084572
-0.084564
-0.084675
-0.084814
-0.084920
-0.085054
-0.085151
-0.085235
-0.085374
-0.085485
-0.085611
-0.085708
-0.085819
-0.085902
-0.085988
-0.086147
-0.086207
-0.086376
-0.086436
-0.086566
-0.086711
-0.086809
-0.086868
-0.086971
-0.087073
-0.087164
-0.087213
-0.087292
-0.087415
-0.087493
-0.087571
-0.087662
-0.087709
-0.087807
-0.087938
-0.087974
-0.088087
-0.088206
-0.088280
-0.088432
-0.088533
-0.088610
-0.088706
-0.088821
-0.088846
-0.088935
-0.089094
-0.089152
-0.089213
-0.089266
-0.089385
-0.089451
-0.089467
-0.089552
-0.089544
-0.089672
-0.089730
-0.089722
-0.089785
-0.089854
-0.089914
-0.089901
-0.090007
-0.090015
-0.090043
-0.090092
-0.090067
-0.090187
-0.090200
-0.090169
-0.090249
-0.090258
-0.090302
-0.090342
-0.090394
-0.090479
-0.090476
-0.090553
-0.090583
-0.090611
-0.090683
-0.090727
-0.090763
-0.090762
-0.090912
-0.090901
-0.091009
-0.091001
-0.091008
-0.091087
-0.091141
-0.091213
-0.091249
-0.091339
-0.091348
-0.091389
-0.091503
-0.091506
-0.091580
-0.091582
-0.091736
-0.091682
-0.091702
-0.091793
-0.091818
-0.091918
-0.091944
-0.091911
-0.092007
-0.092024
-0.092069
-0.092102
-0.092157
-0.092147
-0.092130
-0.092218
-0.092187
-0.092263
-0.092269
-0.092272
-0.092322
-0.092358
-0.092394
-0.092416
-0.092480
-0.092529
-0.092526
-0.092570
-0.092592
-0.092628
-0.092682
-0.092783
-0.092775
-0.092864
-0.092976
-0.092977
-0.093099
-0.093156
-0.093183
-0.093267
-0.093309
-0.093303
-0.093334
-0.093400
-0.093367
-0.093373
-0.093474
-0.093465
-0.093488
-0.093484
-0.093577
-0.093619
-0.093645
-0.093687
-0.093729
-0.093871
-0.093934
-0.093941
-0.094044
-0.094092
-0.094171
-0.094162
-0.094220
-0.094223
-0.094232
-0.094254
-0.094214
-0.094238
-0.094284
-0.094251
-0.094293
-0.094337
-0.094351
-0.094381
-0.094381
-0.094440
-0.094426
-0.094426
-0.094445
-0.094437
-0.094512
-0.094452
-0.094449
-0.094451
-0.094472
-0.094422
-0.094492
-0.094447
-0.094421
-0.094389
-0.094467
-0.094466
-0.094470
-0.094493
-0.094455
-0.094473
-0.094458
-0.094454
-0.094435
-0.094417
-0.094556
-0.094457
-0.094471
-0.094489
-0.094533
-0.094564
-0.094598
-0.094584
-0.094638
-0.094674
-0.094688
-0.094773
-0.094788
-0.094848
-0.094872
-0.094995
-0.095008
-0.095137
-0.095243
-0.095349
-0.095441
-0.095564
-0.095655
-0.095767
-0.095852
-0.095967
-0.096088
-0.096161
-0.096241
-0.096347
-0.096469
-0.096579
-0.096645
-0.096825
-0.096917
-0.097008
-0.097156
-0.097274
-0.097393
-0.097538
-0.097732
-0.097833
-0.097976
-0.098164
-0.098250
-0.098419
-0.098565
-0.098708
-0.098809
-0.098861
-0.098985
-0.099115
-0.099187
-0.099288
-0.099398
-0.099522
-0.099657
-0.099716
-0.099844
-0.099932
-0.100016
-0.100109
-0.100219
-0.100293
-0.100389
-0.100486
-0.100531
-0.100587
-0.100710
-0.100711
-0.100756
-0.100821
-0.100880
-0.100979
-0.101013
-0.101068
-0.101130
-0.101177
-0.101262
-0.101341
-0.101439
-0.101464
-0.101543
-0.101627
-0.101689
-0.101679
-0.101796
-0.101812
-0.101853
-0.101869
-0.101944
-0.101975
-0.101990
-0.102056
-0.102050
-0.102119
-0.102155
-0.102243
-0.102355
-0.102427
-0.102580
-0.102614
-0.102687
-0.102758
-0.102831
-0.102849
-0.102930
-0.102943
-0.103039
-0.103077
-0.103138
-0.103238
-0.103285
-0.103323
-0.103328
-0.103441
-0.103454
-0.103523
-0.103595
-0.103715
-0.103755
-0.103810
-0.103856
-0.103916
-0.103986
-0.104052
-0.104149
-0.104202
-0.104328
-0.104429
-0.104536
-0.104590
-0.104640
-0.104756
-0.104815
-0.104854
-0.104967
-0.105067
-0.105112
-0.105199
-0.105291
-0.105359
-0.105431
-0.105550
-0.105617
-0.105717
-0.105828
-0.105930
-0.106004
-0.106044
-0.106103
-0.106206
-0.106251
-0.106304
-0.106392
-0.106483
-0.106545
-0.106553
-0.106636
-0.106658
-0.106703
-0.106708
-0.106760
-0.106754
-0.106807
-0.106892
-0.106860
-0.106896
-0.106928
-0.106905
-0.106899
-0.106930
-0.106982
-0.107027
-0.107031
-0.107038
-0.107066
-0.107069
-0.107086
-0.107064
-0.107082
-0.107039
-0.107024
-0.106977
-0.106939
-0.106883
-0.106890
-0.106805
-0.106776
-0.106765
-0.106813
-0.106837
-0.106824
-0.106882
-0.106861
-0.106889
-0.106857
-0.106901
-0.106919
-0.106932
-0.107051
-0.106961
-0.106946
-0.106911
-0.106893
-0.106785
-0.106724
-0.106605
-0.106591
-0.106523
-0.106509
-0.106484
-0.106429
-0.106408
-0.106290
-0.106307
-0.106240
-0.106208
-0.106141
-0.106112
-0.106083
-0.106021
-0.105917
-0.105884
-0.105815
-0.105734
-0.105652
-0.105547
-0.105476
-0.105435
-0.105386
-0.105288
-0.105187
-0.105118
-0.105088
-0.104954
-0.104919
-0.104889
-0.104829
-0.104810
-0.104690
-0.104645
-0.104597
-0.104588
-0.104442
-0.104403
-0.104419
-0.104424
-0.104351
-0.104306
-0.104291
-0.104301
-0.104265
-0.104209
-0.104233
-0.104284
-0.104269
-0.104156
-0.104192
-0.104161
-0.104164
-0.104075
-0.104073
-0.104026
-0.104011
-0.103986
-0.103846
-0.103837
-0.103784
-0.103706
-0.103604
-0.103571
-0.103546
-0.103492
-0.103344
-0.103261
-0.103156
-0.103060
-0.102990
-0.102849
-0.102771
-0.102681
-0.102638
-0.102515
-0.102450
-0.102352
-0.102355
-0.102218
-0.102180
-0.102126
-0.102105
-0.102106
-0.102007
-0.102027
-0.101964
-0.101975
-0.101925
-0.101920
-0.101911
-0.101904
-0.101903
-0.101888
-0.101874
-0.101872
-0.101856
-0.101825
-0.101843
-0.101785
-0.101837
-0.101819
-0.101845
-0.101853
-0.101806
-0.101850
-0.101761
-0.101857
-0.101839
-0.101911
-0.101929
-0.101996
-0.102023
-0.102032
-0.102016
-0.102047
-0.102041
-0.102048
-0.102044
-0.102020
-0.102028
-0.102066
-0.102099
-0.102100
-0.102060
-0.102065
-0.102085
-0.102006
-0.101983
-0.101969
-0.101908
-0.101900
-0.101801
-0.101770
-0.101681
-0.101701
-0.101592
-0.101570
-0.101633
-0.101625
-0.101592
-0.101566
-0.101497
-0.101523
-0.101469
-0.101449
-0.101446
-0.101494
-0.101471
-0.101397
-0.101425
-0.101370
-0.101351
-0.101327
-0.101354
-0.101352
-0.101376
-0.101390
-0.101360
-0.101404
-0.101383
-0.101353
-0.101338
-0.101347
-0.101346
-0.101384
-0.101348
-0.101353
-0.101346
-0.101314
-0.101344
-0.101319
-0.101288
-0.101281
-0.101331
-0.101299
-0.101331
-0.101302
-0.101387
-0.101344
-0.101399
-0.101402
-0.101463
-0.101534
-0.101549
-0.101650
-0.101663
-0.101702
-0.101721
-0.101760
-0.101815
-0.101874
-0.101891
-0.101963
-0.102021
-0.102074
-0.102096
-0.102146
-0.102191
-0.102198
-0.102252
-0.102343
-0.102450
-0.102580
-0.102597
-0.102766
-0.102792
-0.102935
-0.102990
-0.103124
-0.103197
-0.103358
-0.103410
-0.103542
-0.103618
-0.103752
-0.103764
-0.103869
-0.103983
-0.104056
-0.104149
-0.104271
-0.104396
-0.104498
-0.104579
-0.104679
-0.104840
-0.104938
-0.105064
-0.105215
-0.105340
-0.105494
-0.105540
-0.105694
-0.105774
-0.105927
-0.105979
-0.106075
-0.106262
-0.106350
-0.106413
-0.106480
-0.106508
-0.106636
-0.106660
-0.106739
-0.106808
-0.106932
-0.106970
-0.107030
-0.107182
-0.107241
-0.107325
-0.107428
-0.107566
-0.107645
-0.107756
-0.107889
-0.108016
-0.108182
-0.108306
-0.108452
-0.108605
-0.108803
-0.108998
-0.109166
-0.109333
-0.109482
-0.109628
-0.109778
-0.109976
-0.110152
-0.110278
-0.110473
-0.110659
-0.110837
-0.110984
-0.111151
-0.111420
-0.111548
-0.111752
-0.111873
-0.112114
-0.112274
-0.112459
-0.112690
-0.112823
-0.113023
-0.113181
-0.113425
-0.113617
-0.113835
-0.113973
-0.114188
-0.114401
-0.114584
-0.114785
-0.114926
-0.115138
-0.115259
-0.115474
-0.115701
-0.115879
-0.116126
-0.116172
-0.116382
-0.116441
-0.116666
-0.116823
-0.116975
-0.117169
-0.117353
-0.117523
-0.117719
-0.117893
-0.118109
-0.118212
-0.118454
-0.118567
-0.118763
-0.118892
-0.119121
-0.119323
-0.119497
-0.119603
-0.119757
-0.119939
-0.120049
-0.120185
-0.120362
-0.120440
-0.120598
-0.120639
-0.120792
-0.120876
-0.121061
-0.121130
-0.121231
-0.121436
-0.121545
-0.121673
-0.121786
-0.121955
-0.122111
-0.122189
-0.122351
-0.122478
-0.122695
-0.122826
-0.122937
-0.123122
-0.123232
-0.123345
-0.123504
-0.123695
-0.123838
-0.124062
-0.124230
-0.124402
-0.124621
-0.124754
-0.124914
-0.125024
-0.125273
-0.125454
-0.125587
-0.125759
-0.125871
-0.126060
-0.126131
-0.126334
-0.126501
-0.126621
-0.126827
-0.126976
-0.127156
-0.127288
-0.127419
-0.127638
-0.127699
-0.127920
-0.127980
-0.128170
-0.128290
-0.128512
-0.128628
-0.128727
-0.128844
-0.129012
-0.129181
-0.129250
-0.129402
-0.129541
-0.129655
-0.129792
-0.129864
-0.130004
-0.130107
-0.130245
-0.130349
-0.130467
-0.130692
-0.130757
-0.130960
-0.130964
-0.131160
-0.131155
-0.131281
-0.131384
-0.131440
-0.131508
-0.131577
-0.131605
-0.131709
-0.131775
-0.131888
-0.131844
-0.131946
-0.131971
-0.132068
-0.132135
-0.132254
-0.132385
-0.132468
-0.132583
-0.132657
-0.132788
-0.132803
-0.132914
-0.133044
-0.133095
-0.133180
-0.133205
-0.133337
-0.133416
-0.133552
-0.133660
-0.133692
-0.133901
-0.133963
-0.134050
-0.134098
-0.134154
-0.134282
-0.134345
-0.134418
-0.134461
-0.134604
-0.134682
-0.134769
-0.134882
-0.134985
-0.135050
-0.135197
-0.135292
-0.135404
-0.135566
-0.135660
-0.135767
-0.135905
-0.135967
-0.136094
-0.136115
-0.136321
-0.136440
-0.136511
-0.136607
-0.136645
-0.136813
-0.136808
-0.136924
-0.137003
-0.137057
-0.137140
-0.137206
-0.137273
-0.137302
-0.137330
-0.137403
-0.137393
-0.137511
-0.137460
-0.137469
-0.137504
-0.137559
-0.137528
-0.137516
-0.137451
-0.137483
-0.137481
-0.137394
-0.137410
-0.137417
-0.137442
-0.137457
-0.137404
-0.137414
-0.137402
-0.137410
-0.137426
-0.137386
-0.137434
-0.137376
-0.137404
-0.137336
-0.137382
-0.137321
-0.137268
-0.137263
-0.137224
-0.137195
-0.137192
-0.137092
-0.137118
-0.137054
-0.137032
-0.136937
-0.136886
-0.136896
-0.136870
-0.136839
-0.136799
-0.136816
-0.136786
-0.136790
-0.136747
-0.136760
-0.136712
-0.136734
-0.136767
-0.136814
-0.136787
-0.136781
-0.136815
-0.136832
-0.136830
-0.136847
-0.136775
-0.136881
-0.136855
-0.136877
-0.136847
-0.136825
-0.136911
-0.136879
-0.136883
-0.136856
-0.136927
-0.136917
-0.136942
-0.136942
-0.136990
-0.136962
-0.137035
-0.137026
-0.137096
-0.137169
-0.137173
-0.137235
-0.137297
-0.137305
-0.137360
-0.137334
-0.137473
-0.137500
-0.137558
-0.137618
-0.137620
-0.137729
-0.137691
-0.137757
-0.137786
-0.137796
-0.137862
-0.137957
-0.137949
-0.137990
-0.137991
-0.138029
-0.138041
-0.138121
-0.138110
-0.138119
-0.138220
-0.138319
-0.138343
-0.138419
-0.138443
-0.138555
-0.138609
-0.138648
-0.138727
-0.138791
-0.138892
-0.138948
-0.138959
-0.139007
-0.139078
-0.139127
-0.139208
-0.139236
-0.139339
-0.139406
-0.139486
-0.139499
-0.139607
-0.139624
-0.139619
-0.139684
-0.139747
-0.139723
-0.139810
-0.139803
-0.139890
-0.139893
-0.139939
-0.139915
-0.139896
-0.139963
-0.139982
-0.140020
-0.140000
-0.140081
-0.140087
-0.140164
-0.140181
-0.140232
-0.140221
-0.140249
-0.140285
-0.140367
-0.140327
-0.140354
-0.140384
-0.140444
-0.140436
-0.140484
-0.140434
-0.140594
-0.140599
-0.140689
-0.140675
-0.140715
-0.140850
-0.140857
-0.140930
-0.140953
-0.141134
-0.141182
-0.141267
-0.141301
-0.141414
-0.141464
-0.141601
-0.141620
-0.141753
-0.141871
-0.141891
-0.141981
-0.142090
-0.142155
-0.142245
-0.142288
-0.142455
-0.142523
-0.142604
-0.142711
-0.142783
-0.142917
-0.142962
-0.143061
-0.143130
-0.143228
-0.143330
-0.143461
-0.143479
-0.143571
-0.143635
-0.143675
-0.143742
-0.143864
-0.143887
-0.143898
-0.144002
-0.144058
-0.144092
-0.144147
-0.144157
-0.144264
-0.144316
-0.144346
-0.144395
-0.144384
-0.144490
-0.144524
-0.144538
-0.144575
-0.144652
-0.144675
-0.144750
-0.144779
-0.144866
-0.144926
-0.144988
-0.145019
-0.145102
-0.145114
-0.145134
-0.145203
-0.145262
-0.145247
-0.145346
-0.145398
-0.145502
-0.145529
-0.145595
-0.145615
-0.145628
-0.145660
-0.145727
-0.145771
-0.145783
-0.145859
-0.145869
-0.145906
-0.145879
-0.145946
-0.145934
-0.145908
-0.145928
-0.145956
-0.145913
-0.145926
-0.145930
-0.145941
-0.145920
-0.145916
-0.145861
-0.145954
-0.145907
-0.145936
-0.145883
-0.145882
-0.145934
-0.145869
-0.145875
-0.145806
-0.145906
-0.145851
-0.145859
-0.145827
-0.145847
-0.145817
-0.145847
-0.145780
-0.145815
-0.145843
-0.145792
-0.145758
-0.145779
-0.145716
-0.145718
-0.145673
-0.145700
-0.145651
-0.145639
-0.145629
-0.145578
-0.145546
-0.145477
-0.145495
-0.145462
-0.145431
-0.145430
-0.145481
-0.145416
-0.145438
-0.145488
-0.145467
-0.145506
-0.145538
-0.145569
-0.145545
-0.145613
-0.145638
-0.145630
-0.145674
-0.145658
-0.145736
-0.145775
-0.145740
-0.145776
-0.145758
-0.145825
-0.145851
-0.145836
-0.145859
-0.145894
-0.145860
-0.145909
-0.145889
-0.145921
-0.145994
-0.145987
-0.146039
-0.146112
-0.146213
-0.146226
-0.146327
-0.146398
-0.146401
-0.146571
-0.146637
-0.146755
-0.146838
-0.147025
-0.147056
-0.147146
-0.147214
-0.147354
-0.147433
-0.147469
-0.147526
-0.147625
-0.147773
-0.147822
-0.147935
-0.148011
-0.148069
-0.148237
-0.148379
-0.148428
-0.148550
-0.148705
-0.148812
-0.148883
-0.149008
-0.149053
-0.149280
-0.149347
-0.149454
-0.149539
-0.149646
-0.149836
-0.149889
-0.150035
-0.150101
-0.150334
-0.150393
-0.150539
-0.150599
-0.150702
-0.150759
-0.150898
-0.150875
-0.151002
-0.151102
-0.151118
-0.151161
-0.151265
-0.151253
-0.151393
-0.151416
-0.151519
-0.151534
-0.151637
-0.151738
-0.151791
-0.151866
-0.151888
-0.152031
-0.152076
-0.152101
-0.152208
-0.152344
-0.152322
-0.152398
-0.152510
-0.152519
-0.152678
-0.152764
-0.152883
-0.152867
-0.153043
-0.153124
-0.153186
-0.153273
-0.153378
-0.153490
-0.153578
-0.153539
-0.153622
-0.153589
-0.153692
-0.153734
-0.153722
-0.153760
-0.153809
-0.153845
-0.153892
-0.153863
-0.153895
-0.153942
-0.153913
-0.153912
-0.153947
-0.153983
-0.153904
-0.153940
-0.154006
-0.153890
-0.154011
-0.153981
-0.154030
-0.154003
-0.154113
-0.154080
-0.154136
-0.154171
-0.154260
-0.154302
-0.154335
-0.154320
-0.154339
-0.154421
-0.154413
-0.154472
-0.154478
-0.154460
-0.154547
-0.154595
-0.154558
-0.154551
-0.154611
-0.154589
-0.154598
-0.154606
-0.154535
-0.154639
-0.154630
-0.154566
-0.154497
-0.154441
-0.154540
-0.154440
-0.154400
-0.154354
-0.154414
-0.154330
-0.154293
-0.154213
-0.154217
-0.154164
-0.154146
-0.154033
-0.154095
-0.154104
-0.154039
-0.153993
-0.154049
-0.153940
-0.153986
-0.153881
-0.153889
-0.153848
-0.153837
-0.153795
-0.153742
-0.153763
-0.153715
-0.153744
-0.153726
-0.153695
-0.153716
-0.153824
-0.153749
-0.153799
-0.153871
-0.153836
-0.153906
-0.153956
-0.153983
-0.153918
-0.153996
-0.153950
-0.153940
-0.153976
-0.153977
-0.154031
-0.154077
-0.153993
-0.153999
-0.153931
-0.153961
-0.153935
-0.153845
-0.153828
-0.153878
-0.153837
-0.153878
-0.153817
-0.153788
-0.153802
-0.153773
-0.153731
-0.153814
-0.153818
-0.153781
-0.153856
-0.153946
-0.153837
-0.153971
-0.153963
-0.153990
-0.153922
-0.153999
-0.153926
-0.153938
-0.153984
-0.153946
-0.153942
-0.153978
-0.153943
-0.153878
-0.153954
-0.153930
-0.153999
-0.154013
-0.154005
-0.154093
-0.154245
-0.154270
-0.154245
-0.154368
-0.154429
-0.154470
-0.154480
-0.154512
-0.154648
-0.154737
-0.154686
-0.154779
-0.154813
-0.154961
-0.155011
-0.154981
-0.155057
-0.155230
-0.155302
-0.155369
-0.155434
-0.155538
-0.155617
-0.155662
-0.155691
-0.155925
-0.156021
-0.156059
-0.156133
-0.156315
-0.156352
-0.156549
-0.156527
-0.156674
-0.156792
-0.156948
-0.156969
-0.157158
-0.157375
-0.157510
-0.157734
-0.157788
-0.157939
-0.158158
-0.158408
-0.158464
-0.158691
-0.158910
-0.159081
-0.159233
-0.159472
-0.159700
-0.159821
-0.160047
-0.160161
-0.160337
-0.160567
-0.160769
-0.160879
-0.161131
-0.161311
-0.161531
-0.161615
-0.161810
-0.161999
-0.162154
-0.162336
-0.162386
-0.162569
-0.162808
-0.162957
-0.163058
-0.163244
-0.163383
-0.163581
-0.163793
-0.163876
-0.164014
-0.164212
-0.164413
-0.164443
-0.164697
-0.164882
-0.165093
-0.165156
-0.165399
-0.165562
-0.165790
-0.166029
-0.166099
-0.166248
-0.166464
-0.166664
-0.166724
-0.166992
-0.167193
-0.167405
-0.167544
-0.167691
-0.167884
-0.168165
-0.168315
-0.168377
-0.168603
-0.168802
-0.168986
-0.169106
-0.169267
-0.169491
-0.169685
-0.169713
-0.169928
-0.170138
-0.170407
-0.170650
-0.170759
-0.171008
-0.171287
-0.171512
-0.171685
-0.171942
-0.172238
-0.172461
-0.172707
-0.172947
-0.173324
-0.173612
-0.173883
-0.174129
-0.174403
-0.174669
-0.175064
-0.175271
-0.175576
-0.175876
-0.176169
-0.176341
-0.176678
-0.176986
-0.177262
-0.177618
-0.177791
-0.178102
-0.178494
-0.178846
-0.179088
-0.179375
-0.179708
-0.179981
-0.180210
-0.180485
-0.180801
-0.181058
-0.181342
-0.181507
-0.181810
-0.182086
-0.182396
-0.182521
-0.182802
-0.183063
-0.183347
-0.183472
-0.183721
-0.184000
-0.184277
-0.184556
-0.184696
-0.184981
-0.185255
-0.185503
-0.185683
-0.185924
-0.186145
-0.186414
-0.186693
-0.186848
-0.187086
-0.187350
-0.187600
-0.187751
-0.188030
-0.188237
-0.188494
-0.188589
-0.188862
-0.189011
-0.189216
-0.189476
-0.189604
-0.189771
-0.189990
-0.190134
-0.190248
-0.190500
-0.190694
-0.190892
-0.191093
-0.191265
-0.191484
-0.191781
-0.191942
-0.192075
-0.192267
-0.192433
-0.192636
-0.192770
-0.192945
-0.193174
-0.193382
-0.193464
-0.193694
-0.193866
-0.194137
-0.194357
-0.194459
-0.194675
-0.194929
-0.195138
-0.195289
-0.195493
-0.195671
-0.195857
-0.196020
-0.196235
-0.196539
-0.196757
-0.196931
-0.197086
-0.197280
-0.197431
-0.197679
-0.197765
-0.197886
-0.198065
-0.198243
-0.198291
-0.198475
-0.198690
-0.198826
-0.199086
-0.199157
-0.199337
-0.199556
-0.199773
-0.199866
-0.200037
-0.200240
-0.200403
-0.200548
-0.200751
-0.200967
-0.201185
-0.201376
-0.201518
-0.201709
-0.201923
-0.202105
-0.202256
-0.202451
-0.202633
-0.202822
-0.202901
-0.203085
-0.203264
-0.203409
-0.203564
-0.203683
-0.203827
-0.203993
-0.204119
-0.204174
-0.204272
-0.204371
-0.204453
-0.204598
-0.204649
-0.204700
-0.204826
-0.204917
-0.204937
-0.205078
-0.205191
-0.205266
-0.205295
-0.205427
-0.205428
-0.205488
-0.205608
-0.205647
-0.205727
-0.205792
-0.205843
-0.205874
-0.206024
-0.206076
-0.206142
-0.206243
-0.206256
-0.206367
-0.206531
-0.206553
-0.206631
-0.206685
-0.206693
-0.206773
-0.206828
-0.206849
-0.206950
-0.207043
-0.207045
-0.207147
-0.207125
-0.207264
-0.207355
-0.207354
-0.207458
-0.207599
-0.207641
-0.207730
-0.207873
-0.207938
-0.208033
-0.208146
-0.208197
-0.208374
-0.208503
-0.208578
-0.208705
-0.208796
-0.208880
-0.209093
-0.209189
-0.209287
-0.209423
-0.209568
-0.209626
-0.209749
-0.209961
-0.210028
-0.210196
-0.210265
-0.210324
-0.210421
-0.210573
-0.210636
-0.210692
-0.210781
-0.210817
-0.210839
-0.210968
-0.211021
-0.211094
-0.211114
-0.211126
-0.211176
-0.211274
-0.211325
-0.211354
-0.211403
-0.211417
-0.211448
-0.211388
-0.211440
-0.211484
-0.211513
-0.211569
-0.211613
-0.211627
-0.211672
-0.211678
-0.211678
-0.211735
-0.211725
-0.211700
-0.211797
-0.211744
-0.211716
-0.211730
-0.211719
-0.211676
-0.211752
-0.211743
-0.211679
-0.211640
-0.211679
-0.211608
-0.211626
-0.211658
-0.211540
-0.211536
-0.211489
-0.211443
-0.211391
-0.211425
-0.211370
-0.211340
-0.211337
-0.211228
-0.211256
-0.211300
-0.211184
-0.211156
-0.211075
-0.210977
-0.210952
-0.210905
-0.210753
-0.210736
-0.210637
-0.210499
-0.210449
-0.210318
-0.210306
-0.210251
-0.210116
-0.210011
-0.210019
-0.209831
-0.209757
-0.209640
-0.209491
-0.209345
-0.209241
-0.209032
-0.208984
-0.208902
-0.208720
-0.208602
-0.208461
-0.208300
-0.208255
-0.208118
-0.207954
-0.207807
-0.207662
-0.207478
-0.207353
-0.207316
-0.207126
-0.207054
-0.206907
-0.206805
-0.206737
-0.206763
-0.206653
-0.206553
-0.206488
-0.206400
-0.206272
-0.206288
-0.206165
-0.206057
-0.205923
-0.205811
-0.205672
-0.205600
-0.205495
-0.205382
-0.205289
-0.205204
-0.205109
-0.205005
-0.205002
-0.204931
-0.204870
-0.204831
-0.204777
-0.204713
-0.204726
-0.204672
-0.204631
-0.204631
-0.204575
-0.204540
-0.204589
-0.204532
-0.204483
-0.204445
-0.204398
-0.204325
-0.204353
-0.204329
-0.204289
-0.204250
-0.204261
-0.204199
-0.204206
-0.204246
-0.204224
-0.204178
-0.204138
-0.204112
-0.204062
-0.204122
-0.204104
-0.204112
-0.204142
-0.204107
-0.204148
-0.204239
-0.204195
-0.204241
-0.204237
-0.204268
-0.204294
-0.204346
-0.204323
-0.204407
-0.204409
-0.204427
-0.204419
-0.204428
-0.204497
-0.204499
-0.204507
-0.204527
-0.204591
-0.204536
-0.204578
-0.204603
-0.204596
-0.204581
-0.204583
-0.204537
-0.204596
-0.204619
-0.204581
-0.204588
-0.204576
-0.204575
-0.204613
-0.204619
-0.204576
-0.204559
-0.204529
-0.204568
-0.204551
-0.204627
-0.204605
-0.204634
-0.204614
-0.204628
-0.204629
-0.204723
-0.204672
-0.204678
-0.204681
-0.204688
-0.204676
-0.204723
-0.204694
-0.204682
-0.204678
-0.204667
-0.204591
-0.204608
-0.204542
-0.204519
-0.204512
-0.204486
-0.204447
-0.204401
-0.204398
-0.204364
-0.204291
-0.204267
-0.204228
-0.204190
-0.204196
-0.204125
-0.204101
-0.204098
-0.204050
-0.204009
-0.204009
-0.204001
-0.203994
-0.203996
-0.204010
-0.203971
-0.204022
-0.204035
-0.204071
-0.204054
-0.204070
-0.204024
-0.204023
-0.204031
-0.204007
-0.203955
-0.203905
-0.203879
-0.203834
-0.203825
-0.203842
-0.203812
-0.203802
-0.203769
-0.203790
-0.203844
-0.203803
-0.203835
-0.203833
-0.203849
-0.203818
-0.203823
-0.203769
-0.203843
-0.203834
-0.203822
-0.203811
-0.203853
-0.203887
-0.203898
-0.203887
-0.203912
-0.203980
-0.203990
-0.203995
-0.204018
-0.204049
-0.204035
-0.204124
-0.204136
-0.204245
-0.204322
-0.204277
-0.204333
-0.204344
-0.204385
-0.204486
-0.204470
-0.204516
-0.204513
-0.204497
-0.204556
-0.204522
-0.204606
-0.204549
-0.204593
-0.204591
-0.204640
-0.204691
-0.204795
-0.204751
-0.204818
-0.204840
-0.204876
-0.204889
-0.204930
-0.204919
-0.204852
-0.204891
-0.204889
-0.204875
-0.204935
-0.204861
-0.204894
-0.204929
-0.204898
-0.204892
-0.204898
-0.204889
-0.204917
-0.204870
-0.204936
-0.204936
-0.204913
-0.204951
-0.204961
-0.204935
-0.204989
-0.204960
-0.204975
-0.204992
-0.205021
-0.205000
-0.205029
-0.205027
-0.204974
-0.205060
-0.205077
-0.205101
-0.205058
-0.205043
-0.204936
-0.204949
-0.204909
-0.204855
-0.204799
-0.204715
-0.204667
-0.204603
-0.204592
-0.204514
-0.204423
-0.204304
-0.204182
-0.204112
-0.204111
-0.203934
-0.203873
-0.203744
-0.203645
-0.203516
-0.203383
-0.203222
-0.203174
-0.203041
-0.202850
-0.202721
-0.202562
-0.202473
-0.202364
-0.202130
-0.201975
-0.201882
-0.201762
-0.201618
-0.201519
-0.201361
-0.201208
-0.201118
-0.200901
-0.200840
-0.200779
-0.200565
-0.200450
-0.200333
-0.200240
-0.200163
-0.200018
-0.199886
-0.199769
-0.199702
-0.199608
-0.199490
-0.199491
-0.199289
-0.199205
-0.199077
-0.199023
-0.198908
-0.198928
-0.198746
-0.198671
-0.198582
-0.198467
-0.198374
-0.198350
-0.198199
-0.198060
-0.198037
-0.197928
-0.197819
-0.197784
-0.197626
-0.197561
-0.197537
-0.197423
-0.197347
-0.197304
-0.197129
-0.197067
-0.196953
-0.196957
-0.196859
-0.196746
-0.196725
-0.196601
-0.196478
-0.196403
-0.196276
-0.196149
-0.196064
-0.195976
-0.195808
-0.195727
-0.195603
-0.195408
-0.195390
-0.195262
-0.195181
-0.195065
-0.194972
-0.194780
-0.194754
-0.194669
-0.194602
-0.194532
-0.194431
-0.194310
-0.194201
-0.194148
-0.194073
-0.194026
-0.193921
-0.193803
-0.193784
-0.193779
-0.193636
-0.193639
-0.193539
-0.193455
-0.193371
-0.193293
-0.193176
-0.193170
-0.193089
-0.192912
-0.192853
-0.192746
-0.192700
-0.192652
-0.192495
-0.192425
-0.192329
-0.192236
-0.192119
-0.192011
-0.191908
-0.191808
-0.191829
-0.191714
-0.191679
-0.191657
-0.191475
-0.191414
-0.191337
-0.191242
-0.191182
-0.191060
-0.190967
-0.190868
-0.190789
-0.190728
-0.190601
-0.190586
-0.190438
-0.190381
-0.190319
-0.190244
-0.190199
-0.190253
-0.190123
-0.190077
-0.190061
-0.190034
-0.190020
-0.190030
-0.189973
-0.189918
-0.189968
-0.189948
-0.189903
-0.189912
-0.189816
-0.189842
-0.189910
-0.189903
-0.189952
-0.190018
-0.190033
-0.190112
-0.190113
-0.190199
-0.190191
-0.190224
-0.190296
-0.190298
-0.190338
-0.190381
-0.190417
-0.190452
-0.190489
-0.190548
-0.190509
-0.190607
-0.190602
-0.190559
-0.190648
-0.190648
-0.190683
-0.190708
-0.190726
-0.190704
-0.190717
-0.190732
-0.190755
-0.190759
-0.190767
-0.190719
-0.190744
-0.190798
-0.190780
-0.190773
-0.190716
-0.190690
-0.190719
-0.190740
-0.190679
-0.190702
-0.190682
-0.190643
-0.190634
-0.190616
-0.190554
-0.190579
-0.190585
-0.190504
-0.190475
-0.190359
-0.190356
-0.190342
-0.190244
-0.190208
-0.190094
-0.190068
-0.189980
-0.189900
-0.189798
-0.189677
-0.189667
-0.189549
-0.189507
-0.189488
-0.189330
-0.189289
-0.189202
-0.189113
-0.189050
-0.188922
-0.188848
-0.188753
-0.188653
-0.188591
-0.188470
-0.188412
-0.188302
-0.188218
-0.188102
-0.187965
-0.187872
-0.187829
-0.187650
-0.187515
-0.187378
-0.187242
-0.187115
-0.186939
-0.186775
-0.186565
-0.186443
-0.186251
-0.186040
-0.185870
-0.185657
-0.185501
-0.185369
-0.185176
-0.185037
-0.184867
-0.184733
-0.184632
-0.184468
-0.184365
-0.184168
-0.184040
-0.183885
-0.183719
-0.183529
-0.183355
-0.183192
-0.183030
-0.182837
-0.182682
-0.182443
-0.182299
-0.182081
-0.181805
-0.181656
-0.181417
-0.181248
-0.181032
-0.180825
-0.180624
-0.180415
-0.180247
-0.180068
-0.179889
-0.179716
-0.179501
-0.179352
-0.179195
-0.179013
-0.178858
-0.178684
-0.178501
-0.178403
-0.178269
-0.178087
-0.177930
-0.177826
-0.177671
-0.177538
-0.177409
-0.177259
-0.177151
-0.177044
-0.176871
-0.176733
-0.176521
-0.176456
-0.176322
-0.176131
-0.175996
-0.175800
-0.175704
-0.175562
-0.175410
-0.175222
-0.175037
-0.174944
-0.174746
-0.174612
-0.174517
-0.174243
-0.174072
-0.173898
-0.173692
-0.173526
-0.173307
-0.173064
-0.172856
-0.172645
-0.172462
-0.172237
-0.172106
-0.171889
-0.171733
-0.171561
-0.171420
-0.171268
-0.171213
-0.170995
-0.170810
-0.170667
-0.170520
-0.170387
-0.170208
-0.170021
-0.169819
-0.169708
-0.169539
-0.169400
-0.169257
-0.169089
-0.168949
-0.168819
-0.168638
-0.168489
-0.168223
-0.168101
-0.167958
-0.167764
-0.167591
-0.167370
-0.167194
-0.167008
-0.166816
-0.166611
-0.166436
-0.166248
-0.166050
-0.165853
-0.165701
-0.165471
-0.165305
-0.165099
-0.164841
-0.164730
-0.164487
-0.164326
-0.164076
-0.163873
-0.163597
-0.163436
-0.163263
-0.163073
-0.162918
-0.162714
-0.162482
-0.162326
-0.162230
-0.162073
-0.161915
-0.161757
-0.161534
-0.161437
-0.161327
-0.161066
-0.160888
-0.160726
-0.160502
-0.160300
-0.160092
-0.159915
-0.159727
-0.159530
-0.159245
-0.159058
-0.158791
-0.158621
-0.158404
-0.158134
-0.157900
-0.157664
-0.157448
-0.157205
-0.156971
-0.156705
-0.156451
-0.156280
-0.155978
-0.155807
-0.155632
-0.155336
-0.155131
-0.154917
-0.154704
-0.154557
-0.154299
-0.154067
-0.153858
-0.153677
-0.153487
-0.153315
-0.153150
-0.152896
-0.152749
-0.152546
-0.152360
-0.152164
-0.152065
-0.151813
-0.151608
-0.151443
-0.151257
-0.151095
-0.150907
-0.150731
-0.150526
-0.150367
-0.150167
-0.149960
-0.149766
-0.149575
-0.149373
-0.149220
-0.149039
-0.148872
-0.148597
-0.148485
-0.148329
-0.148119
-0.147929
-0.147678
-0.147463
-0.147216
-0.146999
-0.146764
-0.146591
-0.146381
-0.146174
-0.145988
-0.145806
-0.145582
-0.145430
-0.145222
-0.144943
-0.144839
-0.144607
-0.144444
-0.144253
-0.144053
-0.143753
-0.143544
-0.143363
-0.143149
-0.142964
-0.142787
-0.142506
-0.142259
-0.142104
-0.141878
-0.141691
-0.141510
-0.141279
-0.141184
-0.141106
-0.140882
-0.140743
-0.140652
-0.140505
-0.140392
-0.140286
-0.140186
-0.140101
-0.140047
-0.139894
-0.139806
-0.139693
-0.139700
-0.139635
-0.139517
-0.139450
-0.139348
-0.139298
-0.139230
-0.139137
-0.138979
-0.138841
-0.138787
-0.138579
-0.138526
-0.138487
-0.138295
-0.138175
-0.138072
-0.137938
-0.137903
-0.137693
-0.137530
-0.137441
-0.137339
-0.137228
-0.137077
-0.137069
-0.136888
-0.136786
-0.136685
-0.136551
-0.136437
-0.136412
-0.136238
-0.136119
-0.136062
-0.135953
-0.135850
-0.135777
-0.135676
-0.135615
-0.135607
-0.135568
-0.135525
-0.135483
-0.135402
-0.135321
-0.135310
-0.135275
-0.135281
-0.135113
-0.135117
-0.135134
-0.135079
-0.135064
-0.134947
-0.134894
-0.134840
-0.134818
-0.134751
-0.134721
-0.134683
-0.134597
-0.134539
-0.134530
-0.134469
-0.134507
-0.134429
-0.134279
-0.134290
-0.134212
-0.134178
-0.134119
-0.134078
-0.133918
-0.133859
-0.133861
-0.133783
-0.133749
-0.133695
-0.133578
-0.133424
-0.133488
-0.133466
-0.133427
-0.133351
-0.133271
-0.133280
-0.133296
-0.133171
-0.133147
-0.133118
-0.133023
-0.132972
-0.132930
-0.132840
-0.132772
-0.132712
-0.132566
-0.132454
-0.132289
-0.132336
-0.132247
-0.132064
-0.131972
-0.131854
-0.131775
-0.131691
-0.131591
-0.131443
-0.131317
-0.131284
-0.131118
-0.131100
-0.131094
-0.130936
-0.130846
-0.130769
-0.130757
-0.130815
-0.130657
-0.130636
-0.130616
-0.130562
-0.130534
-0.130504
-0.130542
-0.130383
-0.130382
-0.130328
-0.130254
-0.130199
-0.130190
-0.130029
-0.129945
-0.129907
-0.129830
-0.129755
-0.129705
-0.129537
-0.129455
-0.129393
-0.129305
-0.129223
-0.129175
-0.129061
-0.129008
-0.129002
-0.128923
-0.128898
-0.128658
-0.128678
-0.128657
-0.128542
-0.128508
-0.128358
-0.128270
-0.128196
-0.128116
-0.128010
-0.127902
-0.127835
-0.127656
-0.127565
-0.127455
-0.127316
-0.127245
-0.127153
-0.126965
-0.126942
-0.126859
-0.126818
-0.126707
-0.126676
-0.126491
-0.126398
-0.126400
-0.126301
-0.126215
-0.126115
-0.126002
-0.125832
-0.125849
-0.125809
-0.125696
-0.125593
-0.125464
-0.125410
-0.125369
-0.125208
-0.125144
-0.125073
-0.124984
-0.124893
-0.124857
-0.124790
-0.124762
-0.124721
-0.124612
-0.124578
-0.124485
-0.124550
-0.124539
-0.124451
-0.124433
-0.124425
-0.124432
-0.124474
-0.124467
-0.124468
-0.124462
-0.124541
-0.124509
-0.124557
-0.124602
-0.124535
-0.124515
-0.124525
-0.124537
-0.124616
-0.124497
-0.124509
-0.124497
-0.124495
-0.124493
-0.124536
-0.124599
-0.124497
-0.124538
-0.124572
-0.124604
-0.124652
-0.124771
-0.124753
-0.124826
-0.124869
-0.124947
-0.124970
-0.125087
-0.125063
-0.125098
-0.125167
-0.125181
-0.125197
-0.125213
-0.125216
-0.125222
-0.125277
-0.125276
-0.125312
-0.125262
-0.125303
-0.125365
-0.125402
-0.125483
-0.125495
-0.125518
-0.125573
-0.125635
-0.125686
-0.125776
-0.125819
-0.125819
-0.125914
-0.125932
-0.125992
-0.126039
-0.126071
-0.126008
-0.126071
-0.126079
-0.126111
-0.126158
-0.126200
-0.126128
-0.126165
-0.126260
-0.126284
-0.126276
-0.126296
-0.126329
-0.126290
-0.126360
-0.126396
-0.126347
-0.126312
-0.126230
-0.126252
-0.126229
-0.126150
-0.126108
-0.126095
-0.126061
-0.126014
-0.126012
-0.125963
-0.125935
-0.125916
-0.125816
-0.125835
-0.125726
-0.125740
-0.125743
-0.125613
-0.125551
-0.125517
-0.125461
-0.125441
-0.125383
-0.125339
-0.125277
-0.125271
-0.125200
-0.125183
-0.125209
-0.125135
-0.125086
-0.125046
-0.125029
-0.125042
-0.124924
-0.124907
-0.124871
-0.124799
-0.124744
-0.124739
-0.124806
-0.124702
-0.124720
-0.124730
-0.124749
-0.124775
-0.124845
-0.124776
-0.124821
-0.124866
-0.124882
-0.124841
-0.124955
-0.124903
-0.124916
-0.124984
-0.125008
-0.125016
-0.125030
-0.125002
-0.125006
-0.125081
-0.125115
-0.125174
-0.125143
-0.125150
-0.125192
-0.125204
-0.125285
-0.125280
-0.125248
-0.125291
-0.125334
-0.125354
-0.125415
-0.125457
-0.125387
-0.125493
-0.125486
-0.125521
-0.125617
-0.125660
-0.125549
-0.125627
-0.125627
-0.125680
-0.125707
-0.125754
-0.125681
-0.125731
-0.125807
-0.125821
-0.125821
-0.125860
-0.125800
-0.125774
-0.125838
-0.125891
-0.125938
-0.125939
-0.125871
-0.125941
-0.125944
-0.125893
-0.125894
-0.125916
-0.125877
-0.125898
-0.125934
-0.125942
-0.125985
-0.125994
-0.125895
-0.125940
-0.125919
-0.125985
-0.126056
-0.125964
-0.125980
-0.126038
-0.126063
-0.126090
-0.126086
-0.126046
-0.126025
-0.126027
-0.125979
-0.125995
-0.126047
-0.125931
-0.125873
-0.125856
-0.125849
-0.125875
-0.125762
-0.125718
-0.125692
-0.125679
-0.125647
-0.125622
-0.125655
-0.125513
-0.125505
-0.125456
-0.125403
-0.125341
-0.125356
-0.125173
-0.125147
-0.125137
-0.125121
-0.125041
-0.125067
-0.124960
-0.124947
-0.124939
-0.124928
-0.124888
-0.124876
-0.124764
-0.124715
-0.124728
-0.124709
-0.124713
-0.124615
-0.124531
-0.124526
-0.124490
-0.124481
-0.124388
-0.124272
-0.124242
-0.124159
-0.124068
-0.124016
-0.123949
-0.123755
-0.123711
-0.123575
-0.123474
-0.123438
-0.123349
-0.123109
-0.123114
-0.123039
-0.123012
-0.122930
-0.122930
-0.122778
-0.122758
-0.122782
-0.122706
-0.122698
-0.122668
-0.122598
-0.122527
-0.122551
-0.122575
-0.122565
-0.122503
-0.122389
-0.122416
-0.122403
-0.122373
-0.122330
-0.122291
-0.122199
-0.122142
-0.122090
-0.122035
-0.122031
-0.121989
-0.121844
-0.121853
-0.121793
-0.121802
-0.121823
-0.121717
-0.121674
-0.121687
-0.121687
-0.121671
-0.121660
-0.121578
-0.121559
-0.121524
-0.121498
-0.121503
-0.121535
-0.121418
-0.121361
-0.121345
-0.121367
-0.121432
-0.121400
-0.121339
-0.121377
-0.121380
-0.121342
-0.121320
-0.121399
-0.121310
-0.121370
-0.121392
-0.121398
-0.121396
-0.121504
-0.121401
-0.121402
-0.121445
-0.121483
-0.121411
-0.121471
-0.121407
-0.121425
-0.121447
-0.121431
-0.121457
-0.121452
-0.121366
-0.121379
-0.121384
-0.121428
-0.121480
-0.121520
-0.121360
-0.121396
-0.121393
-0.121367
-0.121329
-0.121223
-0.121155
-0.121124
-0.121042
-0.120995
-0.120916
-0.120781
-0.120750
-0.120626
-0.120567
-0.120523
-0.120447
-0.120242
-0.120247
-0.120185
-0.120136
-0.120082
-0.120020
-0.119885
-0.119849
-0.119846
-0.119801
-0.119749
-0.119720
-0.119607
-0.119492
-0.119502
-0.119485
-0.119418
-0.119325
-0.119195
-0.119157
-0.119127
-0.119046
-0.118967
-0.118888
-0.118763
-0.118642
-0.118586
-0.118485
-0.118383
-0.118292
-0.118113
-0.118026
-0.117941
-0.117873
-0.117808
-0.117634
-0.117553
-0.117458
-0.117369
-0.117283
-0.117156
-0.117017
-0.116974
-0.116904
-0.116857
-0.116818
-0.116799
-0.116675
-0.116594
-0.116543
-0.116558
-0.116585
-0.116511
-0.116435
-0.116484
-0.116495
-0.116480
-0.116503
-0.116593
-0.116547
-0.116613
-0.116646
-0.116710
-0.116729
-0.116851
-0.116793
-0.116842
-0.116903
-0.116939
-0.116910
-0.117014
-0.116960
-0.117042
-0.117046
-0.117109
-0.117147
-0.117144
-0.117159
-0.117160
-0.117156
-0.117244
-0.117319
-0.117401
-0.117303
-0.117403
-0.117474
-0.117510
-0.117536
-0.117584
-0.117587
-0.117666
-0.117736
-0.117800
-0.117857
-0.117913
-0.117978
-0.117997
-0.118084
-0.118202
-0.118292
-0.118268
-0.118394
-0.118526
-0.118594
-0.118645
-0.118790
-0.118854
-0.118922
-0.119111
-0.119144
-0.119277
-0.119420
-0.119478
-0.119459
-0.119577
-0.119727
-0.119834
-0.119877
-0.119958
-0.120023
-0.120167
-0.120273
-0.120318
-0.120408
-0.120414
-0.120478
-0.120525
-0.120623
-0.120711
-0.120727
-0.120769
-0.120772
-0.120850
-0.120949
-0.121005
-0.121032
-0.121037
-0.121138
-0.121311
-0.121352
-0.121470
-0.121493
-0.121666
-0.121654
-0.121794
-0.121951
-0.122030
-0.122065
-0.122059
-0.122157
-0.122341
-0.122419
-0.122438
-0.122378
-0.122564
-0.122651
-0.122652
-0.122793
-0.122869
-0.122900
-0.123081
-0.123084
-0.123257
-0.123306
-0.123484
-0.123409
-0.123577
-0.123657
-0.123737
-0.123771
-0.123822
-0.123822
-0.123941
-0.123929
-0.124049
-0.124063
-0.124090
-0.124116
-0.124135
-0.124155
-0.124198
-0.124253
-0.124370
-0.124190
-0.124292
-0.124307
-0.124346
-0.124323
-0.124343
-0.124344
-0.124355
-0.124402
-0.124445
-0.124500
-0.124538
-0.124567
-0.124564
-0.124613
-0.124708
-0.124844
-0.124754
-0.124874
-0.124928
-0.125022
-0.125002
-0.125125
-0.125155
-0.125162
-0.125271
-0.125226
-0.125282
-0.125370
-0.125361
-0.125295
-0.125358
-0.125471
-0.125578
-0.125503
-0.125537
-0.125496
-0.125572
-0.125644
-0.125639
-0.125717
-0.125720
-0.125771
-0.125800
-0.125890
-0.125937
-0.125862
-0.125844
-0.125773
-0.125884
-0.125901
-0.125865
-0.125832
-0.125788
-0.125813
-0.125847
-0.125800
-0.125816
-0.125746
-0.125803
-0.125696
-0.125745
-0.125778
-0.125758
-0.125738
-0.125656
-0.125705
-0.125732
-0.125742
-0.125683
-0.125620
-0.125660
-0.125639
-0.125626
-0.125663
-0.125672
-0.125646
-0.125725
-0.125674
-0.125739
-0.125782
-0.125814
-0.125694
-0.125834
-0.125826
-0.125906
-0.125880
-0.125958
-0.125975
-0.126059
-0.126046
-0.126116
-0.126183
-0.126173
-0.126170
-0.126254
-0.126297
-0.126402
-0.126481
-0.126647
-0.126534
-0.126622
-0.126695
-0.126720
-0.126728
-0.126712
-0.126664
-0.126729
-0.126758
-0.126781
-0.126776
-0.126765
-0.126805
-0.126752
-0.126800
-0.126814
-0.126920
-0.126809
-0.126836
-0.126888
-0.126884
-0.126864
-0.126890
-0.126836
-0.126827
-0.126877
-0.126850
-0.126835
-0.126846
-0.126828
-0.126696
-0.126754
-0.126739
-0.126799
-0.126677
-0.126649
-0.126590
-0.126612
-0.126558
-0.126464
-0.126411
-0.126363
-0.126299
-0.126284
-0.126239
-0.126216
-0.126129
-0.126010
-0.125898
-0.125922
-0.125838
-0.125737
-0.125559
-0.125424
-0.125350
-0.125269
-0.125146
-0.125034
-0.124903
-0.124842
-0.124702
-0.124614
-0.124535
-0.124447
-0.124280
-0.124071
-0.124020
-0.123917
-0.123811
-0.123586
-0.123438
-0.123324
-0.123175
-0.123036
-0.122950
-0.122879
-0.122643
-0.122549
-0.122359
-0.122290
-0.122152
-0.122109
-0.121836
-0.121853
-0.121733
-0.121650
-0.121461
-0.121475
-0.121341
-0.121307
-0.121200
-0.121192
-0.121088
-0.120999
-0.120899
-0.120865
-0.120804
-0.120766
-0.120735
-0.120850
-0.120617
-0.120597
-0.120532
-0.120505
-0.120422
-0.120324
-0.120194
-0.120153
-0.120121
-0.120118
-0.120076
-0.120023
-0.120043
-0.119962
-0.119967
-0.119959
-0.119935
-0.119745
-0.119747
-0.119725
-0.119663
-0.119612
-0.119569
-0.119477
-0.119436
-0.119417
-0.119370
-0.119344
-0.119325
-0.119320
-0.119255
-0.119326
-0.119331
-0.119419
-0.119346
-0.119380
-0.119439
-0.119488
-0.119540
-0.119533
-0.119576
-0.119539
-0.119538
-0.119569
-0.119572
-0.119599
-0.119543
-0.119440
-0.119386
-0.119333
-0.119311
-0.119251
-0.119110
-0.119020
-0.118953
-0.118897
-0.118800
-0.118705
-0.118542
-0.118529
-0.118390
-0.118346
-0.118288
-0.118264
-0.118155
-0.118006
-0.117974
-0.117904
-0.117841
-0.117697
-0.117572
-0.117478
-0.117382
-0.117276
-0.117196
-0.117159
-0.116969
-0.116905
-0.116764
-0.116679
-0.116533
-0.116485
-0.116253
-0.116196
-0.116112
-0.116033
-0.115893
-0.115863
-0.115702
-0.115593
-0.115494
-0.115458
-0.115350
-0.115225
-0.115096
-0.115005
-0.114899
-0.114779
-0.114691
-0.114624
-0.114424
-0.114328
-0.114209
-0.114084
-0.113944
-0.113833
-0.113705
-0.113658
-0.113561
-0.113501
-0.113419
-0.113343
-0.113294
-0.113209
-0.113153
-0.113087
-0.112996
-0.112795
-0.112767
-0.112724
-0.112655
-0.112555
-0.112489
-0.112352
-0.112267
-0.112201
-0.112112
-0.112057
-0.112035
-0.111954
-0.111842
-0.111817
-0.111754
-0.111708
-0.111591
-0.111577
-0.111489
-0.111462
-0.111429
-0.111334
-0.111334
-0.111235
-0.111170
-0.111104
-0.111053
-0.111011
-0.110929
-0.110818
-0.110747
-0.110642
-0.110563
-0.110481
-0.110361
-0.110262
-0.110219
-0.110195
-0.110134
-0.110090
-0.110021
-0.110078
-0.109981
-0.110004
-0.109976
-0.109935
-0.109895
-0.109756
-0.109702
-0.109629
-0.109576
-0.109478
-0.109358
-0.109383
-0.109300
-0.109279
-0.109246
-0.109237
-0.109175
-0.109155
-0.109139
-0.109137
-0.109096
-0.109115
-0.108990
-0.109008
-0.108979
-0.109015
-0.108966
-0.108977
-0.108978
-0.109013
-0.108991
-0.108991
-0.108985
-0.108955
-0.108906
-0.108857
-0.108826
-0.108804
-0.108756
-0.108689
-0.108566
-0.108517
-0.108452
-0.108422
-0.108306
-0.108229
-0.108171
-0.108146
-0.108087
-0.108058
-0.107992
-0.107900
-0.107792
-0.107687
-0.107661
-0.107618
-0.107567
-0.107380
-0.107357
-0.107315
-0.107245
-0.107155
-0.107092
-0.106975
-0.106886
-0.106774
-0.106715
-0.106606
-0.106569
-0.106436
-0.106311
-0.106243
-0.106173
-0.106111
-0.105963
-0.105912
-0.105791
-0.105695
-0.105636
-0.105442
-0.105400
-0.105219
-0.105142
-0.105029
-0.104989
-0.104933
-0.104855
-0.104779
-0.104678
-0.104593
-0.104548
-0.104423
-0.104286
-0.104135
-0.104022
-0.103957
-0.103809
-0.103699
-0.103505
-0.103475
-0.103234
-0.103158
-0.103060
-0.102914
-0.102829
-0.102635
-0.102483
-0.102357
-0.102216
-0.102023
-0.101754
-0.101638
-0.101440
-0.101296
-0.101120
-0.100951
-0.100759
-0.100632
-0.100466
-0.100332
-0.100157
-0.100005
-0.099713
-0.099538
-0.099315
-0.099182
-0.098947
-0.098745
-0.098580
-0.098459
-0.098256
-0.098083
-0.097954
-0.097717
-0.097509
-0.097308
-0.097097
-0.096975
-0.096825
-0.096654
-0.096420
-0.096253
-0.096103
-0.095891
-0.095675
-0.095477
-0.095236
-0.095115
-0.094940
-0.094775
-0.094587
-0.094405
-0.094185
-0.093963
-0.093855
-0.093634
-0.093478
-0.093222
-0.093030
-0.092888
-0.092712
-0.092554
-0.092399
-0.092213
-0.092010
-0.091834
-0.091739
-0.091524
-0.091455
-0.091306
-0.091153
-0.090970
-0.090880
-0.090789
-0.090597
-0.090526
-0.090345
-0.090213
-0.090148
-0.089925
-0.089852
-0.089667
-0.089576
-0.089420
-0.089338
-0.089172
-0.089057
-0.088914
-0.088774
-0.088613
-0.088511
-0.088344
-0.088179
-0.088022
-0.087847
-0.087742
-0.087573
-0.087455
-0.087270
-0.087193
-0.086969
-0.086880
-0.086738
-0.086544
-0.086456
-0.086245
-0.086096
-0.085988
-0.085815
-0.085677
-0.085504
-0.085447
-0.085275
-0.085233
-0.085089
-0.084977
-0.084860
-0.084734
-0.084597
-0.084466
-0.084402
-0.084239
-0.084093
-0.084004
-0.083848
-0.083796
-0.083623
-0.083472
-0.083401
-0.083328
-0.083206
-0.083159
-0.083176
-0.083041
-0.082959
-0.082854
-0.082782
-0.082763
-0.082765
-0.082766
-0.082641
-0.082637
-0.082668
-0.082640
-0.082573
-0.082526
-0.082434
-0.082497
-0.082448
-0.082379
-0.082296
-0.082271
-0.082175
-0.082091
-0.082159
-0.082105
-0.082065
-0.082023
-0.081950
-0.081986
-0.081901
-0.081930
-0.081899
-0.081876
-0.081876
-0.081862
-0.081960
-0.081864
-0.081959
-0.081975
-0.081947
-0.081979
-0.082046
-0.082040
-0.082098
-0.082225
-0.082255
-0.082347
-0.082442
-0.082513
-0.082615
-0.082628
-0.082755
-0.082841
-0.082915
-0.082920
-0.082987
-0.083064
-0.083094
-0.083158
-0.083262
-0.083336
-0.083434
-0.083561
-0.083613
-0.083722
-0.083837
-0.083983
-0.084079
-0.084253
-0.084321
-0.084462
-0.084596
-0.084683
-0.084879
-0.084983
-0.085063
-0.085211
-0.085353
-0.085427
-0.085535
-0.085728
-0.085690
-0.085892
-0.085949
-0.086068
-0.086205
-0.086284
-0.086475
-0.086574
-0.086762
-0.086832
-0.086982
-0.087139
-0.087201
-0.087420
-0.087477
-0.087558
-0.087712
-0.087824
-0.087905
-0.088041
-0.088242
-0.088323
-0.088446
-0.088591
-0.088693
-0.088915
-0.089049
-0.089286
-0.089368
-0.089497
-0.089694
-0.089749
-0.089877
-0.089982
-0.090074
-0.090258
-0.090406
-0.090529
-0.090631
-0.090770
-0.090867
-0.090918
-0.091111
-0.091133
-0.091243
-0.091320
-0.091369
-0.091521
-0.091587
-0.091735
-0.091809
-0.091925
-0.092004
-0.092050
-0.092214
-0.092186
-0.092320
-0.092398
-0.092427
-0.092451
-0.092547
-0.092618
-0.092622
-0.092729
-0.092704
-0.092760
-0.092802
-0.092803
-0.092872
-0.092925
-0.092993
-0.093022
-0.093093
-0.093116
-0.093220
-0.093284
-0.093327
-0.093430
-0.093532
-0.093533
-0.093598
-0.093675
-0.093687
-0.093737
-0.093774
-0.093849
-0.093872
-0.093921
-0.093917
-0.093942
-0.093994
-0.093904
-0.094021
-0.093994
-0.094046
-0.094079
-0.094046
-0.093992
-0.093955
-0.094004
-0.093889
-0.093975
-0.093966
-0.093977
-0.093981
-0.093977
-0.094006
-0.093978
-0.094053
-0.094011
-0.094027
-0.094048
-0.093987
-0.094077
-0.094021
-0.094003
-0.094036
-0.094055
-0.094076
-0.094085
-0.094175
-0.094104
-0.094090
-0.094071
-0.094003
-0.094022
-0.093993
-0.094057
-0.093957
-0.093904
-0.093916
-0.093820
-0.093784
-0.093762
-0.093678
-0.093716
-0.093683
-0.093679
-0.093657
-0.093664
-0.093609
-0.093547
-0.093614
-0.093554
-0.093589
-0.093601
-0.093571
-0.093657
-0.093656
-0.093722
-0.093747
-0.093781
-0.093791
-0.093808
-0.093928
-0.093908
-0.094038
-0.094116
-0.094153
-0.094204
-0.094296
-0.094357
-0.094391
-0.094513
-0.094518
-0.094603
-0.094652
-0.094679
-0.094793
-0.094832
-0.094923
-0.094996
-0.095058
-0.095107
-0.095163
-0.095228
-0.095249
-0.095290
-0.095402
-0.095433
-0.095482
-0.095560
-0.095608
-0.095657
-0.095707
-0.095769
-0.095798
-0.095883
-0.095909
-0.095941
-0.096049
-0.096079
-0.096209
-0.096274
-0.096361
-0.096489
-0.096575
-0.096685
-0.096746
-0.096908
-0.096933
-0.097128
-0.097251
-0.097350
-0.097488
-0.097573
-0.097709
-0.097798
-0.097946
-0.098024
-0.098190
-0.098295
-0.098375
-0.098565
-0.098652
-0.098741
-0.098877
-0.099020
-0.099117
-0.099249
-0.099455
-0.099481
-0.099592
-0.099676
-0.099744
-0.099922
-0.100067
-0.100197
-0.100309
-0.100429
-0.100602
-0.100661
-0.100782
-0.100903
-0.100939
-0.101116
-0.101262
-0.101327
-0.101455
-0.101582
-0.101659
-0.101718
-0.101893
-0.101906
-0.101991
-0.102092
-0.102139
-0.102245
-0.102282
-0.102342
-0.102339
-0.102403
-0.102433
-0.102481
-0.102562
-0.102511
-0.102589
-0.102549
-0.102554
-0.102538
-0.102587
-0.102555
-0.102568
-0.102605
-0.102544
-0.102594
-0.102558
-0.102504
-0.102532
-0.102478
-0.102463
-0.102457
-0.102484
-0.102423
-0.102502
-0.102521
-0.102502
-0.102476
-0.102575
-0.102498
-0.102501
-0.102518
-0.102433
-0.102400
-0.102366
-0.102299
-0.102223
-0.102222
-0.102156
-0.102059
-0.102091
-0.102000
-0.102032
-0.102009
-0.101961
-0.102003
-0.102030
-0.102013
-0.102005
-0.102039
-0.101969
-0.102003
-0.101998
-0.101987
-0.101995
-0.101932
-0.101935
-0.101914
-0.101927
-0.101896
-0.101900
-0.101868
-0.101815
-0.101866
-0.101843
-0.101814
-0.101822
-0.101810
-0.101771
-0.101784
-0.101825
-0.101761
-0.101766
-0.101718
-0.101650
-0.101638
-0.101637
-0.101636
-0.101614
-0.101631
-0.101676
-0.101635
-0.101643
-0.101645
-0.101573
-0.101598
-0.101638
-0.101613
-0.101635
-0.101652
-0.101648
-0.101631
-0.101699
-0.101637
-0.101642
-0.101670
-0.101676
-0.101676
-0.101701
-0.101710
-0.101667
-0.101686
-0.101606
-0.101606
-0.101656
-0.101593
-0.101635
-0.101615
-0.101610
-0.101597
-0.101632
-0.101617
-0.101632
-0.101661
-0.101643
-0.101709
-0.101706
-0.101700
-0.101800
-0.101804
-0.101847
-0.101885
-0.101968
-0.101949
-0.102009
-0.102029
-0.102010
-0.101983
-0.102053
-0.102007
-0.101981
-0.101956
-0.101878
-0.101845
-0.101795
-0.101766
-0.101695
-0.101709
-0.101633
-0.101562
-0.101580
-0.101487
-0.101482
-0.101401
-0.101369
-0.101349
-0.101294
-0.101229
-0.101152
-0.101145
-0.101036
-0.101032
-0.100964
-0.100926
-0.100936
-0.100891
-0.100863
-0.100866
-0.100840
-0.100765
-0.100768
-0.100713
-0.100587
-0.100602
-0.100530
-0.100434
-0.100444
-0.100412
-0.100314
-0.100302
-0.100274
-0.100113
-0.100098
-0.100020
-0.099884
-0.099891
-0.099834
-0.099812
-0.099655
-0.099559
-0.099550
-0.099378
-0.099323
-0.099300
-0.099123
-0.099048
-0.099029
-0.098938
-0.098839
-0.098830
-0.098687
-0.098571
-0.098604
-0.098440
-0.098366
-0.098327
-0.098235
-0.098144
-0.098111
-0.098029
-0.097939
-0.097933
-0.097794
-0.097723
-0.097727
-0.097621
-0.097593
-0.097520
-0.097441
-0.097373
-0.097349
-0.097336
-0.097253
-0.097250
-0.097204
-0.097219
-0.097245
-0.097210
-0.097255
-0.097245
-0.097241
-0.097239
-0.097282
-0.097189
-0.097190
-0.097182
-0.097074
-0.097004
-0.097049
-0.096978
-0.096979
-0.096969
-0.096887
-0.096903
-0.096901
-0.096841
-0.096823
-0.096872
-0.096780
-0.096810
-0.096805
-0.096760
-0.096797
-0.096723
-0.096716
-0.096729
-0.096709
-0.096625
-0.096648
-0.096647
-0.096561
-0.096647
-0.096634
-0.096652
-0.096696
-0.096686
-0.096686
-0.096743
-0.096760
-0.096761
-0.096799
-0.096884
-0.096790
-0.096896
-0.096927
-0.096867
-0.096921
-0.096889
-0.096871
-0.096937
-0.096902
-0.096837
-0.096835
-0.096808
-0.096693
-0.096674
-0.096629
-0.096604
-0.096500
-0.096445
-0.096418
-0.096281
-0.096226
-0.096176
-0.096079
-0.095994
-0.095980
-0.095850
-0.095779
-0.095752
-0.095596
-0.095523
-0.095512
-0.095310
-0.095269
-0.095189
-0.095083
-0.094994
-0.094994
-0.094854
-0.094771
-0.094720
-0.094581
-0.094529
-0.094567
-0.094408
-0.094308
-0.094257
-0.094128
-0.094068
-0.094060
-0.093980
-0.093937
-0.093932
-0.093843
-0.093806
-0.093816
-0.093687
-0.093738
-0.093706
-0.093649
-0.093651
-0.093671
-0.093570
-0.093574
-0.093551
-0.093451
-0.093420
-0.093455
-0.093346
-0.093288
-0.093240
-0.093117
-0.093116
-0.093058
-0.092938
-0.092856
-0.092883
-0.092790
-0.092788
-0.092781
-0.092746
-0.092746
-0.092728
-0.092679
-0.092690
-0.092645
-0.092510
-0.092515
-0.092494
-0.092395
-0.092421
-0.092375
-0.092345
-0.092322
-0.092322
-0.092269
-0.092326
-0.092355
-0.092337
-0.092348
-0.092426
-0.092310
-0.092390
-0.092414
-0.092370
-0.092419
-0.092410
-0.092421
-0.092516
-0.092540
-0.092520
-0.092544
-0.092597
-0.092561
-0.092673
-0.092740
-0.092860
-0.092856
-0.092920
-0.093071
-0.093102
-0.093203
-0.093274
-0.093272
-0.093349
-0.093466
-0.093495
-0.093575
-0.093689
-0.093692
-0.093749
-0.093880
-0.093825
-0.093895
-0.093918
-0.093951
-0.094007
-0.094095
-0.094097
-0.094123
-0.094196
-0.094206
-0.094227
-0.094358
-0.094345
-0.094375
-0.094437
-0.094458
-0.094494
-0.094566
-0.094596
-0.094654
-0.094735
-0.094785
-0.094817
-0.094936
-0.094926
-0.095037
-0.095068
-0.095061
-0.095123
-0.095239
-0.095227
-0.095292
-0.095381
-0.095385
-0.095481
-0.095594
-0.095618
-0.095714
-0.095808
-0.095827
-0.096003
-0.096068
-0.096130
-0.096196
-0.096358
-0.096365
-0.096476
-0.096530
-0.096612
-0.096652
-0.096683
-0.096711
-0.096805
-0.096790
-0.096809
-0.096883
-0.096930
-0.096892
-0.097034
-0.097003
-0.097087
-0.097138
-0.097163
-0.097151
-0.097264
-0.097267
-0.097332
-0.097371
-0.097487
-0.097440
-0.097559
-0.097584
-0.097606
-0.097659
-0.097671
-0.097736
-0.097850
-0.097864
-0.097867
-0.097891
-0.097921
-0.097900
-0.097933
-0.097893
-0.097950
-0.097922
-0.097854
-0.097853
-0.097840
-0.097765
-0.097719
-0.097674
-0.097625
-0.097591
-0.097485
-0.097414
-0.097411
-0.097266
-0.097165
-0.097150
-0.097044
-0.096981
-0.096913
-0.096900
-0.096827
-0.096842
-0.096803
-0.096782
-0.096836
-0.096800
-0.096827
-0.096903
-0.096891
-0.096868
-0.096887
-0.096932
-0.096940
-0.096968
-0.096993
-0.096963
-0.097034
-0.097020
-0.096990
-0.097009
-0.096963
-0.096953
-0.096911
-0.096874
-0.096831
-0.096795
-0.096767
-0.096735
-0.096724
-0.096679
-0.096624
-0.096645
-0.096636
-0.096591
-0.096555
-0.096508
-0.096564
-0.096510
-0.096478
-0.096452
-0.096464
-0.096422
-0.096421
-0.096407
-0.096452
-0.096453
-0.096440
-0.096435
-0.096449
-0.096395
-0.096379
-0.096392
-0.096398
-0.096355
-0.096411
-0.096367
-0.096466
-0.096445
-0.096460
-0.096466
-0.096546
-0.096546
-0.096631
-0.096613
-0.096694
-0.096669
-0.096719
-0.096735
-0.096806
-0.096836
-0.096869
-0.096946
-0.096995
-0.097001
-0.097049
-0.097046
-0.097071
-0.097113
-0.097171
-0.097173
-0.097248
-0.097233
-0.097212
-0.097256
-0.097258
-0.097212
-0.097181
-0.097182
-0.097173
-0.097162
-0.097131
-0.097120
-0.097108
-0.097113
-0.097064
-0.097053
-0.097018
-0.096995
-0.096960
-0.096989
-0.096939
-0.096945
-0.096903
-0.096878
-0.096864
-0.096832
-0.096806
-0.096839
-0.096803
-0.096744
-0.096735
-0.096743
-0.096711
-0.096717
-0.096668
-0.096626
-0.096648
-0.096615
-0.096558
-0.096503
-0.096429
-0.096360
-0.096294
-0.096212
-0.096152
-0.096106
-0.096068
-0.096005
-0.095970
-0.095914
-0.095858
-0.095866
-0.095845
-0.095802
-0.095729
-0.095684
-0.095654
-0.095566
-0.095493
-0.095420
-0.095386
-0.095296
-0.095220
-0.095178
-0.095160
-0.095140
-0.095097
-0.095064
-0.095078
-0.095011
-0.094983
-0.094975
-0.094961
-0.094913
-0.094908
-0.094869
-0.094930
-0.094859
-0.094821
-0.094796
-0.094818
-0.094733
-0.094738
-0.094715
-0.094698
-0.094624
-0.094603
-0.094565
-0.094621
-0.094567
-0.094557
-0.094584
-0.094630
-0.094676
-0.094703
-0.094768
-0.094842
-0.094867
-0.094974
-0.095005
