-434.050873
-438.230255
-446.511292
-463.500793
-466.525269
-451.698395
-473.681274
-490.067932
-481.162323
-494.390320
-517.693787
-499.688568
-496.877930
-523.279541
-514.409180
-536.696960
-540.941101
-547.449463
-545.962463
-566.426453
-567.346802
-580.801147
-579.073547
-600.228638
-597.799011
-632.002502
-618.731506
-643.374878
-635.100647
-646.612305
-697.093750
-688.530029
-703.487061
-725.099731
-725.033508
-740.564331
-783.706970
-797.714172
-769.111023
-838.159973
-825.331055
-867.693787
-876.425354
-874.579102
-948.271973
-958.296082
-961.397766
-979.982666
-1082.469116
-1121.456299
-1146.603027
-1182.238037
-1191.906860
-1334.872437
-1302.953979
-1343.072632
-1413.011719
-1613.239380
-1649.255737
-1739.887329
-1759.483643
-1813.189453
-1858.139038
-1891.299194
-1892.479858
-1935.611572
-1937.468628
-1960.074219
-1981.367676
-1990.642212
-2001.476440
-2007.482544
-2015.813232
-2021.963013
-2030.885620
-2034.122437
-2036.436768
-2038.736450
-2038.700684
-2044.295654
-2045.877319
-2045.375977
-2046.682251
-2047.719727
-2047.639404
-2048.000000
-2048.000000
-2048.000000
-2048.000000
-2048.000000
-2048.000000
-2048.000000
-2048.000000
-2048.000000
-2048.000000
-2048.000000
-2048.000000
-2048.000000
-2048.000000
-2048.000000
