0.097166
0.098551
0.096701
0.098696
0.096472
0.097390
0.093551
0.099399
0.098374
0.101368
0.101237
0.098826
0.097876
0.098861
0.101757
0.095534
0.104511
0.095289
0.098774
0.097420
0.097072
0.100686
0.098238
0.098782
0.099491
0.102040
0.100825
0.096944
0.100220
0.099379
0.100236
0.103683
0.104708
0.104613
0.099743
0.103725
0.101988
0.103598
0.099932
0.100713
0.099466
0.101611
0.103452
0.104227
0.102774
0.107294
0.106423
0.100355
0.103099
0.107399
0.107053
0.106862
0.103264
0.106311
0.103200
0.106860
0.105779
0.107509
0.108015
0.109079
0.110054
0.108653
0.110191
0.112405
0.108706
0.113586
0.107381
0.110253
0.112049
0.115205
0.112646
0.107511
0.112647
0.113829
0.117883
0.117637
0.115795
0.120262
0.116826
0.115663
0.118268
0.117960
0.115793
0.115241
0.119152
0.125397
0.120085
0.121630
0.124029
0.121731
0.124089
0.123823
0.117708
0.123288
0.127817
0.121825
0.128572
0.123230
0.125413
0.130468
0.126239
0.128022
0.127699
0.126724
0.129992
0.130218
0.129751
0.132360
0.134532
0.136178
0.131701
0.135430
0.136418
0.137659
0.140758
0.139273
0.140987
0.138859
0.139136
0.148499
0.142886
0.147043
0.153749
0.149453
0.151921
0.153662
0.152312
0.153232
0.162940
0.166204
0.156362
0.165271
0.157969
0.168093
0.168421
0.165927
0.172987
0.173945
0.178746
0.180725
0.181291
0.182426
0.175798
0.183350
0.179345
0.176045
0.176656
0.177251
0.177601
0.181638
0.175590
0.177353
0.176813
0.175899
0.170452
0.172846
0.166415
0.169918
0.159970
0.162285
0.150313
0.151180
0.146861
0.144312
0.138167
0.139537
0.145015
0.131907
0.134781
0.129038
0.124127
0.121254
0.131132
0.119666
0.116042
0.115697
0.113113
0.112802
0.115605
0.105857
0.108530
0.103195
0.097941
0.091456
0.091411
0.083288
0.080944
0.078961
0.076648
0.074410
0.069131
0.066752
0.062979
0.058202
0.056349
0.052735
0.051843
0.048663
0.046366
0.046338
0.041391
0.039747
0.038523
0.035719
0.032890
0.030800
0.031031
0.027532
0.025056
0.023216
0.021590
0.021725
0.019430
0.019020
0.018183
0.015768
0.013560
0.012243
0.011699
0.010319
0.009546
0.009377
0.007384
0.006564
0.006305
0.004475
0.004679
0.004578
0.003535
0.002201
0.002602
0.001707
0.000987
0.000987
0.000008
0.000008
0.000008
0.000008
0.000008
0.000008
0.000008
0.000008
0.000008
0.000008
0.000008
0.000008
0.000008
0.000008
0.000008
0.000008
0.000008
0.000008
0.000008
0.000008
0.000008
0.000008
0.000008
0.000008
0.000008
0.000008
